,지번주소,위도,경도
0,서울특별시 종로구 평창동 588-0,37.6115364,126.9795832
1,서울특별시 종로구 평창동 589-0,37.6116513,126.9797908
2,서울특별시 종로구 평창동 590-0,37.6041824,126.9632997
3,서울특별시 종로구 평창동 591-0,37.6061161,126.9665729
4,서울특별시 종로구 평창동 592-0,37.6039621,126.9665977
5,서울특별시 종로구 평창동 593-0,37.6032869,126.9663057
6,서울특별시 종로구 평창동 594-1,37.6085249,126.9661107
7,서울특별시 종로구 평창동 594-2,37.6084913,126.9659889
8,서울특별시 종로구 평창동 596-2,37.6111838,126.9787724
9,서울특별시 종로구 평창동 596-5,37.6108563,126.9789523
10,서울특별시 종로구 평창동 596-6,37.6105280,126.9785567
11,서울특별시 종로구 평창동 1-0,37.6022859,126.9655019
12,서울특별시 종로구 평창동 1-1,37.6152081,126.9786358
13,서울특별시 종로구 평창동 5-0,37.6091975,126.9788697
14,서울특별시 종로구 평창동 6-1,37.6223778,126.9743367
15,서울특별시 종로구 평창동 6-2,37.6061228,126.9789155
16,서울특별시 종로구 평창동 6-6,37.6083061,126.9712832
17,서울특별시 종로구 평창동 6-15,37.6032862,126.9836451
18,서울특별시 종로구 평창동 6-16,37.6030245,126.9831523
19,서울특별시 종로구 평창동 6-17,37.6015429,126.9800414
20,서울특별시 종로구 평창동 6-18,37.6016733,126.9806310
21,서울특별시 종로구 평창동 6-19,37.6011484,126.9791621
22,서울특별시 종로구 평창동 6-20,37.6009984,126.9781839
23,서울특별시 종로구 평창동 6-21,37.5999962,126.9764458
24,서울특별시 종로구 평창동 6-46,37.6010788,126.9791776
25,서울특별시 종로구 평창동 6-47,37.6011650,126.9790010
26,서울특별시 종로구 평창동 6-48,37.6013881,126.9778930
27,서울특별시 종로구 평창동 6-49,37.6009747,126.9782999
28,서울특별시 종로구 평창동 6-50,37.6008586,126.9765708
29,서울특별시 종로구 평창동 6-51,37.6009154,126.9764978
30,서울특별시 종로구 평창동 6-52,37.6010138,126.9758974
31,서울특별시 종로구 평창동 6-53,37.6007223,126.9758055
32,서울특별시 종로구 평창동 6-54,37.6004293,126.9758657
33,서울특별시 종로구 평창동 6-55,37.6002830,126.9757443
34,서울특별시 종로구 평창동 6-56,37.6001439,126.9755928
35,서울특별시 종로구 평창동 6-57,37.5999189,126.9757381
36,서울특별시 종로구 평창동 6-58,37.5997120,126.9758187
37,서울특별시 종로구 평창동 6-59,37.5999506,126.9741463
38,서울특별시 종로구 평창동 6-60,37.5997327,126.9748288
39,서울특별시 종로구 평창동 6-61,37.6001276,126.9739839
40,서울특별시 종로구 평창동 6-62,37.6001833,126.9729123
41,서울특별시 종로구 평창동 6-63,37.6001357,126.9729468
42,서울특별시 종로구 평창동 6-64,37.6000415,126.9727196
43,서울특별시 종로구 평창동 6-65,37.6000981,126.9757393
44,서울특별시 종로구 평창동 6-66,37.6001038,126.9756487
45,서울특별시 종로구 평창동 6-67,37.5995984,126.9750538
46,서울특별시 종로구 평창동 6-68,37.6000611,126.9738920
47,서울특별시 종로구 평창동 6-69,37.6000169,126.9728076
48,서울특별시 종로구 평창동 6-70,37.6009333,126.9759529
49,서울특별시 종로구 평창동 6-71,37.6013001,126.9778394
50,서울특별시 종로구 평창동 6-72,37.6009649,126.9775138
51,서울특별시 종로구 평창동 6-73,37.6009375,126.9766143
52,서울특별시 종로구 평창동 6-74,37.6004497,126.9757483
53,서울특별시 종로구 평창동 6-75,37.5997515,126.9757236
54,서울특별시 종로구 평창동 6-76,37.6001966,126.9728620
55,서울특별시 종로구 평창동 6-77,37.6011101,126.9781870
56,서울특별시 종로구 평창동 6-78,37.6052166,126.9860910
57,서울특별시 종로구 평창동 6-79,37.6049330,126.9830370
58,서울특별시 종로구 평창동 6-80,37.6005526,126.9770910
59,서울특별시 종로구 평창동 6-81,37.6021513,126.9821335
60,서울특별시 종로구 평창동 6-86,37.6067315,126.9849820
61,서울특별시 종로구 평창동 6-87,37.6056311,126.9853569
62,서울특별시 종로구 평창동 6-88,37.6043710,126.9845891
63,서울특별시 종로구 평창동 6-89,37.6048529,126.9840018
64,서울특별시 종로구 평창동 6-90,37.6051500,126.9833363
65,서울특별시 종로구 평창동 6-91,37.6035411,126.9824586
66,서울특별시 종로구 평창동 6-92,37.6018055,126.9804267
67,서울특별시 종로구 평창동 6-93,37.6015466,126.9799892
68,서울특별시 종로구 평창동 6-94,37.6009391,126.9768010
69,서울특별시 종로구 평창동 6-95,37.6007424,126.9772736
70,서울특별시 종로구 평창동 6-96,37.5999602,126.9744427
71,서울특별시 종로구 평창동 6-117,37.6012095,126.9776363
72,서울특별시 종로구 평창동 6-118,37.5999807,126.9757983
73,서울특별시 종로구 평창동 6-119,37.6001084,126.9729453
74,서울특별시 종로구 평창동 6-120,37.6010809,126.9790293
75,서울특별시 종로구 평창동 6-142,37.6164604,126.9815795
76,서울특별시 종로구 평창동 6-150,,
77,서울특별시 종로구 평창동 6-156,37.6140290,126.9856991
78,서울특별시 종로구 평창동 6-157,37.6128059,126.9851660
79,서울특별시 종로구 평창동 6-158,37.6144064,126.9847166
80,서울특별시 종로구 평창동 6-159,37.6133695,126.9828501
81,서울특별시 종로구 평창동 6-161,37.6138739,126.9846831
82,서울특별시 종로구 평창동 6-163,37.6081742,126.9772341
83,서울특별시 종로구 평창동 6-164,37.6079096,126.9766854
84,서울특별시 종로구 평창동 6-165,37.6086960,126.9787265
85,서울특별시 종로구 평창동 6-349,,
86,서울특별시 종로구 평창동 6-358,37.6169384,126.9736525
87,서울특별시 종로구 평창동 6-373,37.6103081,126.9762672
88,서울특별시 종로구 평창동 6-384,37.5999121,126.9735088
89,서울특별시 종로구 평창동 6-386,37.6164720,126.9706299
90,서울특별시 종로구 평창동 6-387,37.6162078,126.9692900
91,서울특별시 종로구 평창동 6-388,37.6158813,126.9680545
92,서울특별시 종로구 평창동 6-389,37.6161444,126.9661409
93,서울특별시 종로구 평창동 6-390,37.6150356,126.9649065
94,서울특별시 종로구 평창동 6-391,37.6182471,126.9763465
95,서울특별시 종로구 평창동 6-397,37.6177874,126.9759404
96,서울특별시 종로구 평창동 6-404,37.6166023,126.9719659
97,서울특별시 종로구 평창동 6-405,37.6168864,126.9731202
98,서울특별시 종로구 평창동 6-406,37.6177880,126.9747546
99,서울특별시 종로구 평창동 6-415,37.6094586,126.9832820
100,서울특별시 종로구 평창동 6-417,37.6086910,126.9738398
101,서울특별시 종로구 평창동 6-423,37.6089172,126.9776415
102,서울특별시 종로구 평창동 6-435,37.6135237,126.9845565
103,서울특별시 종로구 평창동 6-436,37.6130889,126.9856137
104,서울특별시 종로구 평창동 6-437,37.6122405,126.9794957
105,서울특별시 종로구 평창동 6-439,37.6101116,126.9786563
106,서울특별시 종로구 평창동 6-440,37.6079436,126.9712267
107,서울특별시 종로구 평창동 6-453,37.6133867,126.9839208
108,서울특별시 종로구 평창동 6-454,37.6150927,126.9851817
109,서울특별시 종로구 평창동 6-455,37.6148066,126.9856681
110,서울특별시 종로구 평창동 8-0,37.6082845,126.9790225
111,서울특별시 종로구 평창동 9-0,37.6025979,126.9758881
112,서울특별시 종로구 평창동 10-0,37.6003071,126.9746661
113,서울특별시 종로구 평창동 11-0,37.6011546,126.9739195
114,서울특별시 종로구 평창동 12-0,37.6010128,126.9726075
115,서울특별시 종로구 평창동 12-2,37.6065524,126.9719272
116,서울특별시 종로구 평창동 13-0,37.6014003,126.9735396
117,서울특별시 종로구 평창동 14-0,37.6017775,126.9734625
118,서울특별시 종로구 평창동 14-2,37.6069120,126.9730176
119,서울특별시 종로구 평창동 15-0,37.6019354,126.9730061
120,서울특별시 종로구 평창동 15-1,37.6073894,126.9743859
121,서울특별시 종로구 평창동 20-0,37.6053211,126.9745232
122,서울특별시 종로구 평창동 22-0,37.6048036,126.9753328
123,서울특별시 종로구 부암동 1-1,37.5980286,126.9745025
124,서울특별시 종로구 부암동 2-2,37.5980777,126.9741473
125,서울특별시 종로구 부암동 2-5,37.5982508,126.9738436
126,서울특별시 종로구 부암동 2-6,37.5983683,126.9736187
127,서울특별시 종로구 부암동 2-10,37.5980597,126.9741246
128,서울특별시 종로구 부암동 2-18,37.5978850,126.9740397
129,서울특별시 종로구 부암동 2-20,37.5979026,126.9741103
130,서울특별시 종로구 부암동 3-1,37.5978572,126.9747362
131,서울특별시 종로구 부암동 3-2,37.5976749,126.9743875
132,서울특별시 종로구 부암동 3-4,37.5977967,126.9742952
133,서울특별시 종로구 부암동 3-6,37.5978020,126.9743393
134,서울특별시 종로구 부암동 3-7,37.5974655,126.9746591
135,서울특별시 종로구 부암동 3-8,37.5976524,126.9746986
136,서울특별시 종로구 부암동 3-9,37.5975651,126.9746000
137,서울특별시 종로구 부암동 3-11,37.5976690,126.9743229
138,서울특별시 종로구 부암동 3-13,37.5976650,126.9743741
139,서울특별시 종로구 부암동 4-2,37.5975456,126.9743813
140,서울특별시 종로구 부암동 4-4,37.5969519,126.9731254
141,서울특별시 종로구 부암동 4-7,37.5969953,126.9734651
142,서울특별시 종로구 부암동 4-8,37.5972685,126.9737348
143,서울특별시 종로구 부암동 4-12,37.5964226,126.9730523
144,서울특별시 종로구 부암동 4-13,37.5965393,126.9730272
145,서울특별시 종로구 부암동 4-14,37.5975442,126.9742405
146,서울특별시 종로구 부암동 4-16,37.5975418,126.9743592
147,서울특별시 종로구 부암동 4-17,37.5972581,126.9739972
148,서울특별시 종로구 부암동 4-19,37.5972923,126.9735535
149,서울특별시 종로구 부암동 4-22,37.5974219,126.9742552
150,서울특별시 종로구 부암동 4-26,37.5975052,126.9742146
151,서울특별시 종로구 부암동 4-27,37.5975000,126.9743378
152,서울특별시 종로구 부암동 8-2,37.5988461,126.9734948
153,서울특별시 종로구 부암동 8-6,37.5988696,126.9733860
154,서울특별시 종로구 부암동 8-7,37.5985879,126.9734502
155,서울특별시 종로구 부암동 8-8,37.5990905,126.9730796
156,서울특별시 종로구 부암동 8-12,37.5988792,126.9734292
157,서울특별시 종로구 부암동 8-14,37.5983282,126.9719520
158,서울특별시 종로구 부암동 10-2,37.5975566,126.9726861
159,서울특별시 종로구 부암동 10-3,37.5973140,126.9734320
160,서울특별시 종로구 부암동 10-4,37.5975762,126.9741981
161,서울특별시 종로구 부암동 10-5,37.5969213,126.9730655
162,서울특별시 종로구 부암동 10-6,37.5967445,126.9730959
163,서울특별시 종로구 부암동 11-1,37.5973240,126.9735057
164,서울특별시 종로구 부암동 11-2,37.5972501,126.9730716
165,서울특별시 종로구 부암동 11-3,37.5972024,126.9733287
166,서울특별시 종로구 부암동 11-4,37.5971126,126.9733436
167,서울특별시 종로구 부암동 11-5,37.5972130,126.9730863
168,서울특별시 종로구 부암동 11-6,37.5972668,126.9733861
169,서울특별시 종로구 부암동 12-1,37.5970083,126.9728947
170,서울특별시 종로구 부암동 12-2,37.5970226,126.9730284
171,서울특별시 종로구 부암동 12-3,37.5968302,126.9731098
172,서울특별시 종로구 부암동 12-4,37.5968414,126.9730803
173,서울특별시 종로구 부암동 12-5,37.5970444,126.9730346
174,서울특별시 종로구 부암동 13-1,37.5969602,126.9725429
175,서울특별시 종로구 부암동 13-2,37.5966270,126.9728793
176,서울특별시 종로구 부암동 14-1,37.5967945,126.9731500
177,서울특별시 종로구 부암동 16-3,37.5963040,126.9728828
178,서울특별시 종로구 부암동 16-6,37.5964113,126.9729780
179,서울특별시 종로구 부암동 16-7,37.5963286,126.9727614
180,서울특별시 종로구 부암동 16-10,37.5963762,126.9729653
181,서울특별시 종로구 부암동 16-12,37.5963134,126.9727656
182,서울특별시 종로구 부암동 16-15,37.5963132,126.9727188
183,서울특별시 종로구 부암동 16-16,37.5962159,126.9725880
184,서울특별시 종로구 부암동 22-0,37.5953682,126.9702167
185,서울특별시 종로구 부암동 22-1,37.5952118,126.9699424
186,서울특별시 종로구 부암동 22-2,37.5879383,126.9616697
187,서울특별시 종로구 부암동 23-2,37.5950714,126.9698467
188,서울특별시 종로구 부암동 23-11,37.5950538,126.9699362
189,서울특별시 종로구 부암동 23-12,37.5951677,126.9699511
190,서울특별시 종로구 부암동 23-15,37.5950457,126.9698588
191,서울특별시 종로구 부암동 23-17,37.5951081,126.9698636
192,서울특별시 종로구 부암동 24-2,37.5951789,126.9698254
193,서울특별시 종로구 부암동 24-4,37.5952569,126.9699176
194,서울특별시 종로구 부암동 24-5,37.5952182,126.9698658
195,서울특별시 종로구 부암동 24-6,37.5952116,126.9698521
196,서울특별시 종로구 부암동 26-3,37.5950875,126.9689239
197,서울특별시 종로구 부암동 27-4,37.5949992,126.9693706
198,서울특별시 종로구 부암동 27-8,37.5942560,126.9677483
199,서울특별시 종로구 부암동 29-2,37.5946334,126.9695149
200,서울특별시 종로구 부암동 29-13,37.5943320,126.9690175
201,서울특별시 종로구 부암동 29-17,37.5945056,126.9694001
202,서울특별시 종로구 부암동 29-19,37.5944246,126.9692176
203,서울특별시 종로구 부암동 29-22,37.5942027,126.9688770
204,서울특별시 종로구 부암동 31-2,37.5941410,126.9685113
205,서울특별시 종로구 부암동 31-13,37.5940598,126.9685780
206,서울특별시 종로구 부암동 31-14,37.5940227,126.9683474
207,서울특별시 종로구 부암동 31-24,37.5941756,126.9682551
208,서울특별시 종로구 부암동 35-1,37.5952516,126.9688027
209,서울특별시 종로구 부암동 36-21,37.5944729,126.9680790
210,서울특별시 종로구 부암동 39-1,37.5948308,126.9673271
211,서울특별시 종로구 부암동 39-2,37.5944764,126.9668364
212,서울특별시 종로구 부암동 39-3,37.5946030,126.9669943
213,서울특별시 종로구 부암동 39-4,37.5946891,126.9671386
214,서울특별시 종로구 부암동 40-1,37.5945938,126.9675469
215,서울특별시 종로구 부암동 40-6,37.5947167,126.9675160
216,서울특별시 종로구 부암동 40-12,37.5945434,126.9674229
217,서울특별시 종로구 부암동 41-1,37.5943669,126.9680464
218,서울특별시 종로구 부암동 43-5,37.5943197,126.9671112
219,서울특별시 종로구 부암동 43-7,37.5943459,126.9679909
220,서울특별시 종로구 부암동 43-9,37.5942836,126.9675702
221,서울특별시 종로구 부암동 43-11,37.5943644,126.9679633
222,서울특별시 종로구 부암동 45-2,37.5939608,126.9674743
223,서울특별시 종로구 부암동 45-3,37.5938778,126.9674148
224,서울특별시 종로구 부암동 45-4,37.5940579,126.9677584
225,서울특별시 종로구 부암동 45-5,37.5939870,126.9672910
226,서울특별시 종로구 부암동 45-6,37.5940025,126.9675576
227,서울특별시 종로구 부암동 45-7,37.5940442,126.9678501
228,서울특별시 종로구 부암동 45-8,37.5937998,126.9674059
229,서울특별시 종로구 부암동 46-2,37.5940464,126.9680879
230,서울특별시 종로구 부암동 46-3,37.5936390,126.9679897
231,서울특별시 종로구 부암동 46-4,37.5937901,126.9678294
232,서울특별시 종로구 부암동 46-5,37.5939014,126.9677831
233,서울특별시 종로구 부암동 46-6,37.5937119,126.9678017
234,서울특별시 종로구 부암동 46-9,37.5939381,126.9678984
235,서울특별시 종로구 부암동 46-12,37.5933757,126.9675644
236,서울특별시 종로구 부암동 46-13,37.5941029,126.9681146
237,서울특별시 종로구 부암동 46-15,37.5941768,126.9682233
238,서울특별시 종로구 부암동 47-3,37.5934777,126.9673696
239,서울특별시 종로구 부암동 48-2,37.5935284,126.9661219
240,서울특별시 종로구 부암동 48-5,37.5932548,126.9670707
241,서울특별시 종로구 부암동 48-21,37.5934225,126.9672988
242,서울특별시 종로구 부암동 48-27,37.5931652,126.9667699
243,서울특별시 종로구 부암동 48-28,37.5933314,126.9672960
244,서울특별시 종로구 부암동 48-32,37.5931197,126.9668039
245,서울특별시 종로구 부암동 48-34,37.5933708,126.9671357
246,서울특별시 종로구 부암동 49-1,37.5994831,126.9728889
247,서울특별시 종로구 부암동 49-3,37.5995434,126.9727843
248,서울특별시 종로구 부암동 49-4,37.5993407,126.9729231
249,서울특별시 종로구 부암동 49-5,37.5994392,126.9728772
250,서울특별시 종로구 부암동 49-6,37.5994868,126.9729651
251,서울특별시 종로구 부암동 49-8,37.5994782,126.9729861
252,서울특별시 종로구 부암동 49-9,37.5992007,126.9729321
253,서울특별시 종로구 부암동 49-10,37.5995847,126.9728634
254,서울특별시 종로구 부암동 49-11,37.5992903,126.9730202
255,서울특별시 종로구 부암동 49-12,37.5992143,126.9729833
256,서울특별시 종로구 부암동 49-13,37.5991151,126.9729025
257,서울특별시 종로구 부암동 51-4,37.5980607,126.9715571
258,서울특별시 종로구 부암동 55-1,37.5991066,126.9709194
259,서울특별시 종로구 부암동 57-1,37.5988295,126.9701977
260,서울특별시 종로구 부암동 63-1,37.5975233,126.9696553
261,서울특별시 종로구 부암동 65-1,37.5978675,126.9696750
262,서울특별시 종로구 부암동 65-2,37.5976753,126.9697471
263,서울특별시 종로구 부암동 65-3,37.5976504,126.9696613
264,서울특별시 종로구 부암동 65-4,37.5974245,126.9695647
265,서울특별시 종로구 부암동 66-15,37.5979845,126.9709187
266,서울특별시 종로구 부암동 68-0,37.5976829,126.9714947
267,서울특별시 종로구 부암동 68-1,37.5978068,126.9717975
268,서울특별시 종로구 부암동 70-1,37.5977762,126.9719975
269,서울특별시 종로구 부암동 72-1,37.5975689,126.9723067
270,서울특별시 종로구 부암동 76-2,37.5964569,126.9720889
271,서울특별시 종로구 부암동 76-10,37.5964407,126.9723910
272,서울특별시 종로구 부암동 76-11,37.5964806,126.9713346
273,서울특별시 종로구 부암동 76-16,37.5963549,126.9724314
274,서울특별시 종로구 부암동 76-17,37.5963207,126.9726562
275,서울특별시 종로구 부암동 76-19,37.5964400,126.9712301
276,서울특별시 종로구 부암동 76-23,37.5965103,126.9715406
277,서울특별시 종로구 부암동 78-1,37.5958672,126.9712841
278,서울특별시 종로구 부암동 78-2,37.5955872,126.9706290
279,서울특별시 종로구 부암동 81-2,37.5955468,126.9697196
280,서울특별시 종로구 부암동 81-5,37.5965458,126.9710377
281,서울특별시 종로구 부암동 81-16,37.5965929,126.9709224
282,서울특별시 종로구 부암동 81-22,37.5955310,126.9697093
283,서울특별시 종로구 부암동 82-17,37.5969574,126.9705447
284,서울특별시 종로구 부암동 82-20,37.5962903,126.9695545
285,서울특별시 종로구 부암동 82-21,37.5967840,126.9709709
286,서울특별시 종로구 부암동 82-22,37.5972886,126.9699596
287,서울특별시 종로구 부암동 82-24,37.5973330,126.9706584
288,서울특별시 종로구 부암동 82-30,37.5963442,126.9696449
289,서울특별시 종로구 부암동 83-1,37.5966204,126.9696169
290,서울특별시 종로구 부암동 84-1,37.5965193,126.9695482
291,서울특별시 종로구 부암동 85-2,37.5968638,126.9692384
292,서울특별시 종로구 부암동 85-5,37.5964365,126.9695280
293,서울특별시 종로구 부암동 85-6,37.5963123,126.9695168
294,서울특별시 종로구 부암동 86-1,37.5977515,126.9695604
295,서울특별시 종로구 부암동 86-3,37.5978362,126.9693774
296,서울특별시 종로구 부암동 86-4,37.5976575,126.9692466
297,서울특별시 종로구 부암동 87-1,37.5992604,126.9694262
298,서울특별시 종로구 부암동 89-0,37.5989787,126.9669827
299,서울특별시 종로구 부암동 90-1,37.5984614,126.9668329
300,서울특별시 종로구 부암동 91-1,37.5987364,126.9680466
301,서울특별시 종로구 부암동 91-12,37.5984090,126.9675179
302,서울특별시 종로구 부암동 92-4,37.5969320,126.9682550
303,서울특별시 종로구 부암동 95-57,37.5972688,126.9665665
304,서울특별시 종로구 부암동 95-59,37.5965863,126.9681552
305,서울특별시 종로구 부암동 96-2,37.5958253,126.9670283
306,서울특별시 종로구 부암동 97-2,37.5960459,126.9674665
307,서울특별시 종로구 부암동 97-4,37.5958012,126.9675866
308,서울특별시 종로구 부암동 98-3,37.5957801,126.9680890
309,서울특별시 종로구 부암동 100-1,37.5967292,126.9687359
310,서울특별시 종로구 부암동 100-2,37.5956644,126.9692213
311,서울특별시 종로구 부암동 100-3,37.5958782,126.9690136
312,서울특별시 종로구 부암동 100-7,37.5965260,126.9686765
313,서울특별시 종로구 부암동 103-3,37.5998379,126.9726025
314,서울특별시 종로구 부암동 103-7,37.5999398,126.9726667
315,서울특별시 종로구 부암동 103-8,37.6000293,126.9725693
316,서울특별시 종로구 부암동 103-9,37.5997570,126.9727148
317,서울특별시 종로구 부암동 104-2,37.5996834,126.9726709
318,서울특별시 종로구 부암동 104-4,37.5996691,126.9727460
319,서울특별시 종로구 부암동 104-5,37.5990700,126.9713243
320,서울특별시 종로구 부암동 107-1,37.5991905,126.9704989
321,서울특별시 종로구 부암동 109-1,37.5998936,126.9701877
322,서울특별시 종로구 부암동 109-2,37.6001222,126.9695641
323,서울특별시 종로구 부암동 109-3,37.5995771,126.9692600
324,서울특별시 종로구 부암동 109-5,37.5996522,126.9686498
325,서울특별시 종로구 부암동 109-6,37.5991326,126.9695843
326,서울특별시 종로구 부암동 111-0,37.6012072,126.9669673
327,서울특별시 종로구 부암동 112-0,37.6001488,126.9669933
328,서울특별시 종로구 부암동 112-1,37.6000504,126.9669014
329,서울특별시 종로구 부암동 113-0,37.5998801,126.9677936
330,서울특별시 종로구 부암동 113-1,37.5997964,126.9678639
331,서울특별시 종로구 부암동 114-0,37.5994850,126.9668697
332,서울특별시 종로구 부암동 114-1,37.5992558,126.9669554
333,서울특별시 종로구 부암동 114-2,37.5996422,126.9664971
334,서울특별시 종로구 부암동 119-2,37.6006691,126.9658307
335,서울특별시 종로구 부암동 120-0,37.6011076,126.9651455
336,서울특별시 종로구 부암동 120-1,37.6010128,126.9653938
337,서울특별시 종로구 부암동 121-0,37.6001607,126.9663298
338,서울특별시 종로구 부암동 122-1,37.5994840,126.9659960
339,서울특별시 종로구 부암동 122-2,37.5990121,126.9664806
340,서울특별시 종로구 부암동 122-3,37.5986242,126.9660593
341,서울특별시 종로구 부암동 123-14,37.5975158,126.9664498
342,서울특별시 종로구 부암동 129-1,37.5981702,126.9654031
343,서울특별시 종로구 부암동 129-4,37.5976382,126.9633992
344,서울특별시 종로구 부암동 129-22,37.5979159,126.9645531
345,서울특별시 종로구 부암동 129-24,37.5976081,126.9648088
346,서울특별시 종로구 부암동 129-28,37.5975757,126.9652859
347,서울특별시 종로구 부암동 129-45,37.5977896,126.9633710
348,서울특별시 종로구 부암동 129-46,37.5978735,126.9627571
349,서울특별시 종로구 부암동 129-47,37.5975889,126.9633334
350,서울특별시 종로구 부암동 129-49,37.5977649,126.9646735
351,서울특별시 종로구 부암동 129-50,37.5979217,126.9645052
352,서울특별시 종로구 부암동 131-4,37.5982314,126.9627654
353,서울특별시 종로구 부암동 131-9,37.5989510,126.9633387
354,서울특별시 종로구 부암동 134-2,37.5980719,126.9623612
355,서울특별시 종로구 부암동 134-4,37.5979255,126.9627613
356,서울특별시 종로구 부암동 134-6,37.5983979,126.9620141
357,서울특별시 종로구 부암동 134-7,37.5985898,126.9629003
358,서울특별시 종로구 부암동 134-8,37.5976169,126.9633689
359,서울특별시 종로구 부암동 134-9,37.5972404,126.9635819
360,서울특별시 종로구 부암동 134-10,37.5970753,126.9632757
361,서울특별시 종로구 부암동 140-1,37.5974275,126.9633395
362,서울특별시 종로구 부암동 141-3,37.5973473,126.9634118
363,서울특별시 종로구 부암동 145-2,37.5968000,126.9637472
364,서울특별시 종로구 부암동 148-1,37.5972940,126.9649911
365,서울특별시 종로구 부암동 148-44,37.5970396,126.9644870
366,서울특별시 종로구 부암동 148-50,37.5966650,126.9635838
367,서울특별시 종로구 부암동 152-1,37.5967463,126.9667047
368,서울특별시 종로구 부암동 152-3,37.5971178,126.9665425
369,서울특별시 종로구 부암동 153-2,37.5961640,126.9666430
370,서울특별시 종로구 부암동 153-6,37.5963465,126.9662501
371,서울특별시 종로구 부암동 153-7,37.5962152,126.9651788
372,서울특별시 종로구 부암동 153-8,37.5959693,126.9662879
373,서울특별시 종로구 부암동 153-9,37.5957342,126.9663146
374,서울특별시 종로구 부암동 153-10,37.5955830,126.9663888
375,서울특별시 종로구 부암동 153-11,37.5958058,126.9658543
376,서울특별시 종로구 부암동 153-12,37.5961505,126.9657488
377,서울특별시 종로구 부암동 153-13,37.5964113,126.9664073
378,서울특별시 종로구 부암동 154-14,37.5967123,126.9647001
379,서울특별시 종로구 부암동 160-1,37.5960509,126.9639800
380,서울특별시 종로구 부암동 161-1,37.5955848,126.9638263
381,서울특별시 종로구 부암동 161-2,37.5955771,126.9638017
382,서울특별시 종로구 부암동 162-3,37.5958824,126.9637529
383,서울특별시 종로구 부암동 162-4,37.5955500,126.9636664
384,서울특별시 종로구 부암동 162-30,37.5953482,126.9635422
385,서울특별시 종로구 부암동 175-4,37.5981480,126.9627052
386,서울특별시 종로구 부암동 179-3,37.5984700,126.9620364
387,서울특별시 종로구 부암동 179-27,37.5990848,126.9626228
388,서울특별시 종로구 부암동 179-29,37.5988306,126.9628984
389,서울특별시 종로구 부암동 179-30,37.5989061,126.9629022
390,서울특별시 종로구 부암동 180-2,37.5984986,126.9621160
391,서울특별시 종로구 부암동 180-3,37.5985533,126.9620724
392,서울특별시 종로구 부암동 182-25,37.5991632,126.9608636
393,서울특별시 종로구 부암동 182-26,37.5991066,126.9607924
394,서울특별시 종로구 부암동 182-28,37.5988203,126.9613388
395,서울특별시 종로구 부암동 182-32,37.5988476,126.9613257
396,서울특별시 종로구 부암동 182-37,37.5989036,126.9614573
397,서울특별시 종로구 부암동 183-3,37.5986076,126.9612582
398,서울특별시 종로구 부암동 184-1,37.5983306,126.9616331
399,서울특별시 종로구 부암동 185-43,37.5979342,126.9622294
400,서울특별시 종로구 부암동 185-48,37.5973677,126.9620440
401,서울특별시 종로구 부암동 187-4,37.5976259,126.9625308
402,서울특별시 종로구 부암동 191-22,37.5969261,126.9617002
403,서울특별시 종로구 부암동 191-23,37.5968363,126.9615791
404,서울특별시 종로구 부암동 191-26,37.5967041,126.9614437
405,서울특별시 종로구 부암동 200-1,37.5956605,126.9620927
406,서울특별시 종로구 부암동 202-1,37.5949664,126.9635790
407,서울특별시 종로구 부암동 202-7,37.5943604,126.9633656
408,서울특별시 종로구 부암동 202-8,37.5950576,126.9634530
409,서울특별시 종로구 부암동 202-9,37.5947652,126.9634371
410,서울특별시 종로구 부암동 202-10,37.5951300,126.9629411
411,서울특별시 종로구 부암동 202-11,37.5950036,126.9628900
412,서울특별시 종로구 부암동 202-12,37.5952761,126.9631179
413,서울특별시 종로구 부암동 202-13,37.5953485,126.9632254
414,서울특별시 종로구 부암동 202-14,37.5951608,126.9634084
415,서울특별시 종로구 부암동 202-15,37.5951361,126.9633955
416,서울특별시 종로구 부암동 203-6,37.5953047,126.9634962
417,서울특별시 종로구 부암동 207-2,37.5952433,126.9636887
418,서울특별시 종로구 부암동 208-4,37.5952895,126.9640045
419,서울특별시 종로구 부암동 208-17,37.5958281,126.9643594
420,서울특별시 종로구 부암동 208-45,37.5957022,126.9655255
421,서울특별시 종로구 부암동 208-47,37.5954379,126.9659639
422,서울특별시 종로구 부암동 208-53,37.5956169,126.9643294
423,서울특별시 종로구 부암동 208-58,37.5956838,126.9650990
424,서울특별시 종로구 부암동 208-59,37.5958031,126.9650163
425,서울특별시 종로구 부암동 208-60,37.5958750,126.9645922
426,서울특별시 종로구 부암동 208-66,37.5957461,126.9647841
427,서울특별시 종로구 부암동 208-67,37.5957696,126.9649058
428,서울특별시 종로구 부암동 208-68,37.5957767,126.9653825
429,서울특별시 종로구 부암동 208-77,37.5956470,126.9651604
430,서울특별시 종로구 부암동 208-80,37.5955500,126.9639084
431,서울특별시 종로구 부암동 208-83,37.5951815,126.9638213
432,서울특별시 종로구 부암동 208-86,37.5948780,126.9639840
433,서울특별시 종로구 부암동 208-88,37.5951991,126.9654343
434,서울특별시 종로구 부암동 208-93,37.5955721,126.9656584
435,서울특별시 종로구 부암동 208-94,37.5954930,126.9656918
436,서울특별시 종로구 부암동 208-95,37.5958870,126.9641434
437,서울특별시 종로구 부암동 208-96,37.5959082,126.9641012
438,서울특별시 종로구 부암동 208-97,37.5959434,126.9641550
439,서울특별시 종로구 부암동 210-1,37.5950506,126.9666605
440,서울특별시 종로구 부암동 210-4,37.5945609,126.9656793
441,서울특별시 종로구 부암동 210-25,37.5951089,126.9660876
442,서울특별시 종로구 부암동 210-26,37.5947782,126.9661416
443,서울특별시 종로구 부암동 210-28,37.5945368,126.9661285
444,서울특별시 종로구 부암동 210-40,37.5950640,126.9658057
445,서울특별시 종로구 부암동 210-42,37.5941679,126.9652666
446,서울특별시 종로구 부암동 210-47,37.5945935,126.9665966
447,서울특별시 종로구 부암동 210-49,37.5954299,126.9668913
448,서울특별시 종로구 부암동 211-3,37.5943178,126.9667220
449,서울특별시 종로구 부암동 211-4,37.5943221,126.9668128
450,서울특별시 종로구 부암동 217-5,37.5943928,126.9643741
451,서울특별시 종로구 부암동 222-0,37.5940712,126.9639370
452,서울특별시 종로구 부암동 237-4,37.5931488,126.9656548
453,서울특별시 종로구 부암동 237-54,37.5931029,126.9655904
454,서울특별시 종로구 부암동 238-1,37.5942372,126.9651035
455,서울특별시 종로구 부암동 239-1,37.5938745,126.9662689
456,서울특별시 종로구 부암동 239-10,37.5936832,126.9663960
457,서울특별시 종로구 부암동 239-24,37.5938753,126.9653826
458,서울특별시 종로구 부암동 239-26,37.5938252,126.9665641
459,서울특별시 종로구 부암동 239-27,37.5939372,126.9666844
460,서울특별시 종로구 부암동 239-28,37.5940043,126.9668924
461,서울특별시 종로구 부암동 240-2,37.5933627,126.9651975
462,서울특별시 종로구 부암동 240-6,37.5933533,126.9652177
463,서울특별시 종로구 부암동 243-1,37.5930239,126.9655629
464,서울특별시 종로구 부암동 244-3,37.5932114,126.9657034
465,서울특별시 종로구 부암동 244-11,37.5930720,126.9665362
466,서울특별시 종로구 부암동 244-13,37.5932119,126.9657992
467,서울특별시 종로구 부암동 244-15,37.5932303,126.9665000
468,서울특별시 종로구 부암동 244-16,37.5932979,126.9662621
469,서울특별시 종로구 부암동 244-23,37.5933319,126.9660705
470,서울특별시 종로구 부암동 244-26,37.5932063,126.9657341
471,서울특별시 종로구 부암동 244-27,37.5932319,126.9660728
472,서울특별시 종로구 부암동 248-0,37.5928177,126.9663061
473,서울특별시 종로구 부암동 249-3,37.5924721,126.9663403
474,서울특별시 종로구 부암동 249-4,37.5925545,126.9662373
475,서울특별시 종로구 부암동 250-2,37.5926061,126.9662104
476,서울특별시 종로구 부암동 251-3,37.5924215,126.9662077
477,서울특별시 종로구 부암동 251-13,37.5923709,126.9660818
478,서울특별시 종로구 부암동 251-26,37.5922873,126.9661512
479,서울특별시 종로구 부암동 251-27,37.5919053,126.9660293
480,서울특별시 종로구 부암동 251-33,37.5919652,126.9660691
481,서울특별시 종로구 부암동 251-36,37.5922862,126.9660716
482,서울특별시 종로구 부암동 251-40,37.5921654,126.9661545
483,서울특별시 종로구 부암동 251-54,37.5918653,126.9659265
484,서울특별시 종로구 부암동 254-4,37.5926672,126.9652769
485,서울특별시 종로구 부암동 255-1,37.5925536,126.9658998
486,서울특별시 종로구 부암동 257-2,37.5927080,126.9657943
487,서울특별시 종로구 부암동 257-4,37.5925303,126.9660273
488,서울특별시 종로구 부암동 257-6,37.5926047,126.9658012
489,서울특별시 종로구 부암동 264-0,37.5925237,126.9645295
490,서울특별시 종로구 부암동 265-1,37.5928748,126.9642943
491,서울특별시 종로구 부암동 265-6,37.5928162,126.9644035
492,서울특별시 종로구 부암동 265-7,37.5927857,126.9642636
493,서울특별시 종로구 부암동 265-13,37.5926056,126.9640684
494,서울특별시 종로구 부암동 266-9,37.5920714,126.9639112
495,서울특별시 종로구 부암동 269-7,37.5920129,126.9638382
496,서울특별시 종로구 부암동 270-3,37.5922172,126.9638936
497,서울특별시 종로구 부암동 277-6,37.5943926,126.9642133
498,서울특별시 종로구 부암동 277-7,37.5930109,126.9650503
499,서울특별시 종로구 부암동 277-8,37.5923429,126.9644854
500,서울특별시 종로구 부암동 277-9,37.5928107,126.9645627
501,서울특별시 종로구 부암동 277-12,37.5921846,126.9656354
502,서울특별시 종로구 부암동 278-1,37.5935243,126.9638039
503,서울특별시 종로구 부암동 278-12,37.5930816,126.9632624
504,서울특별시 종로구 부암동 278-15,37.5930604,126.9635836
505,서울특별시 종로구 부암동 278-37,37.5930447,126.9633653
506,서울특별시 종로구 부암동 278-38,37.5930669,126.9632363
507,서울특별시 종로구 부암동 278-39,37.5931066,126.9630376
508,서울특별시 종로구 부암동 278-40,37.5930570,126.9632309
509,서울특별시 종로구 부암동 279-6,37.5934459,126.9636245
510,서울특별시 종로구 부암동 281-3,37.5942188,126.9635826
511,서울특별시 종로구 부암동 286-1,37.5941309,126.9630126
512,서울특별시 종로구 부암동 292-1,37.5937827,126.9621187
513,서울특별시 종로구 부암동 292-3,37.5938920,126.9630070
514,서울특별시 종로구 부암동 292-4,37.5939878,126.9628623
515,서울특별시 종로구 부암동 302-7,37.5932451,126.9623738
516,서울특별시 종로구 부암동 306-5,37.5927641,126.9633807
517,서울특별시 종로구 부암동 306-24,37.5926731,126.9629440
518,서울특별시 종로구 부암동 307-3,37.5926914,126.9637694
519,서울특별시 종로구 부암동 307-4,37.5928615,126.9638634
520,서울특별시 종로구 부암동 308-3,37.5930480,126.9636888
521,서울특별시 종로구 부암동 312-2,37.5927914,126.9639847
522,서울특별시 종로구 부암동 314-6,37.5926605,126.9639625
523,서울특별시 종로구 부암동 314-8,37.5924798,126.9637390
524,서울특별시 종로구 부암동 318-13,37.5925442,126.9624864
525,서울특별시 종로구 부암동 318-26,37.5924192,126.9629109
526,서울특별시 종로구 부암동 319-15,37.5917658,126.9625682
527,서울특별시 종로구 부암동 319-16,37.5919355,126.9625002
528,서울특별시 종로구 부암동 319-17,37.5919526,126.9620284
529,서울특별시 종로구 부암동 319-22,37.5918110,126.9621061
530,서울특별시 종로구 부암동 319-23,37.5916654,126.9621550
531,서울특별시 종로구 부암동 319-24,37.5917516,126.9623731
532,서울특별시 종로구 부암동 323-1,37.5901069,126.9623726
533,서울특별시 종로구 부암동 328-5,37.5915494,126.9632207
534,서울특별시 종로구 부암동 328-6,37.5915798,126.9634567
535,서울특별시 종로구 부암동 329-11,37.5915146,126.9636394
536,서울특별시 종로구 부암동 329-13,37.5912333,126.9647444
537,서울특별시 종로구 부암동 329-29,37.5919995,126.9638926
538,서울특별시 종로구 부암동 329-30,37.5918478,126.9638327
539,서울특별시 종로구 부암동 329-31,37.5919360,126.9638509
540,서울특별시 종로구 부암동 330-1,37.5911453,126.9639048
541,서울특별시 종로구 부암동 330-2,37.5911624,126.9637973
542,서울특별시 종로구 부암동 332-14,37.5918365,126.9647839
543,서울특별시 종로구 부암동 336-2,37.5904161,126.9641878
544,서울특별시 종로구 부암동 336-3,37.5902811,126.9641372
545,서울특별시 종로구 부암동 336-4,37.5901488,126.9640880
546,서울특별시 종로구 부암동 336-5,37.5899762,126.9640058
547,서울특별시 종로구 부암동 338-7,37.5910359,126.9636447
548,서울특별시 종로구 부암동 338-10,37.5906506,126.9640082
549,서울특별시 종로구 부암동 338-16,37.5906590,126.9636708
550,서울특별시 종로구 부암동 338-25,37.5894552,126.9632749
551,서울특별시 종로구 부암동 338-54,37.5896674,126.9641287
552,서울특별시 종로구 부암동 338-57,37.5910139,126.9640341
553,서울특별시 종로구 부암동 339-2,37.5890527,126.9638130
554,서울특별시 종로구 부암동 339-3,37.5888879,126.9638071
555,서울특별시 종로구 부암동 340-0,37.5886380,126.9636493
556,서울특별시 종로구 부암동 342-1,37.5888864,126.9628007
557,서울특별시 종로구 부암동 342-2,37.5885962,126.9628856
558,서울특별시 종로구 부암동 342-4,37.5885705,126.9625946
559,서울특별시 종로구 부암동 342-5,37.5886952,126.9622650
560,서울특별시 종로구 부암동 342-7,37.5887760,126.9627384
561,서울특별시 종로구 부암동 342-10,37.5885688,126.9627596
562,서울특별시 종로구 부암동 342-14,37.5886249,126.9623171
563,서울특별시 종로구 부암동 342-16,37.5887704,126.9626431
564,서울특별시 종로구 부암동 343-0,37.5892643,126.9623570
565,서울특별시 종로구 부암동 345-5,37.5901314,126.9631598
566,서울특별시 종로구 부암동 346-1,37.5913117,126.9633293
567,서울특별시 종로구 부암동 346-2,37.5909194,126.9632451
568,서울특별시 종로구 부암동 348-3,37.5915407,126.9625778
569,서울특별시 종로구 부암동 348-5,37.5916660,126.9631596
570,서울특별시 종로구 부암동 353-6,37.5898540,126.9615612
571,서울특별시 종로구 부암동 353-12,37.5897183,126.9616521
572,서울특별시 종로구 부암동 359-1,37.5905288,126.9605942
573,서울특별시 종로구 부암동 359-9,37.5910305,126.9603850
574,서울특별시 종로구 부암동 359-10,37.5899487,126.9598671
575,서울특별시 종로구 부암동 359-12,37.5906904,126.9610973
576,서울특별시 종로구 부암동 359-16,37.5903562,126.9615034
577,서울특별시 종로구 부암동 359-18,37.5903678,126.9616558
578,서울특별시 종로구 부암동 359-19,37.5907259,126.9597011
579,서울특별시 종로구 부암동 361-2,37.5901808,126.9609174
580,서울특별시 종로구 부암동 362-3,37.5902816,126.9610803
581,서울특별시 종로구 부암동 362-4,37.5900379,126.9608454
582,서울특별시 종로구 부암동 362-22,37.5890926,126.9601601
583,서울특별시 종로구 부암동 369-30,37.5930758,126.9595998
584,서울특별시 종로구 부암동 369-31,37.5932135,126.9596559
585,서울특별시 종로구 부암동 369-32,37.5933471,126.9597354
586,서울특별시 종로구 부암동 369-33,37.5934854,126.9598277
587,서울특별시 종로구 부암동 369-34,37.5934986,126.9600085
588,서울특별시 종로구 부암동 369-35,37.5935616,126.9601503
589,서울특별시 종로구 부암동 369-37,37.5937997,126.9599071
590,서울특별시 종로구 부암동 369-38,37.5937408,126.9597128
591,서울특별시 종로구 부암동 369-39,37.5935868,126.9596142
592,서울특별시 종로구 부암동 369-40,37.5939083,126.9588926
593,서울특별시 종로구 부암동 369-41,37.5937480,126.9591209
594,서울특별시 종로구 부암동 369-42,37.5933430,126.9587274
595,서울특별시 종로구 부암동 369-43,37.5934626,126.9592368
596,서울특별시 종로구 부암동 369-44,37.5933120,126.9591616
597,서울특별시 종로구 부암동 369-45,37.5934000,126.9594536
598,서울특별시 종로구 부암동 369-46,37.5932422,126.9593627
599,서울특별시 종로구 부암동 369-47,37.5930944,126.9592132
600,서울특별시 종로구 부암동 369-75,37.5934592,126.9605717
601,서울특별시 종로구 부암동 369-79,37.5934216,126.9596270
602,서울특별시 종로구 부암동 369-94,37.5930512,126.9605550
603,서울특별시 종로구 부암동 369-95,37.5929242,126.9606964
604,서울특별시 종로구 부암동 370-7,37.5939463,126.9615678
605,서울특별시 종로구 부암동 373-2,37.5935903,126.9604303
606,서울특별시 종로구 부암동 378-4,37.5932038,126.9611013
607,서울특별시 종로구 부암동 379-4,37.5928265,126.9612424
608,서울특별시 종로구 부암동 382-87,37.5922541,126.9588816
609,서울특별시 종로구 부암동 383-2,37.5988543,126.9608027
610,서울특별시 종로구 부암동 384-12,37.5987195,126.9608387
611,서울특별시 종로구 부암동 386-2,37.5983437,126.9605282
612,서울특별시 종로구 부암동 387-1,37.5983274,126.9610014
613,서울특별시 종로구 부암동 391-2,37.5970584,126.9601872
614,서울특별시 종로구 부암동 391-3,37.5969444,126.9601074
615,서울특별시 종로구 부암동 394-2,37.5964280,126.9610776
616,서울특별시 종로구 부암동 395-1,37.5959184,126.9624807
617,서울특별시 종로구 부암동 1-0,37.5985000,126.9758268
618,서울특별시 종로구 부암동 2-1,37.5985520,126.9743460
619,서울특별시 종로구 부암동 2-2,37.5980777,126.9741473
620,서울특별시 종로구 부암동 2-3,37.5981272,126.9734934
621,서울특별시 종로구 부암동 2-4,37.5984827,126.9736563
622,서울특별시 종로구 부암동 2-6,37.5983683,126.9736187
623,서울특별시 종로구 부암동 2-7,37.5980176,126.9740443
624,서울특별시 종로구 부암동 2-8,37.5986240,126.9735780
625,서울특별시 종로구 부암동 2-9,37.5983649,126.9738001
626,서울특별시 종로구 부암동 2-10,37.5980597,126.9741246
627,서울특별시 종로구 부암동 3-1,37.5978572,126.9747362
628,서울특별시 종로구 부암동 3-2,37.5976749,126.9743875
629,서울특별시 종로구 부암동 4-1,37.5969580,126.9745884
630,서울특별시 종로구 부암동 4-2,37.5975456,126.9743813
631,서울특별시 종로구 부암동 5-1,37.5975085,126.9737264
632,서울특별시 종로구 부암동 5-6,37.5998139,126.9727697
633,서울특별시 종로구 부암동 5-7,37.5992195,126.9731128
634,서울특별시 종로구 부암동 5-8,37.5999642,126.9727468
635,서울특별시 종로구 부암동 5-14,37.5995384,126.9731213
636,서울특별시 종로구 부암동 7-0,37.5979964,126.9734952
637,서울특별시 종로구 부암동 7-1,37.6010031,126.9673035
638,서울특별시 종로구 부암동 8-1,37.5989180,126.9735609
639,서울특별시 종로구 부암동 8-3,37.5985384,126.9727490
640,서울특별시 종로구 부암동 8-4,37.5991046,126.9731885
641,서울특별시 종로구 부암동 9-0,37.5976694,126.9726372
642,서울특별시 종로구 부암동 10-0,37.5973893,126.9729545
643,서울특별시 종로구 부암동 11-0,37.6008646,126.9663241
644,서울특별시 종로구 부암동 12-0,37.6000654,126.9655723
645,서울특별시 종로구 부암동 13-1,37.5969602,126.9725429
646,서울특별시 종로구 부암동 13-2,37.5966270,126.9728793
647,서울특별시 종로구 부암동 15-1,37.5956054,126.9597450
648,서울특별시 종로구 부암동 15-2,37.5963599,126.9599018
649,서울특별시 종로구 부암동 15-3,37.5960149,126.9589609
650,서울특별시 종로구 부암동 16-1,37.5961670,126.9736896
651,서울특별시 종로구 부암동 16-3,37.5963040,126.9728828
652,서울특별시 종로구 부암동 16-4,37.5964831,126.9728711
653,서울특별시 종로구 부암동 17-1,37.5930200,126.9586308
654,서울특별시 종로구 부암동 17-3,37.5932247,126.9577289
655,서울특별시 종로구 부암동 18-1,37.5917258,126.9592629
656,서울특별시 종로구 부암동 18-3,37.5915734,126.9599886
657,서울특별시 종로구 부암동 18-5,37.5912084,126.9600247
658,서울특별시 종로구 부암동 18-6,37.5914666,126.9596323
659,서울특별시 종로구 부암동 18-7,37.5912371,126.9593365
660,서울특별시 종로구 부암동 18-8,37.5917092,126.9598099
661,서울특별시 종로구 부암동 18-9,37.5920785,126.9592777
662,서울특별시 종로구 부암동 18-10,37.5919499,126.9592878
663,서울특별시 종로구 부암동 19-0,37.5953702,126.9749946
664,서울특별시 종로구 부암동 20-0,37.5898668,126.9589498
665,서울특별시 종로구 부암동 21-0,37.5886799,126.9605127
666,서울특별시 종로구 부암동 21-1,37.5953458,126.9731746
667,서울특별시 종로구 부암동 22-1,37.5952118,126.9699424
668,서울특별시 종로구 부암동 22-2,37.5879383,126.9616697
669,서울특별시 종로구 부암동 22-3,37.5864584,126.9610032
670,서울특별시 종로구 부암동 26-0,37.5990246,126.9671603
671,서울특별시 종로구 홍지동 1-16,37.6029516,126.9569213
672,서울특별시 종로구 홍지동 1-18,37.6025023,126.9569095
673,서울특별시 종로구 홍지동 7-1,37.6028362,126.9550404
674,서울특별시 종로구 홍지동 19-0,37.6014013,126.9556906
675,서울특별시 종로구 홍지동 19-2,37.6013781,126.9556584
676,서울특별시 종로구 홍지동 20-15,37.6011117,126.9558095
677,서울특별시 종로구 홍지동 20-16,37.6010156,126.9557194
678,서울특별시 종로구 홍지동 20-17,37.6009258,126.9556301
679,서울특별시 종로구 홍지동 21-3,37.6014792,126.9550127
680,서울특별시 종로구 홍지동 30-9,37.6010505,126.9548373
681,서울특별시 종로구 홍지동 32-10,37.6007252,126.9552483
682,서울특별시 종로구 홍지동 32-11,37.6005925,126.9551127
683,서울특별시 종로구 홍지동 34-17,37.6004484,126.9551307
684,서울특별시 종로구 홍지동 34-18,37.6002130,126.9550130
685,서울특별시 종로구 홍지동 35-7,37.6000665,126.9548684
686,서울특별시 종로구 홍지동 35-8,37.6001559,126.9552405
687,서울특별시 종로구 홍지동 36-4,37.5997789,126.9567960
688,서울특별시 종로구 홍지동 36-11,37.5991806,126.9564838
689,서울특별시 종로구 홍지동 36-16,37.5995438,126.9558076
690,서울특별시 종로구 홍지동 36-28,37.5996704,126.9561967
691,서울특별시 종로구 홍지동 36-31,37.5993126,126.9563620
692,서울특별시 종로구 홍지동 36-40,37.5993496,126.9558091
693,서울특별시 종로구 홍지동 37-3,37.5994996,126.9561636
694,서울특별시 종로구 홍지동 39-3,37.6001918,126.9556551
695,서울특별시 종로구 홍지동 41-1,37.6003273,126.9565326
696,서울특별시 종로구 홍지동 47-1,37.6004152,126.9567469
697,서울특별시 종로구 홍지동 47-9,37.6003485,126.9569231
698,서울특별시 종로구 홍지동 47-10,37.5999006,126.9569548
699,서울특별시 종로구 홍지동 47-11,37.5999844,126.9568273
700,서울특별시 종로구 홍지동 51-2,37.6005399,126.9564083
701,서울특별시 종로구 홍지동 52-9,37.6006331,126.9552200
702,서울특별시 종로구 홍지동 52-10,37.6007193,126.9552708
703,서울특별시 종로구 홍지동 52-11,37.6007727,126.9554022
704,서울특별시 종로구 홍지동 56-0,37.6008240,126.9563552
705,서울특별시 종로구 홍지동 57-2,37.6010171,126.9562717
706,서울특별시 종로구 홍지동 58-1,37.6008896,126.9567358
707,서울특별시 종로구 홍지동 60-5,37.6018786,126.9551231
708,서울특별시 종로구 홍지동 60-7,37.6012780,126.9560917
709,서울특별시 종로구 홍지동 63-12,37.6019870,126.9568089
710,서울특별시 종로구 홍지동 64-6,37.6014708,126.9567571
711,서울특별시 종로구 홍지동 67-2,37.6021101,126.9572443
712,서울특별시 종로구 홍지동 67-4,37.6020002,126.9570167
713,서울특별시 종로구 홍지동 67-7,37.6021428,126.9569631
714,서울특별시 종로구 홍지동 67-8,37.6020286,126.9570316
715,서울특별시 종로구 홍지동 69-14,37.6024943,126.9577316
716,서울특별시 종로구 홍지동 69-19,37.6025352,126.9573435
717,서울특별시 종로구 홍지동 69-26,37.6023672,126.9573609
718,서울특별시 종로구 홍지동 69-37,37.6034325,126.9577349
719,서울특별시 종로구 홍지동 69-46,37.6017981,126.9570445
720,서울특별시 종로구 홍지동 69-47,37.6015808,126.9569841
721,서울특별시 종로구 홍지동 69-51,37.6037241,126.9576258
722,서울특별시 종로구 홍지동 69-52,37.6033922,126.9579888
723,서울특별시 종로구 홍지동 69-56,37.6023567,126.9578098
724,서울특별시 종로구 홍지동 70-0,37.6006360,126.9570959
725,서울특별시 종로구 홍지동 71-3,37.5999330,126.9571834
726,서울특별시 종로구 홍지동 71-4,37.6001117,126.9573450
727,서울특별시 종로구 홍지동 71-6,37.6001333,126.9569980
728,서울특별시 종로구 홍지동 71-7,37.6000810,126.9569635
729,서울특별시 종로구 홍지동 71-9,37.5999711,126.9570153
730,서울특별시 종로구 홍지동 71-10,37.6002360,126.9574044
731,서울특별시 종로구 홍지동 71-12,37.6000316,126.9572042
732,서울특별시 종로구 홍지동 72-7,37.6000584,126.9577140
733,서울특별시 종로구 홍지동 74-4,37.6005080,126.9577297
734,서울특별시 종로구 홍지동 74-5,37.6005111,126.9576968
735,서울특별시 종로구 홍지동 74-8,37.6002104,126.9575686
736,서울특별시 종로구 홍지동 74-9,37.6001720,126.9574754
737,서울특별시 종로구 홍지동 78-1,37.6016450,126.9583125
738,서울특별시 종로구 홍지동 78-2,37.6016869,126.9586314
739,서울특별시 종로구 홍지동 81-5,37.6010990,126.9593034
740,서울특별시 종로구 홍지동 92-8,37.6005745,126.9589275
741,서울특별시 종로구 홍지동 94-10,37.6001060,126.9588650
742,서울특별시 종로구 홍지동 94-36,37.6004086,126.9595096
743,서울특별시 종로구 홍지동 94-52,37.6003321,126.9596280
744,서울특별시 종로구 홍지동 94-54,37.6002308,126.9598287
745,서울특별시 종로구 홍지동 94-56,37.6001400,126.9600401
746,서울특별시 종로구 홍지동 96-4,37.5999310,126.9586806
747,서울특별시 종로구 홍지동 97-4,37.5997578,126.9587964
748,서울특별시 종로구 홍지동 98-2,37.5996995,126.9588586
749,서울특별시 종로구 홍지동 99-7,37.5996234,126.9586132
750,서울특별시 종로구 홍지동 99-10,37.5992020,126.9592996
751,서울특별시 종로구 홍지동 104-26,37.5994419,126.9604589
752,서울특별시 종로구 홍지동 104-29,37.5991086,126.9606340
753,서울특별시 종로구 홍지동 122-9,37.5994403,126.9579615
754,서울특별시 종로구 홍지동 126-3,37.5991871,126.9592805
755,서울특별시 종로구 홍지동 127-37,37.5991080,126.9593281
756,서울특별시 종로구 홍지동 130-4,37.5980206,126.9594523
757,서울특별시 종로구 홍지동 133-23,37.5988889,126.9587191
758,서울특별시 종로구 홍지동 133-24,37.5990779,126.9592636
759,서울특별시 종로구 홍지동 134-7,37.5988694,126.9570096
760,서울특별시 종로구 홍지동 134-18,37.5991060,126.9572382
761,서울특별시 종로구 홍지동 136-3,37.5990102,126.9565611
762,서울특별시 종로구 홍지동 1-0,37.6045535,126.9541354
763,서울특별시 종로구 홍지동 2-1,37.6024174,126.9530444
764,서울특별시 종로구 홍지동 2-2,37.5991742,126.9557906
765,서울특별시 종로구 홍지동 4-0,37.5981079,126.9583762
766,서울특별시 종로구 홍지동 4-2,37.5990230,126.9573099
767,서울특별시 종로구 홍지동 5-0,37.5971371,126.9595779
768,서울특별시 종로구 신영동 1-3,37.6059757,126.9609947
769,서울특별시 종로구 신영동 1-12,37.6059990,126.9609693
770,서울특별시 종로구 신영동 2-0,37.6056632,126.9613107
771,서울특별시 종로구 신영동 5-2,37.6049435,126.9625820
772,서울특별시 종로구 신영동 5-3,37.6047096,126.9620485
773,서울특별시 종로구 신영동 5-13,37.6052822,126.9625910
774,서울특별시 종로구 신영동 5-39,37.6068909,126.9618625
775,서울특별시 종로구 신영동 7-6,37.6050117,126.9628975
776,서울특별시 종로구 신영동 8-4,37.6048623,126.9628268
777,서울특별시 종로구 신영동 9-2,37.6044839,126.9623150
778,서울특별시 종로구 신영동 9-5,37.6043327,126.9622215
779,서울특별시 종로구 신영동 9-11,37.6042022,126.9621822
780,서울특별시 종로구 신영동 9-13,37.6042532,126.9622666
781,서울특별시 종로구 신영동 10-3,37.6045698,126.9615888
782,서울특별시 종로구 신영동 10-17,37.6042868,126.9618103
783,서울특별시 종로구 신영동 10-22,37.6047044,126.9612910
784,서울특별시 종로구 신영동 14-8,37.6045648,126.9613364
785,서울특별시 종로구 신영동 14-13,37.6045494,126.9614198
786,서울특별시 종로구 신영동 15-2,37.6047541,126.9613445
787,서울특별시 종로구 신영동 15-3,37.6046973,126.9612516
788,서울특별시 종로구 신영동 15-5,37.6047087,126.9612678
789,서울특별시 종로구 신영동 15-7,37.6045793,126.9615295
790,서울특별시 종로구 신영동 17-2,37.6045617,126.9611557
791,서울특별시 종로구 신영동 20-1,37.6042008,126.9614627
792,서울특별시 종로구 신영동 20-3,37.6042114,126.9616191
793,서울특별시 종로구 신영동 22-3,37.6042194,126.9613199
794,서울특별시 종로구 신영동 22-5,37.6042130,126.9613438
795,서울특별시 종로구 신영동 23-2,37.6040738,126.9614259
796,서울특별시 종로구 신영동 24-3,37.6039401,126.9615259
797,서울특별시 종로구 신영동 26-2,37.6039877,126.9618451
798,서울특별시 종로구 신영동 28-4,37.6039280,126.9621764
799,서울특별시 종로구 신영동 29-1,37.6044662,126.9628124
800,서울특별시 종로구 신영동 29-9,37.6042408,126.9625031
801,서울특별시 종로구 신영동 29-11,37.6040521,126.9625343
802,서울특별시 종로구 신영동 30-2,37.6039920,126.9626923
803,서울특별시 종로구 신영동 30-4,37.6038975,126.9622047
804,서울특별시 종로구 신영동 30-5,37.6040831,126.9627700
805,서울특별시 종로구 신영동 31-2,37.6037475,126.9622289
806,서울특별시 종로구 신영동 32-1,37.6037194,126.9623808
807,서울특별시 종로구 신영동 32-2,37.6036391,126.9622356
808,서울특별시 종로구 신영동 32-3,37.6036523,126.9623710
809,서울특별시 종로구 신영동 32-4,37.6036118,126.9622980
810,서울특별시 종로구 신영동 32-5,37.6035713,126.9622309
811,서울특별시 종로구 신영동 32-6,37.6036770,126.9623893
812,서울특별시 종로구 신영동 33-2,37.6035072,126.9621319
813,서울특별시 종로구 신영동 34-3,37.6034474,126.9620600
814,서울특별시 종로구 신영동 34-4,37.6033915,126.9619857
815,서울특별시 종로구 신영동 42-1,37.6033954,126.9614800
816,서울특별시 종로구 신영동 42-2,37.6038139,126.9614744
817,서울특별시 종로구 신영동 47-0,37.6031625,126.9613019
818,서울특별시 종로구 신영동 47-1,37.6033908,126.9613848
819,서울특별시 종로구 신영동 48-3,37.6031563,126.9613627
820,서울특별시 종로구 신영동 49-1,37.6028001,126.9613204
821,서울특별시 종로구 신영동 49-2,37.6027089,126.9613730
822,서울특별시 종로구 신영동 49-3,37.6028002,126.9613912
823,서울특별시 종로구 신영동 51-1,37.6029834,126.9615037
824,서울특별시 종로구 신영동 52-2,37.6030952,126.9614588
825,서울특별시 종로구 신영동 55-1,37.6034639,126.9616817
826,서울특별시 종로구 신영동 55-2,37.6034794,126.9616165
827,서울특별시 종로구 신영동 55-3,37.6035255,126.9616924
828,서울특별시 종로구 신영동 55-4,37.6035033,126.9616612
829,서울특별시 종로구 신영동 71-1,37.6036276,126.9624978
830,서울특별시 종로구 신영동 71-2,37.6033349,126.9621697
831,서울특별시 종로구 신영동 71-5,37.6041634,126.9612160
832,서울특별시 종로구 신영동 71-6,37.6039761,126.9613420
833,서울특별시 종로구 신영동 71-7,37.6029906,126.9619363
834,서울특별시 종로구 신영동 82-0,37.6021339,126.9641962
835,서울특별시 종로구 신영동 82-3,37.6019287,126.9653197
836,서울특별시 종로구 신영동 82-4,37.6020998,126.9647030
837,서울특별시 종로구 신영동 82-5,37.6020764,126.9652317
838,서울특별시 종로구 신영동 82-6,37.6018102,126.9645845
839,서울특별시 종로구 신영동 86-1,37.6019436,126.9636586
840,서울특별시 종로구 신영동 86-2,37.6020768,126.9631786
841,서울특별시 종로구 신영동 91-1,37.6012048,126.9628372
842,서울특별시 종로구 신영동 93-4,37.6011500,126.9630320
843,서울특별시 종로구 신영동 105-16,37.6018578,126.9632208
844,서울특별시 종로구 신영동 105-26,37.6017109,126.9622002
845,서울특별시 종로구 신영동 105-40,37.6020740,126.9621247
846,서울특별시 종로구 신영동 115-1,37.6017021,126.9616141
847,서울특별시 종로구 신영동 115-2,37.6024070,126.9616466
848,서울특별시 종로구 신영동 117-2,37.6017281,126.9617549
849,서울특별시 종로구 신영동 121-1,37.6023394,126.9621007
850,서울특별시 종로구 신영동 121-2,37.6022114,126.9618731
851,서울특별시 종로구 신영동 124-1,37.6024313,126.9612800
852,서울특별시 종로구 신영동 127-2,37.6022323,126.9613888
853,서울특별시 종로구 신영동 128-1,37.6014917,126.9607632
854,서울특별시 종로구 신영동 128-3,37.6021257,126.9612864
855,서울특별시 종로구 신영동 128-6,37.6021175,126.9613731
856,서울특별시 종로구 신영동 130-7,37.6020067,126.9613501
857,서울특별시 종로구 신영동 130-8,37.6016825,126.9612902
858,서울특별시 종로구 신영동 136-10,37.6008497,126.9609684
859,서울특별시 종로구 신영동 141-1,37.6003134,126.9624852
860,서울특별시 종로구 신영동 142-1,37.6013842,126.9641367
861,서울특별시 종로구 신영동 150-3,37.6001970,126.9629493
862,서울특별시 종로구 신영동 151-2,37.6000310,126.9629951
863,서울특별시 종로구 신영동 152-3,37.5990876,126.9630108
864,서울특별시 종로구 신영동 157-9,37.5991960,126.9622282
865,서울특별시 종로구 신영동 158-1,37.6000183,126.9622590
866,서울특별시 종로구 신영동 158-4,37.6000546,126.9624395
867,서울특별시 종로구 신영동 158-11,37.6000019,126.9622793
868,서울특별시 종로구 신영동 158-25,37.5998669,126.9620224
869,서울특별시 종로구 신영동 158-26,37.6002886,126.9628405
870,서울특별시 종로구 신영동 158-27,37.5998441,126.9627113
871,서울특별시 종로구 신영동 166-6,37.6003053,126.9613272
872,서울특별시 종로구 신영동 167-4,37.5999745,126.9605225
873,서울특별시 종로구 신영동 167-5,37.6004866,126.9608113
874,서울특별시 종로구 신영동 168-6,37.6007588,126.9603014
875,서울특별시 종로구 신영동 168-8,37.6006586,126.9599178
876,서울특별시 종로구 신영동 174-4,37.6011463,126.9600341
877,서울특별시 종로구 신영동 174-5,37.6010808,126.9598621
878,서울특별시 종로구 신영동 174-8,37.6011076,126.9599650
879,서울특별시 종로구 신영동 174-9,37.6011091,126.9600043
880,서울특별시 종로구 신영동 174-10,37.6010839,126.9597278
881,서울특별시 종로구 신영동 174-11,37.6011601,126.9597866
882,서울특별시 종로구 신영동 174-12,37.6011416,126.9599492
883,서울특별시 종로구 신영동 174-13,37.6011300,126.9599113
884,서울특별시 종로구 신영동 174-14,37.6011203,126.9597991
885,서울특별시 종로구 신영동 176-17,37.6010550,126.9595970
886,서울특별시 종로구 신영동 176-19,37.6011098,126.9601441
887,서울특별시 종로구 신영동 176-22,37.6011094,126.9600556
888,서울특별시 종로구 신영동 176-23,37.6010456,126.9596241
889,서울특별시 종로구 신영동 176-30,37.6011577,126.9601642
890,서울특별시 종로구 신영동 176-33,37.6010742,126.9595649
891,서울특별시 종로구 신영동 176-40,37.6010544,126.9594025
892,서울특별시 종로구 신영동 176-41,37.6010702,126.9594474
893,서울특별시 종로구 신영동 176-45,37.6011909,126.9600475
894,서울특별시 종로구 신영동 176-46,37.6011963,126.9601356
895,서울특별시 종로구 신영동 176-47,37.6011377,126.9595654
896,서울특별시 종로구 신영동 176-48,37.6022764,126.9608477
897,서울특별시 종로구 신영동 179-4,37.6021714,126.9588973
898,서울특별시 종로구 신영동 179-9,37.6020051,126.9589385
899,서울특별시 종로구 신영동 179-14,37.6019772,126.9591639
900,서울특별시 종로구 신영동 179-23,37.6022230,126.9587744
901,서울특별시 종로구 신영동 180-2,37.6021418,126.9592261
902,서울특별시 종로구 신영동 181-0,37.6020613,126.9597668
903,서울특별시 종로구 신영동 181-1,37.6021301,126.9592917
904,서울특별시 종로구 신영동 183-5,37.6021251,126.9604414
905,서울특별시 종로구 신영동 183-6,37.6020838,126.9604125
906,서울특별시 종로구 신영동 210-1,37.6022362,126.9600656
907,서울특별시 종로구 신영동 211-1,37.6028193,126.9587301
908,서울특별시 종로구 신영동 211-3,37.6029009,126.9583379
909,서울특별시 종로구 신영동 211-4,37.6030152,126.9587730
910,서울특별시 종로구 신영동 211-5,37.6027376,126.9595787
911,서울특별시 종로구 신영동 211-6,37.6025146,126.9596975
912,서울특별시 종로구 신영동 211-7,37.6026609,126.9600108
913,서울특별시 종로구 신영동 211-8,37.6023288,126.9597892
914,서울특별시 종로구 신영동 211-9,37.6024574,126.9594821
915,서울특별시 종로구 신영동 211-10,37.6025244,126.9592908
916,서울특별시 종로구 신영동 211-11,37.6026958,126.9591132
917,서울특별시 종로구 신영동 212-5,37.6033218,126.9582748
918,서울특별시 종로구 신영동 212-6,37.6032644,126.9584472
919,서울특별시 종로구 신영동 214-13,37.6033829,126.9600111
920,서울특별시 종로구 신영동 214-35,37.6046367,126.9591077
921,서울특별시 종로구 신영동 214-41,37.6039897,126.9605562
922,서울특별시 종로구 신영동 214-68,37.6029510,126.9602177
923,서울특별시 종로구 신영동 214-97,37.6041404,126.9590143
924,서울특별시 종로구 신영동 214-102,37.6035338,126.9594208
925,서울특별시 종로구 신영동 214-103,37.6034746,126.9593216
926,서울특별시 종로구 신영동 218-3,37.6027264,126.9607090
927,서울특별시 종로구 신영동 218-9,37.6026161,126.9611862
928,서울특별시 종로구 신영동 219-4,37.6032496,126.9609618
929,서울특별시 종로구 신영동 219-8,37.6029043,126.9607452
930,서울특별시 종로구 신영동 219-9,37.6027668,126.9605574
931,서울특별시 종로구 신영동 228-2,37.6043510,126.9601883
932,서울특별시 종로구 신영동 229-4,37.6043794,126.9595080
933,서울특별시 종로구 신영동 235-7,37.6052510,126.9600503
934,서울특별시 종로구 신영동 235-8,37.6052170,126.9600174
935,서울특별시 종로구 신영동 235-9,37.6051430,126.9597975
936,서울특별시 종로구 신영동 235-15,37.6050559,126.9597149
937,서울특별시 종로구 신영동 239-30,37.6058333,126.9604008
938,서울특별시 종로구 신영동 239-31,37.6057768,126.9604477
939,서울특별시 종로구 신영동 239-32,37.6055490,126.9605493
940,서울특별시 종로구 신영동 239-36,37.6058831,126.9603657
941,서울특별시 종로구 신영동 240-1,37.6050249,126.9604039
942,서울특별시 종로구 신영동 240-2,37.6048487,126.9608773
943,서울특별시 종로구 신영동 243-2,37.6043812,126.9609062
944,서울특별시 종로구 신영동 244-1,37.6043085,126.9610971
945,서울특별시 종로구 신영동 245-3,37.6048574,126.9610299
946,서울특별시 종로구 신영동 248-2,37.6055696,126.9607998
947,서울특별시 종로구 신영동 248-4,37.6059253,126.9606644
948,서울특별시 종로구 신영동 248-6,37.6053894,126.9607177
949,서울특별시 종로구 신영동 248-8,37.6060065,126.9603168
950,서울특별시 종로구 신영동 248-9,37.6059144,126.9603744
951,서울특별시 종로구 신영동 248-17,37.6050783,126.9609623
952,서울특별시 종로구 신영동 248-18,37.6051727,126.9609139
953,서울특별시 종로구 신영동 248-19,37.6054421,126.9608102
954,서울특별시 종로구 신영동 248-31,37.6052800,126.9610476
955,서울특별시 종로구 신영동 248-32,37.6066120,126.9606230
956,서울특별시 종로구 신영동 254-1,37.6054579,126.9601511
957,서울특별시 종로구 신영동 254-2,37.6056816,126.9604662
958,서울특별시 종로구 신영동 1-1,37.6066394,126.9613113
959,서울특별시 종로구 신영동 1-2,37.6062293,126.9609021
960,서울특별시 종로구 신영동 1-3,37.6059757,126.9609947
961,서울특별시 종로구 신영동 1-5,37.6063213,126.9616434
962,서울특별시 종로구 신영동 1-6,37.6062015,126.9611128
963,서울특별시 종로구 신영동 1-11,37.6060728,126.9608080
964,서울특별시 종로구 신영동 1-12,37.6059990,126.9609693
965,서울특별시 종로구 신영동 1-13,37.6062340,126.9619880
966,서울특별시 종로구 신영동 1-14,37.6058196,126.9618054
967,서울특별시 종로구 신영동 1-15,37.6057721,126.9622868
968,서울특별시 종로구 신영동 1-16,37.6055366,126.9623018
969,서울특별시 종로구 신영동 2-1,37.6057686,126.9614050
970,서울특별시 종로구 신영동 3-2,37.6057435,126.9610726
971,서울특별시 종로구 신영동 3-3,37.6054804,126.9611934
972,서울특별시 종로구 신영동 4-0,37.6024511,126.9648452
973,서울특별시 종로구 신영동 5-0,37.6012720,126.9647286
974,서울특별시 종로구 신영동 5-1,37.6056856,126.9625559
975,서울특별시 종로구 신영동 6-0,37.6011962,126.9642527
976,서울특별시 종로구 신영동 7-0,37.6002014,126.9641429
977,서울특별시 종로구 신영동 7-1,37.6048054,126.9625797
978,서울특별시 종로구 무악동 1-1,37.5769631,126.9554904
979,서울특별시 종로구 무악동 1-197,37.5762799,126.9558983
980,서울특별시 종로구 무악동 1-199,37.5760864,126.9560566
981,서울특별시 종로구 무악동 2-1,37.5759437,126.9563751
982,서울특별시 종로구 무악동 3-1,37.5758500,126.9562644
983,서울특별시 종로구 무악동 4-1,37.5757026,126.9563801
984,서울특별시 종로구 무악동 5-2,37.5759891,126.9561848
985,서울특별시 종로구 무악동 5-28,37.5758354,126.9565095
986,서울특별시 종로구 무악동 5-31,37.5758300,126.9563946
987,서울특별시 종로구 무악동 5-32,37.5756617,126.9565869
988,서울특별시 종로구 무악동 7-48,37.5777284,126.9548428
989,서울특별시 종로구 무악동 7-604,37.5781904,126.9544702
990,서울특별시 종로구 무악동 7-605,37.5776927,126.9549670
991,서울특별시 종로구 무악동 7-659,37.5778939,126.9546128
992,서울특별시 종로구 무악동 7-660,37.5773814,126.9550723
993,서울특별시 종로구 무악동 7-661,37.5772500,126.9551621
994,서울특별시 종로구 무악동 7-662,37.5771516,126.9553190
995,서울특별시 종로구 무악동 11-11,37.5748478,126.9576095
996,서울특별시 종로구 무악동 12-0,37.5753825,126.9569141
997,서울특별시 종로구 무악동 16-1,37.5755592,126.9565876
998,서울특별시 종로구 무악동 19-2,37.5754137,126.9567434
999,서울특별시 종로구 무악동 20-1,37.5753566,126.9568124
1000,서울특별시 종로구 무악동 23-1,37.5752071,126.9570472
1001,서울특별시 종로구 무악동 24-1,37.5751903,126.9571360
1002,서울특별시 종로구 무악동 25-1,37.5751090,126.9571497
1003,서울특별시 종로구 무악동 26-1,37.5750833,126.9572323
1004,서울특별시 종로구 무악동 26-2,37.5750129,126.9572822
1005,서울특별시 종로구 무악동 32-3,37.5749774,126.9575586
1006,서울특별시 종로구 무악동 32-4,37.5750276,126.9576789
1007,서울특별시 종로구 무악동 35-7,37.5749647,126.9578678
1008,서울특별시 종로구 무악동 37-4,37.5749599,126.9577362
1009,서울특별시 종로구 무악동 41-6,37.5744920,126.9579052
1010,서울특별시 종로구 무악동 41-7,37.5738431,126.9587079
1011,서울특별시 종로구 무악동 41-8,37.5746503,126.9579779
1012,서울특별시 종로구 무악동 42-5,37.5746358,126.9580182
1013,서울특별시 종로구 무악동 42-6,37.5748953,126.9577740
1014,서울특별시 종로구 무악동 45-253,37.5755560,126.9580416
1015,서울특별시 종로구 무악동 45-302,37.5748230,126.9581456
1016,서울특별시 종로구 무악동 45-312,37.5748452,126.9581142
1017,서울특별시 종로구 무악동 45-432,37.5739881,126.9586630
1018,서울특별시 종로구 무악동 45-452,37.5750381,126.9582005
1019,서울특별시 종로구 무악동 45-455,37.5748788,126.9582550
1020,서울특별시 종로구 무악동 45-456,37.5754274,126.9579597
1021,서울특별시 종로구 무악동 46-71,37.5738366,126.9602748
1022,서울특별시 종로구 무악동 46-82,37.5742086,126.9602616
1023,서울특별시 종로구 무악동 46-102,37.5739040,126.9601370
1024,서울특별시 종로구 무악동 46-109,37.5739034,126.9600638
1025,서울특별시 종로구 무악동 46-182,37.5740894,126.9610168
1026,서울특별시 종로구 무악동 46-184,37.5770362,126.9624034
1027,서울특별시 종로구 무악동 46-188,37.5764538,126.9620727
1028,서울특별시 종로구 무악동 46-191,37.5771143,126.9616319
1029,서울특별시 종로구 무악동 46-201,37.5744459,126.9615035
1030,서울특별시 종로구 무악동 46-215,37.5767588,126.9621986
1031,서울특별시 종로구 무악동 46-267,37.5761882,126.9620082
1032,서울특별시 종로구 무악동 46-275,37.5770140,126.9615313
1033,서울특별시 종로구 무악동 46-291,37.5770674,126.9615549
1034,서울특별시 종로구 무악동 46-950,37.5748213,126.9617760
1035,서울특별시 종로구 무악동 46-953,37.5744270,126.9614752
1036,서울특별시 종로구 무악동 46-954,37.5743994,126.9614325
1037,서울특별시 종로구 무악동 46-955,37.5743710,126.9613846
1038,서울특별시 종로구 무악동 46-956,37.5743476,126.9613420
1039,서울특별시 종로구 무악동 46-957,37.5743096,126.9612694
1040,서울특별시 종로구 무악동 46-958,37.5742843,126.9612191
1041,서울특별시 종로구 무악동 46-959,37.5742004,126.9611116
1042,서울특별시 종로구 무악동 46-962,37.5740860,126.9610119
1043,서울특별시 종로구 무악동 46-1131,37.5740294,126.9605024
1044,서울특별시 종로구 무악동 46-1147,37.5740092,126.9600025
1045,서울특별시 종로구 무악동 46-1148,37.5740047,126.9599286
1046,서울특별시 종로구 무악동 46-1369,37.5743486,126.9612532
1047,서울특별시 종로구 무악동 46-1370,37.5745814,126.9615474
1048,서울특별시 종로구 무악동 46-1425,37.5733508,126.9600270
1049,서울특별시 종로구 무악동 46-1426,37.5733286,126.9599896
1050,서울특별시 종로구 무악동 46-1536,37.5735817,126.9602295
1051,서울특별시 종로구 무악동 46-1537,37.5735101,126.9601531
1052,서울특별시 종로구 무악동 46-1543,37.5743581,126.9611574
1053,서울특별시 종로구 무악동 46-1589,37.5736405,126.9603691
1054,서울특별시 종로구 무악동 46-1613,37.5738218,126.9588168
1055,서울특별시 종로구 무악동 46-1614,37.5737623,126.9588780
1056,서울특별시 종로구 무악동 46-1727,37.5734712,126.9603851
1057,서울특별시 종로구 무악동 46-1743,37.5739681,126.9608661
1058,서울특별시 종로구 무악동 46-1749,37.5737114,126.9607096
1059,서울특별시 종로구 무악동 46-1872,37.5734295,126.9592581
1060,서울특별시 종로구 무악동 46-1906,37.5773538,126.9613765
1061,서울특별시 종로구 무악동 46-1912,37.5731987,126.9598348
1062,서울특별시 종로구 무악동 46-1915,37.5735547,126.9602162
1063,서울특별시 종로구 무악동 46-1928,37.5776469,126.9616234
1064,서울특별시 종로구 무악동 46-1997,37.5740616,126.9609924
1065,서울특별시 종로구 무악동 46-1998,37.5738902,126.9587833
1066,서울특별시 종로구 무악동 46-2000,37.5747117,126.9617884
1067,서울특별시 종로구 무악동 46-2001,37.5733571,126.9600905
1068,서울특별시 종로구 무악동 46-2003,37.5732191,126.9593299
1069,서울특별시 종로구 무악동 46-2023,37.5754918,126.9601186
1070,서울특별시 종로구 무악동 46-2052,37.5743011,126.9611503
1071,서울특별시 종로구 무악동 46-2054,37.5758371,126.9618971
1072,서울특별시 종로구 무악동 46-2063,37.5758237,126.9618619
1073,서울특별시 종로구 무악동 46-2064,37.5757794,126.9618646
1074,서울특별시 종로구 무악동 46-2071,37.5764804,126.9620614
1075,서울특별시 종로구 무악동 46-2077,37.5747853,126.9617362
1076,서울특별시 종로구 무악동 46-2079,37.5737770,126.9604798
1077,서울특별시 종로구 무악동 46-2080,37.5740474,126.9609265
1078,서울특별시 종로구 무악동 46-2081,37.5739458,126.9607901
1079,서울특별시 종로구 무악동 46-2082,37.5738276,126.9605323
1080,서울특별시 종로구 무악동 46-2083,37.5738600,126.9606556
1081,서울특별시 종로구 무악동 46-2084,37.5736868,126.9603764
1082,서울특별시 종로구 무악동 46-2087,37.5735416,126.9603513
1083,서울특별시 종로구 무악동 46-2088,37.5734635,126.9602391
1084,서울특별시 종로구 무악동 46-2089,37.5733961,126.9600585
1085,서울특별시 종로구 무악동 46-2092,37.5755852,126.9618818
1086,서울특별시 종로구 무악동 46-2093,37.5747955,126.9617461
1087,서울특별시 종로구 무악동 46-2094,37.5745850,126.9615395
1088,서울특별시 종로구 무악동 46-2095,37.5743237,126.9611899
1089,서울특별시 종로구 무악동 46-2096,37.5741171,126.9610189
1090,서울특별시 종로구 무악동 46-2098,37.5740457,126.9608078
1091,서울특별시 종로구 무악동 46-2099,37.5740992,126.9609970
1092,서울특별시 종로구 무악동 46-2100,37.5737938,126.9601580
1093,서울특별시 종로구 무악동 46-2102,37.5769263,126.9623470
1094,서울특별시 종로구 무악동 46-2113,37.5776282,126.9622974
1095,서울특별시 종로구 무악동 46-2114,37.5776494,126.9622710
1096,서울특별시 종로구 무악동 46-2116,37.5767064,126.9611774
1097,서울특별시 종로구 무악동 46-2117,37.5771599,126.9624306
1098,서울특별시 종로구 무악동 46-2118,37.5763275,126.9618973
1099,서울특별시 종로구 무악동 46-2119,37.5762201,126.9618842
1100,서울특별시 종로구 무악동 46-2122,37.5745517,126.9614529
1101,서울특별시 종로구 무악동 46-2123,37.5740913,126.9608433
1102,서울특별시 종로구 무악동 46-2125,37.5742267,126.9597841
1103,서울특별시 종로구 무악동 46-2136,37.5771116,126.9609150
1104,서울특별시 종로구 무악동 46-2139,37.5773273,126.9609214
1105,서울특별시 종로구 무악동 46-2140,37.5774559,126.9610775
1106,서울특별시 종로구 무악동 46-2149,37.5776560,126.9612606
1107,서울특별시 종로구 무악동 47-6,37.5732012,126.9594925
1108,서울특별시 종로구 무악동 47-25,37.5731528,126.9595120
1109,서울특별시 종로구 무악동 47-27,37.5731192,126.9595521
1110,서울특별시 종로구 무악동 47-31,37.5733463,126.9593138
1111,서울특별시 종로구 무악동 47-32,37.5732892,126.9593739
1112,서울특별시 종로구 무악동 47-33,37.5732349,126.9594288
1113,서울특별시 종로구 무악동 47-34,37.5731661,126.9598062
1114,서울특별시 종로구 무악동 47-43,37.5731631,126.9597886
1115,서울특별시 종로구 무악동 48-0,37.5779465,126.9569221
1116,서울특별시 종로구 무악동 57-7,37.5764534,126.9597204
1117,서울특별시 종로구 무악동 60-4,37.5771240,126.9554540
1118,서울특별시 종로구 무악동 60-5,37.5766359,126.9569728
1119,서울특별시 종로구 무악동 60-6,37.5761694,126.9576791
1120,서울특별시 종로구 무악동 60-7,37.5761285,126.9577457
1121,서울특별시 종로구 무악동 60-8,37.5763060,126.9579478
1122,서울특별시 종로구 무악동 60-9,37.5761900,126.9591847
1123,서울특별시 종로구 무악동 60-10,37.5771325,126.9599901
1124,서울특별시 종로구 무악동 63-1,37.5765768,126.9559259
1125,서울특별시 종로구 무악동 63-3,37.5764262,126.9561129
1126,서울특별시 종로구 무악동 66-7,37.5760039,126.9575604
1127,서울특별시 종로구 무악동 66-8,37.5759290,126.9578346
1128,서울특별시 종로구 무악동 66-9,37.5755121,126.9578064
1129,서울특별시 종로구 무악동 66-10,37.5756693,126.9572393
1130,서울특별시 종로구 무악동 81-1,37.5761332,126.9600999
1131,서울특별시 종로구 무악동 81-3,37.5772684,126.9615834
1132,서울특별시 종로구 무악동 81-5,37.5766031,126.9608576
1133,서울특별시 종로구 무악동 81-8,37.5753536,126.9599145
1134,서울특별시 종로구 무악동 81-9,37.5755573,126.9578914
1135,서울특별시 종로구 무악동 81-10,37.5755063,126.9576788
1136,서울특별시 종로구 무악동 81-19,37.5761652,126.9593816
1137,서울특별시 종로구 무악동 83-1,37.5746761,126.9586634
1138,서울특별시 종로구 무악동 83-2,37.5749080,126.9593840
1139,서울특별시 종로구 무악동 83-3,37.5759066,126.9604166
1140,서울특별시 종로구 무악동 83-4,37.5743891,126.9588647
1141,서울특별시 종로구 무악동 85-0,37.5769603,126.9622989
1142,서울특별시 종로구 무악동 88-1,37.5758537,126.9603076
1143,서울특별시 종로구 무악동 88-2,37.5757502,126.9602572
1144,서울특별시 종로구 무악동 88-3,37.5755810,126.9600975
1145,서울특별시 종로구 무악동 89-2,37.5742569,126.9584401
1146,서울특별시 종로구 무악동 89-3,37.5732354,126.9594855
1147,서울특별시 종로구 무악동 89-4,37.5734247,126.9600466
1148,서울특별시 종로구 무악동 2-1,37.5759437,126.9563751
1149,서울특별시 종로구 무악동 2-7,37.5765444,126.9603893
1150,서울특별시 종로구 무악동 2-8,37.5784880,126.9597619
1151,서울특별시 종로구 무악동 2-9,37.5785942,126.9594120
1152,서울특별시 종로구 무악동 2-11,37.5788311,126.9598634
1153,서울특별시 종로구 무악동 2-12,37.5787901,126.9595820
1154,서울특별시 종로구 무악동 2-13,37.5786437,126.9598435
1155,서울특별시 종로구 무악동 2-14,37.5783735,126.9598102
1156,서울특별시 종로구 무악동 2-15,37.5783976,126.9595111
1157,서울특별시 종로구 무악동 2-16,37.5783666,126.9592925
1158,서울특별시 종로구 무악동 2-17,37.5782944,126.9592038
1159,서울특별시 종로구 무악동 2-18,37.5782454,126.9591292
1160,서울특별시 종로구 무악동 2-20,37.5780405,126.9594372
1161,서울특별시 종로구 무악동 2-21,37.5784782,126.9592440
1162,서울특별시 종로구 무악동 2-22,37.5781535,126.9591169
1163,서울특별시 종로구 무악동 2-23,37.5785096,126.9607942
1164,서울특별시 종로구 무악동 2-24,37.5777933,126.9594729
1165,서울특별시 종로구 무악동 2-25,37.5789044,126.9597521
1166,서울특별시 종로구 무악동 2-35,37.5769972,126.9605516
1167,서울특별시 종로구 무악동 2-39,37.5781521,126.9605367
1168,서울특별시 종로구 무악동 2-40,37.5780244,126.9603304
1169,서울특별시 종로구 무악동 2-64,37.5783495,126.9599962
1170,서울특별시 종로구 무악동 2-66,37.5771921,126.9586643
1171,서울특별시 종로구 무악동 2-68,37.5779450,126.9596138
1172,서울특별시 종로구 무악동 2-69,37.5779529,126.9590095
1173,서울특별시 종로구 무악동 2-71,37.5780639,126.9614668
1174,서울특별시 종로구 무악동 2-74,37.5778993,126.9612010
1175,서울특별시 종로구 무악동 2-79,37.5769495,126.9601855
1176,서울특별시 종로구 무악동 2-80,37.5780705,126.9598252
1177,서울특별시 종로구 무악동 2-83,37.5774134,126.9605660
1178,서울특별시 종로구 무악동 2-84,37.5781890,126.9608023
1179,서울특별시 종로구 무악동 3-1,37.5758500,126.9562644
1180,서울특별시 종로구 무악동 3-4,37.5794607,126.9579573
1181,서울특별시 종로구 무악동 3-8,37.5781853,126.9586447
1182,서울특별시 종로구 무악동 3-9,37.5784996,126.9540928
1183,서울특별시 종로구 무악동 3-10,37.5786086,126.9542293
1184,서울특별시 종로구 무악동 3-11,37.5789227,126.9564760
1185,서울특별시 종로구 무악동 3-12,37.5787000,126.9560444
1186,서울특별시 종로구 무악동 4-5,37.5768100,126.9556298
1187,서울특별시 중구 무교동 1-2,37.5686561,126.9793747
1188,서울특별시 중구 무교동 1-3,37.5688320,126.9798116
1189,서울특별시 중구 무교동 7-1,37.5683357,126.9795899
1190,서울특별시 중구 무교동 7-2,37.5685077,126.9793680
1191,서울특별시 중구 무교동 13-1,37.5679476,126.9796064
1192,서울특별시 중구 무교동 21-10,37.5686214,126.9790067
1193,서울특별시 중구 무교동 21-11,37.5686456,126.9785668
1194,서울특별시 중구 무교동 22-4,37.5669820,126.9795263
1195,서울특별시 중구 무교동 23-1,37.5670309,126.9791110
1196,서울특별시 중구 무교동 24-1,37.5672279,126.9791201
1197,서울특별시 중구 무교동 32-5,37.5673101,126.9791149
1198,서울특별시 중구 무교동 33-3,37.5674157,126.9791251
1199,서울특별시 중구 무교동 39-4,37.5675881,126.9786299
1200,서울특별시 중구 무교동 44-1,37.5676857,126.9792652
1201,서울특별시 중구 무교동 44-5,37.5672421,126.9787271
1202,서울특별시 중구 무교동 45-2,37.5680757,126.9783313
1203,서울특별시 중구 무교동 45-3,37.5679355,126.9791400
1204,서울특별시 중구 무교동 47-3,37.5681663,126.9788866
1205,서울특별시 중구 무교동 55-2,37.5682032,126.9783437
1206,서울특별시 중구 무교동 56-1,37.5681664,126.9784240
1207,서울특별시 중구 무교동 56-2,37.5681823,126.9785983
1208,서울특별시 중구 무교동 78-0,37.5686270,126.9787857
1209,서울특별시 중구 무교동 79-0,37.5689328,126.9790832
1210,서울특별시 중구 무교동 80-0,37.5686141,126.9790840
1211,서울특별시 중구 무교동 80-1,37.5689416,126.9787386
1212,서울특별시 중구 무교동 93-0,37.5690509,126.9780061
1213,서울특별시 중구 무교동 94-12,37.5690047,126.9781595
1214,서울특별시 중구 무교동 94-14,37.5690905,126.9781993
1215,서울특별시 중구 무교동 96-1,37.5688050,126.9779509
1216,서울특별시 중구 무교동 96-2,37.5686469,126.9784990
1217,서울특별시 중구 무교동 97-1,37.5686241,126.9783179
1218,서울특별시 중구 무교동 97-3,37.5684548,126.9791422
1219,서울특별시 중구 무교동 97-4,37.5682573,126.9791411
1220,서울특별시 중구 무교동 97-5,37.5682027,126.9785702
1221,서울특별시 중구 무교동 97-6,37.5682275,126.9782676
1222,서울특별시 중구 다동 1-0,37.5689109,126.9824443
1223,서울특별시 중구 다동 2-4,37.5687063,126.9824143
1224,서울특별시 중구 다동 2-6,37.5687608,126.9823322
1225,서울특별시 중구 다동 4-0,37.5688901,126.9823456
1226,서울특별시 중구 다동 10-1,37.5686026,126.9811740
1227,서울특별시 중구 다동 10-2,37.5685454,126.9820955
1228,서울특별시 중구 다동 13-0,37.5688360,126.9819223
1229,서울특별시 중구 다동 15-0,37.5688459,126.9816275
1230,서울특별시 중구 다동 15-1,37.5686565,126.9810863
1231,서울특별시 중구 다동 15-2,37.5689875,126.9817639
1232,서울특별시 중구 다동 17-0,37.5688339,126.9811795
1233,서울특별시 중구 다동 20-1,37.5688457,126.9809263
1234,서울특별시 중구 다동 22-2,37.5688627,126.9806399
1235,서울특별시 중구 다동 24-2,37.5689195,126.9803102
1236,서울특별시 중구 다동 33-1,37.5686877,126.9810275
1237,서울특별시 중구 다동 33-2,37.5684224,126.9810998
1238,서울특별시 중구 다동 33-6,37.5678807,126.9805651
1239,서울특별시 중구 다동 35-1,37.5682406,126.9807351
1240,서울특별시 중구 다동 39-1,37.5687035,126.9798958
1241,서울특별시 중구 다동 39-2,37.5683652,126.9798798
1242,서울특별시 중구 다동 46-1,37.5679654,126.9799019
1243,서울특별시 중구 다동 50-1,37.5679076,126.9799609
1244,서울특별시 중구 다동 51-1,37.5677952,126.9805254
1245,서울특별시 중구 다동 52-1,37.5677700,126.9806336
1246,서울특별시 중구 다동 53-6,37.5677608,126.9807100
1247,서울특별시 중구 다동 56-0,37.5682050,126.9811619
1248,서울특별시 중구 다동 60-1,37.5679375,126.9812496
1249,서울특별시 중구 다동 60-2,37.5678398,126.9810484
1250,서울특별시 중구 다동 70-1,37.5683012,126.9812365
1251,서울특별시 중구 다동 70-2,37.5681407,126.9812858
1252,서울특별시 중구 다동 70-3,37.5681849,126.9819884
1253,서울특별시 중구 다동 70-5,37.5679062,126.9808974
1254,서울특별시 중구 다동 71-1,37.5679879,126.9815898
1255,서울특별시 중구 다동 82-4,37.5683878,126.9825177
1256,서울특별시 중구 다동 85-1,37.5684605,126.9825191
1257,서울특별시 중구 다동 85-2,37.5682878,126.9825156
1258,서울특별시 중구 다동 85-3,37.5682575,126.9820959
1259,서울특별시 중구 다동 85-4,37.5681873,126.9820279
1260,서울특별시 중구 다동 88-1,37.5679894,126.9824325
1261,서울특별시 중구 다동 88-2,37.5678675,126.9821251
1262,서울특별시 중구 다동 88-3,37.5676417,126.9820957
1263,서울특별시 중구 다동 88-4,37.5675276,126.9822218
1264,서울특별시 중구 다동 88-5,37.5675275,126.9824065
1265,서울특별시 중구 다동 91-1,37.5679341,126.9814995
1266,서울특별시 중구 다동 97-1,37.5674844,126.9817118
1267,서울특별시 중구 다동 97-2,37.5667798,126.9814478
1268,서울특별시 중구 다동 97-4,37.5671465,126.9820879
1269,서울특별시 중구 다동 97-9,37.5681884,126.9810255
1270,서울특별시 중구 다동 97-14,37.5674379,126.9820989
1271,서울특별시 중구 다동 103-1,37.5672864,126.9820536
1272,서울특별시 중구 다동 103-2,37.5674685,126.9821218
1273,서울특별시 중구 다동 103-7,37.5673876,126.9805059
1274,서울특별시 중구 다동 103-8,37.5674110,126.9801036
1275,서울특별시 중구 다동 111-1,37.5670676,126.9820679
1276,서울특별시 중구 다동 111-2,37.5667915,126.9822774
1277,서울특별시 중구 다동 124-1,37.5675159,126.9820147
1278,서울특별시 중구 다동 132-1,37.5677008,126.9807134
1279,서울특별시 중구 다동 134-2,37.5673303,126.9808479
1280,서울특별시 중구 다동 139-0,37.5672039,126.9808660
1281,서울특별시 중구 다동 140-1,37.5671641,126.9814482
1282,서울특별시 중구 다동 140-2,37.5669097,126.9811896
1283,서울특별시 중구 다동 140-4,37.5669087,126.9814364
1284,서울특별시 중구 다동 155-3,37.5671302,126.9798502
1285,서울특별시 중구 다동 155-4,37.5673560,126.9801520
1286,서울특별시 중구 다동 155-5,37.5672485,126.9807632
1287,서울특별시 중구 다동 155-6,37.5669872,126.9807852
1288,서울특별시 중구 다동 155-7,37.5669457,126.9804405
1289,서울특별시 중구 다동 166-1,37.5677388,126.9805864
1290,서울특별시 중구 다동 170-3,37.5678004,126.9803180
1291,서울특별시 중구 다동 171-1,37.5678584,126.9800051
1292,서울특별시 중구 다동 172-3,37.5676896,126.9806826
1293,서울특별시 중구 다동 181-1,37.5674051,126.9799150
1294,서울특별시 중구 다동 188-1,37.5668936,126.9803736
1295,서울특별시 중구 태평로1가 1-0,37.5690784,126.9776007
1296,서울특별시 중구 태평로1가 18-2,37.5682203,126.9780913
1297,서울특별시 중구 태평로1가 18-3,37.5680705,126.9782897
1298,서울특별시 중구 태평로1가 18-4,37.5686424,126.9779863
1299,서울특별시 중구 태평로1가 18-5,37.5682223,126.9779654
1300,서울특별시 중구 태평로1가 19-2,37.5680211,126.9774106
1301,서울특별시 중구 태평로1가 19-4,37.5681650,126.9779135
1302,서울특별시 중구 태평로1가 25-2,37.5675529,126.9782155
1303,서울특별시 중구 태평로1가 25-4,37.5681114,126.9777827
1304,서울특별시 중구 태평로1가 29-4,37.5681544,126.9782340
1305,서울특별시 중구 태평로1가 29-5,37.5681668,126.9780065
1306,서울특별시 중구 태평로1가 29-8,37.5679593,126.9782910
1307,서울특별시 중구 태평로1가 30-3,37.5678842,126.9783546
1308,서울특별시 중구 태평로1가 31-1,37.5675098,126.9782696
1309,서울특별시 중구 태평로1가 31-11,37.5673038,126.9785019
1310,서울특별시 중구 태평로1가 31-33,37.5670201,126.9784177
1311,서울특별시 중구 태평로1가 31-34,37.5670561,126.9780031
1312,서울특별시 중구 태평로1가 31-42,37.5676815,126.9783417
1313,서울특별시 중구 태평로1가 32-2,37.5670297,126.9786937
1314,서울특별시 중구 태평로1가 33-4,37.5669908,126.9788493
1315,서울특별시 중구 태평로1가 33-6,37.5669003,126.9791205
1316,서울특별시 중구 태평로1가 34-4,37.5669607,126.9791568
1317,서울특별시 중구 태평로1가 36-4,37.5660635,126.9782439
1318,서울특별시 중구 태평로1가 54-3,37.5660948,126.9776954
1319,서울특별시 중구 태평로1가 60-5,37.5671533,126.9767048
1320,서울특별시 중구 태평로1가 60-16,37.5677369,126.9759136
1321,서울특별시 중구 태평로1가 60-20,37.5669503,126.9769213
1322,서울특별시 중구 태평로1가 60-21,37.5678359,126.9756772
1323,서울특별시 중구 태평로1가 60-22,37.5678625,126.9768873
1324,서울특별시 중구 태평로1가 61-14,37.5686372,126.9767394
1325,서울특별시 중구 태평로1가 61-18,37.5685841,126.9768182
1326,서울특별시 중구 태평로1가 61-20,37.5685533,126.9769003
1327,서울특별시 중구 태평로1가 61-29,37.5675963,126.9771825
1328,서울특별시 중구 태평로1가 62-1,37.5689970,126.9761355
1329,서울특별시 중구 태평로1가 62-8,37.5686434,126.9762597
1330,서울특별시 중구 태평로1가 62-13,37.5689626,126.9760449
1331,서울특별시 중구 태평로1가 63-1,37.5690129,126.9767354
1332,서울특별시 중구 태평로1가 63-2,37.5685948,126.9769645
1333,서울특별시 중구 태평로1가 63-8,37.5685847,126.9769337
1334,서울특별시 중구 태평로1가 63-17,37.5688738,126.9771755
1335,서울특별시 중구 태평로1가 67-4,37.5691708,126.9760707
1336,서울특별시 중구 태평로1가 69-2,37.5692296,126.9759985
1337,서울특별시 중구 태평로1가 71-2,37.5693162,126.9759153
1338,서울특별시 중구 태평로1가 72-4,37.5693156,126.9757855
1339,서울특별시 중구 태평로1가 73-1,37.5691485,126.9759515
1340,서울특별시 중구 태평로1가 84-1,37.5683492,126.9773890
1341,서울특별시 중구 을지로1가 8-0,37.5664021,126.9791310
1342,서울특별시 중구 을지로1가 8-2,37.5662249,126.9789518
1343,서울특별시 중구 을지로1가 10-3,37.5663171,126.9789879
1344,서울특별시 중구 을지로1가 10-4,37.5662490,126.9789360
1345,서울특별시 중구 을지로1가 12-4,37.5661785,126.9785394
1346,서울특별시 중구 을지로1가 12-5,37.5668198,126.9791463
1347,서울특별시 중구 을지로1가 16-6,37.5664606,126.9796727
1348,서울특별시 중구 을지로1가 16-7,37.5665013,126.9797082
1349,서울특별시 중구 을지로1가 16-8,37.5664174,126.9796578
1350,서울특별시 중구 을지로1가 16-9,37.5661665,126.9794155
1351,서울특별시 중구 을지로1가 31-0,37.5668490,126.9798115
1352,서울특별시 중구 을지로1가 32-1,37.5668883,126.9795150
1353,서울특별시 중구 을지로1가 38-1,37.5668444,126.9803763
1354,서울특별시 중구 을지로1가 46-0,37.5666594,126.9798655
1355,서울특별시 중구 을지로1가 50-1,37.5659748,126.9793666
1356,서울특별시 중구 을지로1가 53-0,37.5662278,126.9796932
1357,서울특별시 중구 을지로1가 53-7,37.5664687,126.9797415
1358,서울특별시 중구 을지로1가 79-1,37.5667993,126.9810235
1359,서울특별시 중구 을지로1가 83-4,37.5665133,126.9806330
1360,서울특별시 중구 을지로1가 87-1,37.5667865,126.9810553
1361,서울특별시 중구 을지로1가 87-2,37.5667657,126.9812026
1362,서울특별시 중구 을지로1가 87-3,37.5665602,126.9815190
1363,서울특별시 중구 을지로1가 93-1,37.5667643,126.9812400
1364,서울특별시 중구 을지로1가 95-4,37.5664808,126.9815463
1365,서울특별시 중구 을지로1가 95-5,37.5667771,126.9813755
1366,서울특별시 중구 을지로1가 100-1,37.5660678,126.9820761
1367,서울특별시 중구 을지로1가 101-2,37.5666523,126.9816208
1368,서울특별시 중구 을지로1가 101-3,37.5665009,126.9815904
1369,서울특별시 중구 을지로1가 101-4,37.5662846,126.9815697
1370,서울특별시 중구 을지로1가 101-5,37.5666795,126.9823991
1371,서울특별시 중구 을지로1가 102-2,37.5661656,126.9820104
1372,서울특별시 중구 을지로1가 107-1,37.5666737,126.9818020
1373,서울특별시 중구 을지로1가 108-1,37.5666761,126.9817333
1374,서울특별시 중구 을지로1가 110-1,37.5666748,126.9818897
1375,서울특별시 중구 을지로1가 115-1,37.5665552,126.9824510
1376,서울특별시 중구 을지로1가 116-2,37.5664442,126.9824139
1377,서울특별시 중구 을지로1가 118-0,37.5662782,126.9822824
1378,서울특별시 중구 을지로1가 140-4,37.5654946,126.9823597
1379,서울특별시 중구 을지로1가 142-1,37.5658512,126.9821602
1380,서울특별시 중구 을지로1가 165-1,37.5659083,126.9814770
1381,서울특별시 중구 을지로1가 178-4,37.5659262,126.9809917
1382,서울특별시 중구 을지로1가 180-2,37.5659208,126.9803411
1383,서울특별시 중구 을지로1가 181-3,37.5659488,126.9796995
1384,서울특별시 중구 을지로1가 185-1,37.5659207,126.9796538
1385,서울특별시 중구 을지로1가 189-2,37.5657879,126.9796510
1386,서울특별시 중구 을지로1가 190-2,37.5657356,126.9796488
1387,서울특별시 중구 을지로1가 192-7,37.5659496,126.9793198
1388,서울특별시 중구 을지로1가 192-30,37.5656229,126.9796440
1389,서울특별시 중구 을지로1가 192-31,37.5654699,126.9796510
1390,서울특별시 중구 을지로1가 192-33,37.5653754,126.9795133
1391,서울특별시 중구 을지로1가 192-35,37.5655007,126.9796978
1392,서울특별시 중구 을지로1가 192-37,37.5657868,126.9788828
1393,서울특별시 중구 을지로1가 192-41,37.5654423,126.9797002
1394,서울특별시 중구 을지로1가 194-2,37.5653039,126.9789258
1395,서울특별시 중구 을지로1가 198-1,37.5658111,126.9792758
1396,서울특별시 중구 을지로1가 198-6,37.5657649,126.9792553
1397,서울특별시 중구 을지로1가 200-0,37.5658495,126.9792317
1398,서울특별시 중구 을지로1가 201-2,37.5658461,126.9789968
1399,서울특별시 중구 을지로1가 203-0,37.5656193,126.9789932
1400,서울특별시 중구 을지로1가 203-1,37.5656697,126.9790917
1401,서울특별시 중구 을지로1가 204-0,37.5657993,126.9787974
1402,서울특별시 중구 을지로1가 205-1,37.5659224,126.9788691
1403,서울특별시 중구 을지로1가 205-3,37.5658055,126.9788689
1404,서울특별시 중구 을지로1가 208-0,37.5657955,126.9785716
1405,서울특별시 중구 을지로1가 216-0,37.5658291,126.9783694
1406,서울특별시 중구 을지로2가 1-1,37.5662701,126.9832119
1407,서울특별시 중구 을지로2가 3-3,37.5661959,126.9835737
1408,서울특별시 중구 을지로2가 9-7,37.5660553,126.9836492
1409,서울특별시 중구 을지로2가 9-8,37.5668887,126.9843887
1410,서울특별시 중구 을지로2가 9-15,37.5664051,126.9842254
1411,서울특별시 중구 을지로2가 14-1,37.5668646,126.9844053
1412,서울특별시 중구 을지로2가 17-0,37.5665800,126.9844950
1413,서울특별시 중구 을지로2가 17-2,37.5667912,126.9850709
1414,서울특별시 중구 을지로2가 17-3,37.5667386,126.9856453
1415,서울특별시 중구 을지로2가 18-6,37.5661871,126.9843618
1416,서울특별시 중구 을지로2가 19-3,37.5661863,126.9845543
1417,서울특별시 중구 을지로2가 20-2,37.5661866,126.9848146
1418,서울특별시 중구 을지로2가 22-4,37.5661864,126.9850665
1419,서울특별시 중구 을지로2가 37-2,37.5661921,126.9853341
1420,서울특별시 중구 을지로2가 40-2,37.5661970,126.9856014
1421,서울특별시 중구 을지로2가 41-2,37.5662023,126.9857363
1422,서울특별시 중구 을지로2가 42-0,37.5661907,126.9858767
1423,서울특별시 중구 을지로2가 43-2,37.5662289,126.9858910
1424,서울특별시 중구 을지로2가 50-1,37.5665525,126.9857895
1425,서울특별시 중구 을지로2가 50-2,37.5667493,126.9859070
1426,서울특별시 중구 을지로2가 50-3,37.5667680,126.9866559
1427,서울특별시 중구 을지로2가 50-4,37.5667931,126.9871098
1428,서울특별시 중구 을지로2가 50-5,37.5663384,126.9872257
1429,서울특별시 중구 을지로2가 55-7,37.5662172,126.9862751
1430,서울특별시 중구 을지로2가 65-1,37.5665797,126.9873892
1431,서울특별시 중구 을지로2가 65-35,37.5664421,126.9873619
1432,서울특별시 중구 을지로2가 65-37,37.5662370,126.9865905
1433,서울특별시 중구 을지로2가 65-39,37.5665103,126.9873220
1434,서울특별시 중구 을지로2가 68-3,37.5662387,126.9868526
1435,서울특별시 중구 을지로2가 68-4,37.5662355,126.9867932
1436,서울특별시 중구 을지로2가 69-2,37.5662413,126.9869409
1437,서울특별시 중구 을지로2가 69-4,37.5662436,126.9870094
1438,서울특별시 중구 을지로2가 75-1,37.5668376,126.9873526
1439,서울특별시 중구 을지로2가 101-31,37.5665954,126.9887165
1440,서울특별시 중구 을지로2가 108-1,37.5665001,126.9875862
1441,서울특별시 중구 을지로2가 123-0,37.5661295,126.9896486
1442,서울특별시 중구 을지로2가 130-2,37.5657926,126.9897880
1443,서울특별시 중구 을지로2가 148-2,37.5656599,126.9877789
1444,서울특별시 중구 을지로2가 148-85,37.5656238,126.9877558
1445,서울특별시 중구 을지로2가 148-104,37.5656125,126.9878000
1446,서울특별시 중구 을지로2가 148-133,37.5654409,126.9868882
1447,서울특별시 중구 을지로2가 149-10,37.5661291,126.9880065
1448,서울특별시 중구 을지로2가 153-2,37.5660024,126.9875890
1449,서울특별시 중구 을지로2가 155-1,37.5658538,126.9875503
1450,서울특별시 중구 을지로2가 156-0,37.5657847,126.9875004
1451,서울특별시 중구 을지로2가 157-2,37.5658174,126.9874150
1452,서울특별시 중구 을지로2가 159-0,37.5659643,126.9874793
1453,서울특별시 중구 을지로2가 161-2,37.5659799,126.9873413
1454,서울특별시 중구 을지로2가 168-14,37.5654007,126.9859513
1455,서울특별시 중구 을지로2가 168-15,37.5653794,126.9859454
1456,서울특별시 중구 을지로2가 168-16,37.5653643,126.9859438
1457,서울특별시 중구 을지로2가 168-19,37.5653370,126.9859397
1458,서울특별시 중구 을지로2가 168-24,37.5653707,126.9859247
1459,서울특별시 중구 을지로2가 168-28,37.5649737,126.9865148
1460,서울특별시 중구 을지로2가 168-44,37.5653270,126.9859710
1461,서울특별시 중구 을지로2가 168-45,37.5652196,126.9859232
1462,서울특별시 중구 을지로2가 173-12,37.5659295,126.9864177
1463,서울특별시 중구 을지로2가 179-2,37.5659588,126.9859482
1464,서울특별시 중구 을지로2가 180-2,37.5657937,126.9859344
1465,서울특별시 중구 을지로2가 181-3,37.5653896,126.9843250
1466,서울특별시 중구 을지로2가 181-5,37.5658040,126.9858138
1467,서울특별시 중구 을지로2가 185-1,37.5657068,126.9858815
1468,서울특별시 중구 을지로2가 185-4,37.5653871,126.9858434
1469,서울특별시 중구 을지로2가 185-5,37.5653332,126.9865237
1470,서울특별시 중구 을지로2가 185-7,37.5654471,126.9858596
1471,서울특별시 중구 을지로2가 185-8,37.5653330,126.9861498
1472,서울특별시 중구 을지로2가 185-9,37.5651509,126.9859519
1473,서울특별시 중구 을지로2가 185-11,37.5651872,126.9865453
1474,서울특별시 중구 을지로2가 192-4,37.5657082,126.9859366
1475,서울특별시 중구 을지로2가 192-12,37.5657233,126.9859347
1476,서울특별시 중구 을지로2가 192-13,37.5654543,126.9859352
1477,서울특별시 중구 을지로2가 192-15,37.5656776,126.9859346
1478,서울특별시 중구 을지로2가 192-16,37.5655748,126.9859356
1479,서울특별시 중구 을지로2가 192-17,37.5656441,126.9859353
1480,서울특별시 중구 을지로2가 193-2,37.5660614,126.9854115
1481,서울특별시 중구 을지로2가 195-2,37.5649586,126.9845621
1482,서울특별시 중구 을지로2가 195-4,37.5650050,126.9843991
1483,서울특별시 중구 을지로2가 195-23,37.5647519,126.9848963
1484,서울특별시 중구 을지로2가 198-3,37.5658508,126.9832405
1485,서울특별시 중구 을지로2가 199-10,37.5652163,126.9835617
1486,서울특별시 중구 을지로2가 199-20,37.5656443,126.9839550
1487,서울특별시 중구 을지로2가 199-26,37.5656379,126.9839564
1488,서울특별시 중구 을지로2가 199-49,37.5647079,126.9832395
1489,서울특별시 중구 을지로2가 199-80,37.5654423,126.9841909
1490,서울특별시 중구 을지로2가 199-82,37.5646571,126.9842955
1491,서울특별시 중구 을지로2가 201-0,37.5667733,126.9840823
1492,서울특별시 중구 을지로2가 202-1,37.5667903,126.9854451
1493,서울특별시 중구 을지로2가 202-2,37.5669319,126.9844858
1494,서울특별시 중구 을지로2가 202-3,37.5666620,126.9844321
1495,서울특별시 중구 을지로2가 203-2,37.5656433,126.9890495
1496,서울특별시 중구 을지로2가 203-3,37.5656522,126.9878319
1497,서울특별시 중구 을지로2가 204-1,37.5667925,126.9849033
1498,서울특별시 중구 을지로2가 204-3,37.5667829,126.9837678
1499,서울특별시 중구 을지로2가 205-1,37.5665326,126.9877780
1500,서울특별시 중구 을지로2가 205-2,37.5664941,126.9883471
1501,서울특별시 중구 을지로2가 207-0,37.5653686,126.9867819
1502,서울특별시 중구 을지로2가 208-0,37.5652553,126.9858718
1503,서울특별시 중구 을지로2가 210-0,37.5650713,126.9865421
1504,서울특별시 중구 을지로2가 215-1,37.5657706,126.9897051
1505,서울특별시 중구 남대문로1가 9-0,37.5687754,126.9828579
1506,서울특별시 중구 남대문로1가 14-4,37.5686031,126.9830182
1507,서울특별시 중구 남대문로1가 18-5,37.5678585,126.9830633
1508,서울특별시 중구 남대문로1가 19-2,37.5678600,126.9829698
1509,서울특별시 중구 남대문로1가 19-3,37.5675379,126.9829542
1510,서울특별시 중구 남대문로1가 20-1,37.5674771,126.9829512
1511,서울특별시 중구 남대문로1가 22-2,37.5670150,126.9829317
1512,서울특별시 중구 남대문로1가 22-4,37.5669342,126.9830075
1513,서울특별시 중구 남대문로1가 22-5,37.5669629,126.9829286
1514,서울특별시 중구 남대문로1가 22-12,37.5670488,126.9830035
1515,서울특별시 중구 남대문로1가 23-2,37.5668995,126.9829175
1516,서울특별시 중구 남대문로1가 25-2,37.5667116,126.9829191
1517,서울특별시 중구 남대문로1가 26-1,37.5667825,126.9830248
1518,서울특별시 중구 남대문로1가 26-3,37.5663902,126.9830014
1519,서울특별시 중구 남대문로1가 31-1,37.5663461,126.9829218
1520,서울특별시 중구 남대문로1가 31-3,37.5663312,126.9829209
1521,서울특별시 중구 남대문로1가 35-0,37.5664974,126.9828909
1522,서울특별시 중구 남대문로1가 43-0,37.5669150,126.9828903
1523,서울특별시 중구 남대문로1가 45-0,37.5672484,126.9829139
1524,서울특별시 중구 남대문로1가 48-1,37.5676886,126.9829297
1525,서울특별시 중구 남대문로1가 48-5,37.5667263,126.9827723
1526,서울특별시 중구 남대문로1가 48-6,37.5676489,126.9828125
1527,서울특별시 중구 남대문로1가 48-7,37.5672148,126.9830864
1528,서울특별시 중구 남대문로1가 48-9,37.5668156,126.9828444
1529,서울특별시 중구 남대문로1가 50-0,37.5681468,126.9829332
1530,서울특별시 중구 남대문로1가 54-1,37.5687208,126.9829620
1531,서울특별시 중구 남대문로1가 54-2,37.5685678,126.9829654
1532,서울특별시 중구 남대문로1가 59-0,37.5683352,126.9827175
1533,서울특별시 중구 남대문로1가 59-1,37.5678941,126.9826832
1534,서울특별시 중구 남대문로1가 72-0,37.5673365,126.9826813
1535,서울특별시 중구 남대문로1가 82-0,37.5668800,126.9826662
1536,서울특별시 중구 남대문로1가 83-0,37.5666779,126.9826743
1537,서울특별시 중구 남대문로1가 85-0,37.5664202,126.9826577
1538,서울특별시 중구 남대문로1가 85-1,37.5663971,126.9827673
1539,서울특별시 중구 남대문로1가 89-0,37.5662077,126.9824800
1540,서울특별시 중구 남대문로1가 90-1,37.5662600,126.9825313
1541,서울특별시 중구 남대문로1가 91-1,37.5663137,126.9825450
1542,서울특별시 중구 남대문로1가 91-3,37.5663134,126.9824685
1543,서울특별시 중구 남대문로1가 92-1,37.5663727,126.9825345
1544,서울특별시 중구 남대문로1가 93-1,37.5664704,126.9825735
1545,서울특별시 중구 남대문로1가 93-4,37.5665825,126.9825368
1546,서울특별시 중구 남대문로1가 94-5,37.5666836,126.9824725
1547,서울특별시 중구 남대문로1가 94-6,37.5664515,126.9826508
1548,서울특별시 중구 남대문로1가 95-1,37.5666637,126.9825389
1549,서울특별시 중구 남대문로1가 95-2,37.5667065,126.9825907
1550,서울특별시 중구 남대문로1가 97-1,37.5668679,126.9825601
1551,서울특별시 중구 남대문로1가 97-2,37.5668685,126.9826339
1552,서울특별시 중구 남대문로1가 98-2,37.5675124,126.9826484
1553,서울특별시 중구 남대문로1가 100-1,37.5673501,126.9825748
1554,서울특별시 중구 남대문로1가 108-1,37.5678955,126.9825917
1555,서울특별시 중구 남대문로1가 108-2,37.5683623,126.9826675
1556,서울특별시 중구 남대문로1가 108-3,37.5676241,126.9825176
1557,서울특별시 중구 남대문로1가 109-3,37.5680140,126.9825904
1558,서울특별시 중구 남대문로1가 110-1,37.5683560,126.9825858
1559,서울특별시 중구 남대문로1가 119-1,37.5688309,126.9826692
1560,서울특별시 중구 삼각동 6-0,37.5682171,126.9854256
1561,서울특별시 중구 삼각동 19-3,37.5684059,126.9851740
1562,서울특별시 중구 삼각동 20-2,37.5683171,126.9851614
1563,서울특별시 중구 삼각동 22-2,37.5679875,126.9854179
1564,서울특별시 중구 삼각동 22-4,37.5679999,126.9854137
1565,서울특별시 중구 삼각동 23-6,37.5686048,126.9844417
1566,서울특별시 중구 삼각동 23-7,37.5686511,126.9843163
1567,서울특별시 중구 삼각동 24-3,37.5679255,126.9851167
1568,서울특별시 중구 삼각동 26-1,37.5678747,126.9849263
1569,서울특별시 중구 삼각동 27-2,37.5677626,126.9845272
1570,서울특별시 중구 삼각동 34-1,37.5682671,126.9840726
1571,서울특별시 중구 삼각동 34-3,37.5677438,126.9839140
1572,서울특별시 중구 삼각동 34-4,37.5679244,126.9846696
1573,서울특별시 중구 삼각동 34-5,37.5675170,126.9839937
1574,서울특별시 중구 삼각동 34-7,37.5678883,126.9849746
1575,서울특별시 중구 삼각동 41-2,37.5682598,126.9851116
1576,서울특별시 중구 삼각동 46-1,37.5685308,126.9847881
1577,서울특별시 중구 삼각동 47-0,37.5685020,126.9843577
1578,서울특별시 중구 삼각동 63-4,37.5684717,126.9839435
1579,서울특별시 중구 삼각동 64-3,37.5684303,126.9837779
1580,서울특별시 중구 삼각동 66-3,37.5686463,126.9834923
1581,서울특별시 중구 삼각동 68-0,37.5686350,126.9837800
1582,서울특별시 중구 삼각동 68-1,37.5687427,126.9838547
1583,서울특별시 중구 삼각동 68-2,37.5687024,126.9838577
1584,서울특별시 중구 삼각동 70-1,37.5687703,126.9834783
1585,서울특별시 중구 삼각동 70-2,37.5688110,126.9835068
1586,서울특별시 중구 삼각동 71-3,37.5686549,126.9831683
1587,서울특별시 중구 삼각동 73-1,37.5686908,126.9831791
1588,서울특별시 중구 삼각동 93-1,37.5677487,126.9837075
1589,서울특별시 중구 삼각동 102-2,37.5676134,126.9841302
1590,서울특별시 중구 삼각동 110-1,37.5675000,126.9837472
1591,서울특별시 중구 삼각동 110-2,37.5672874,126.9836445
1592,서울특별시 중구 삼각동 110-3,37.5671729,126.9834988
1593,서울특별시 중구 삼각동 111-1,37.5673748,126.9834337
1594,서울특별시 중구 삼각동 117-1,37.5678883,126.9839905
1595,서울특별시 중구 삼각동 117-2,37.5676575,126.9840238
1596,서울특별시 중구 삼각동 118-1,37.5678534,126.9846207
1597,서울특별시 중구 삼각동 118-2,37.5679195,126.9845328
1598,서울특별시 중구 삼각동 118-5,37.5681506,126.9847190
1599,서울특별시 중구 삼각동 118-6,37.5681619,126.9854691
1600,서울특별시 중구 삼각동 119-1,37.5678943,126.9845755
1601,서울특별시 중구 삼각동 119-2,37.5680833,126.9858922
1602,서울특별시 중구 수하동 21-1,37.5675353,126.9841391
1603,서울특별시 중구 수하동 21-2,37.5680947,126.9860699
1604,서울특별시 중구 수하동 24-2,37.5677641,126.9848560
1605,서울특별시 중구 수하동 28-1,37.5675243,126.9844843
1606,서울특별시 중구 수하동 28-11,37.5680669,126.9860992
1607,서울특별시 중구 수하동 39-1,37.5675129,126.9841894
1608,서울특별시 중구 수하동 40-5,37.5674595,126.9840517
1609,서울특별시 중구 수하동 50-5,37.5668420,126.9843522
1610,서울특별시 중구 수하동 51-2,37.5673390,126.9838912
1611,서울특별시 중구 수하동 53-1,37.5672652,126.9837915
1612,서울특별시 중구 수하동 57-2,37.5671892,126.9836762
1613,서울특별시 중구 수하동 63-2,37.5671585,126.9835895
1614,서울특별시 중구 수하동 63-5,37.5670920,126.9834276
1615,서울특별시 중구 수하동 64-0,37.5667811,126.9832190
1616,서울특별시 중구 수하동 64-1,37.5668328,126.9834295
1617,서울특별시 중구 수하동 64-2,37.5667956,126.9834054
1618,서울특별시 중구 수하동 65-2,37.5669040,126.9831505
1619,서울특별시 중구 수하동 66-1,37.5671991,126.9837097
1620,서울특별시 중구 수하동 66-2,37.5671793,126.9843885
1621,서울특별시 중구 수하동 66-3,37.5668010,126.9842010
1622,서울특별시 중구 수하동 67-1,37.5675417,126.9845478
1623,서울특별시 중구 수하동 67-2,37.5670559,126.9845157
1624,서울특별시 중구 수하동 67-3,37.5672209,126.9844498
1625,서울특별시 중구 수하동 68-2,37.5667920,126.9833264
1626,서울특별시 중구 수하동 68-4,37.5680445,126.9859413
1627,서울특별시 중구 장교동 1-1,37.5679466,126.9879953
1628,서울특별시 중구 장교동 1-5,37.5668320,126.9865139
1629,서울특별시 중구 장교동 1-6,37.5674928,126.9857580
1630,서울특별시 중구 장교동 1-7,37.5678684,126.9871099
1631,서울특별시 중구 장교동 1-8,37.5676375,126.9873385
1632,서울특별시 중구 장교동 1-9,37.5668336,126.9871285
1633,서울특별시 중구 장교동 3-3,37.5679340,126.9881315
1634,서울특별시 중구 장교동 9-1,37.5679703,126.9872490
1635,서울특별시 중구 장교동 9-2,37.5679114,126.9873644
1636,서울특별시 중구 장교동 11-1,37.5678086,126.9874674
1637,서울특별시 중구 장교동 20-1,37.5679044,126.9878583
1638,서울특별시 중구 장교동 23-1,37.5673778,126.9876487
1639,서울특별시 중구 장교동 32-3,37.5670276,126.9873889
1640,서울특별시 중구 장교동 39-4,37.5672492,126.9873475
1641,서울특별시 중구 장교동 41-2,37.5673836,126.9873887
1642,서울특별시 중구 장교동 45-1,37.5680149,126.9868079
1643,서울특별시 중구 장교동 46-4,37.5680520,126.9872742
1644,서울특별시 중구 장교동 46-5,37.5681297,126.9873997
1645,서울특별시 중구 장교동 50-1,37.5680508,126.9862642
1646,서울특별시 중구 장교동 58-2,37.5681708,126.9864361
1647,서울특별시 중구 장교동 58-4,37.5680868,126.9863772
1648,서울특별시 중구 장교동 72-3,37.5679848,126.9872357
1649,서울특별시 중구 장교동 73-3,37.5675208,126.9878189
1650,서울특별시 중구 장교동 74-1,37.5668979,126.9877912
1651,서울특별시 중구 장교동 74-2,37.5669238,126.9883582
1652,서울특별시 중구 수표동 50-1,37.5674041,126.9896061
1653,서울특별시 중구 수표동 50-2,37.5680551,126.9896616
1654,서울특별시 중구 수표동 50-3,37.5680641,126.9898875
1655,서울특별시 중구 수표동 50-4,37.5681011,126.9904156
1656,서울특별시 중구 수표동 65-4,37.5679445,126.9887094
1657,서울특별시 중구 수표동 65-5,37.5680540,126.9888273
1658,서울특별시 중구 수표동 65-8,37.5675626,126.9890597
1659,서울특별시 중구 수표동 67-30,37.5675535,126.9890290
1660,서울특별시 중구 수표동 67-31,37.5675673,126.9890015
1661,서울특별시 중구 수표동 99-3,37.5677929,126.9889955
1662,서울특별시 중구 수표동 99-4,37.5673498,126.9890214
1663,서울특별시 중구 수표동 99-5,37.5678844,126.9891553
1664,서울특별시 중구 수표동 100-1,37.5678762,126.9893460
1665,서울특별시 중구 수표동 100-2,37.5675463,126.9890763
1666,서울특별시 중구 소공동 13-2,37.5638426,126.9815832
1667,서울특별시 중구 소공동 17-1,37.5645033,126.9785130
1668,서울특별시 중구 소공동 21-3,37.5639402,126.9811966
1669,서울특별시 중구 소공동 21-5,37.5638296,126.9813440
1670,서울특별시 중구 소공동 21-9,37.5639936,126.9809746
1671,서울특별시 중구 소공동 24-1,37.5638763,126.9810170
1672,서울특별시 중구 소공동 25-1,37.5638467,126.9811350
1673,서울특별시 중구 소공동 27-4,37.5636301,126.9810712
1674,서울특별시 중구 소공동 28-4,37.5638295,126.9812023
1675,서울특별시 중구 소공동 28-5,37.5637263,126.9811633
1676,서울특별시 중구 소공동 40-1,37.5626434,126.9810665
1677,서울특별시 중구 소공동 42-2,37.5624714,126.9808587
1678,서울특별시 중구 소공동 44-2,37.5630695,126.9803139
1679,서울특별시 중구 소공동 45-3,37.5627275,126.9805168
1680,서울특별시 중구 소공동 45-4,37.5627195,126.9808671
1681,서울특별시 중구 소공동 46-2,37.5623185,126.9809908
1682,서울특별시 중구 소공동 59-0,37.5631630,126.9807262
1683,서울특별시 중구 소공동 62-2,37.5635979,126.9810076
1684,서울특별시 중구 소공동 62-3,37.5635972,126.9810382
1685,서울특별시 중구 소공동 65-3,37.5636123,126.9811061
1686,서울특별시 중구 소공동 65-4,37.5635960,126.9811030
1687,서울특별시 중구 소공동 72-1,37.5639570,126.9804116
1688,서울특별시 중구 소공동 84-2,37.5636545,126.9798450
1689,서울특별시 중구 소공동 85-3,37.5635621,126.9798644
1690,서울특별시 중구 소공동 86-1,37.5638229,126.9797687
1691,서울특별시 중구 소공동 86-2,37.5637324,126.9797392
1692,서울특별시 중구 소공동 87-3,37.5642215,126.9792680
1693,서울특별시 중구 소공동 87-11,37.5641730,126.9793900
1694,서울특별시 중구 소공동 87-15,37.5639936,126.9805422
1695,서울특별시 중구 소공동 87-17,37.5651618,126.9793110
1696,서울특별시 중구 소공동 87-25,37.5654261,126.9796977
1697,서울특별시 중구 소공동 91-8,37.5650215,126.9788425
1698,서울특별시 중구 소공동 91-9,37.5648255,126.9788129
1699,서울특별시 중구 소공동 93-14,37.5649309,126.9787030
1700,서울특별시 중구 소공동 94-0,37.5646689,126.9788537
1701,서울특별시 중구 소공동 97-2,37.5650395,126.9785213
1702,서울특별시 중구 소공동 97-5,37.5651384,126.9788787
1703,서울특별시 중구 소공동 100-0,37.5652120,126.9786989
1704,서울특별시 중구 소공동 103-4,37.5649366,126.9787248
1705,서울특별시 중구 소공동 105-0,37.5648395,126.9784076
1706,서울특별시 중구 소공동 106-2,37.5647657,126.9785528
1707,서울특별시 중구 소공동 106-3,37.5647447,126.9785857
1708,서울특별시 중구 소공동 106-11,37.5645756,126.9787434
1709,서울특별시 중구 소공동 110-2,37.5641140,126.9779940
1710,서울특별시 중구 소공동 110-3,37.5641344,126.9790253
1711,서울특별시 중구 소공동 111-8,37.5638619,126.9784235
1712,서울특별시 중구 소공동 111-23,37.5640877,126.9779441
1713,서울특별시 중구 소공동 111-24,37.5641494,126.9779534
1714,서울특별시 중구 소공동 111-33,37.5638767,126.9780480
1715,서울특별시 중구 소공동 112-2,37.5634156,126.9788391
1716,서울특별시 중구 소공동 112-8,37.5638577,126.9792195
1717,서울특별시 중구 소공동 112-52,37.5628088,126.9785043
1718,서울특별시 중구 소공동 112-56,37.5630026,126.9801397
1719,서울특별시 중구 소공동 117-1,37.5632372,126.9787962
1720,서울특별시 중구 소공동 118-0,37.5643976,126.9787526
1721,서울특별시 중구 남창동 1-4,37.5605383,126.9789445
1722,서울특별시 중구 남창동 4-5,37.5605450,126.9787521
1723,서울특별시 중구 남창동 4-11,37.5604208,126.9787330
1724,서울특별시 중구 남창동 5-1,37.5605121,126.9791912
1725,서울특별시 중구 남창동 5-2,37.5602334,126.9787025
1726,서울특별시 중구 남창동 5-3,37.5598738,126.9791102
1727,서울특별시 중구 남창동 9-12,37.5600227,126.9786738
1728,서울특별시 중구 남창동 9-19,37.5594079,126.9791499
1729,서울특별시 중구 남창동 9-22,37.5594160,126.9791531
1730,서울특별시 중구 남창동 9-24,37.5593727,126.9791326
1731,서울특별시 중구 남창동 9-38,37.5594531,126.9792176
1732,서울특별시 중구 남창동 9-46,37.5596106,126.9786727
1733,서울특별시 중구 남창동 9-47,37.5594557,126.9791470
1734,서울특별시 중구 남창동 34-27,37.5599633,126.9771228
1735,서울특별시 중구 남창동 34-47,37.5599488,126.9769900
1736,서울특별시 중구 남창동 34-62,37.5599451,126.9768836
1737,서울특별시 중구 남창동 34-76,37.5599779,126.9767201
1738,서울특별시 중구 남창동 34-102,37.5597209,126.9767036
1739,서울특별시 중구 남창동 34-145,37.5596756,126.9769754
1740,서울특별시 중구 남창동 34-159,37.5599896,126.9765804
1741,서울특별시 중구 남창동 34-160,37.5599486,126.9765759
1742,서울특별시 중구 남창동 34-161,37.5598848,126.9765758
1743,서울특별시 중구 남창동 34-162,37.5598392,126.9765758
1744,서울특별시 중구 남창동 34-163,37.5599211,126.9765758
1745,서울특별시 중구 남창동 46-22,37.5595621,126.9783884
1746,서울특별시 중구 남창동 46-41,37.5591287,126.9779999
1747,서울특별시 중구 남창동 46-43,37.5589276,126.9780322
1748,서울특별시 중구 남창동 46-44,37.5589766,126.9780084
1749,서울특별시 중구 남창동 48-23,37.5589285,126.9777457
1750,서울특별시 중구 남창동 48-25,37.5589023,126.9778528
1751,서울특별시 중구 남창동 48-26,37.5589066,126.9776510
1752,서울특별시 중구 남창동 49-199,37.5589372,126.9774195
1753,서울특별시 중구 남창동 50-38,37.5592164,126.9769265
1754,서울특별시 중구 남창동 50-58,37.5593436,126.9765380
1755,서울특별시 중구 남창동 51-4,37.5593023,126.9757806
1756,서울특별시 중구 남창동 51-5,37.5597498,126.9765378
1757,서울특별시 중구 남창동 51-7,37.5593942,126.9764982
1758,서울특별시 중구 남창동 51-8,37.5591277,126.9765094
1759,서울특별시 중구 남창동 51-10,37.5589717,126.9761499
1760,서울특별시 중구 남창동 51-11,37.5589624,126.9758173
1761,서울특별시 중구 남창동 51-13,37.5595583,126.9759298
1762,서울특별시 중구 남창동 51-14,37.5591461,126.9759528
1763,서울특별시 중구 남창동 51-15,37.5590388,126.9759599
1764,서울특별시 중구 남창동 52-4,37.5588101,126.9760672
1765,서울특별시 중구 남창동 52-7,37.5586479,126.9760150
1766,서울특별시 중구 남창동 52-8,37.5586107,126.9761506
1767,서울특별시 중구 남창동 60-8,37.5584833,126.9768619
1768,서울특별시 중구 남창동 60-22,37.5583834,126.9768666
1769,서울특별시 중구 남창동 60-23,37.5583014,126.9768605
1770,서울특별시 중구 남창동 61-8,37.5585222,126.9758634
1771,서울특별시 중구 남창동 64-1,37.5590776,126.9772619
1772,서울특별시 중구 남창동 64-3,37.5589333,126.9775928
1773,서울특별시 중구 남창동 64-4,37.5587722,126.9774195
1774,서울특별시 중구 남창동 64-5,37.5586251,126.9776872
1775,서울특별시 중구 남창동 64-6,37.5583086,126.9773022
1776,서울특별시 중구 남창동 64-8,37.5587716,126.9759302
1777,서울특별시 중구 남창동 64-9,37.5585780,126.9768516
1778,서울특별시 중구 남창동 64-10,37.5585328,126.9764882
1779,서울특별시 중구 남창동 64-11,37.5585151,126.9763116
1780,서울특별시 중구 남창동 64-12,37.5584928,126.9761349
1781,서울특별시 중구 남창동 64-13,37.5580348,126.9768489
1782,서울특별시 중구 남창동 64-14,37.5577735,126.9766305
1783,서울특별시 중구 남창동 64-15,37.5577755,126.9764966
1784,서울특별시 중구 남창동 116-1,37.5588059,126.9785775
1785,서울특별시 중구 남창동 116-6,37.5586558,126.9785725
1786,서울특별시 중구 남창동 120-1,37.5585930,126.9784509
1787,서울특별시 중구 남창동 123-1,37.5585336,126.9784142
1788,서울특별시 중구 남창동 123-6,37.5585034,126.9784357
1789,서울특별시 중구 남창동 123-7,37.5581473,126.9781665
1790,서울특별시 중구 남창동 167-21,37.5578223,126.9783312
1791,서울특별시 중구 남창동 189-1,37.5575174,126.9779720
1792,서울특별시 중구 남창동 190-1,37.5574811,126.9782984
1793,서울특별시 중구 남창동 190-7,37.5573748,126.9781251
1794,서울특별시 중구 남창동 190-16,37.5573271,126.9782070
1795,서울특별시 중구 남창동 190-25,37.5574846,126.9780150
1796,서울특별시 중구 남창동 190-26,37.5575348,126.9783312
1797,서울특별시 중구 남창동 191-3,37.5571897,126.9786533
1798,서울특별시 중구 남창동 196-4,37.5567389,126.9783567
1799,서울특별시 중구 남창동 196-6,37.5567381,126.9782866
1800,서울특별시 중구 남창동 196-7,37.5567162,126.9785626
1801,서울특별시 중구 남창동 196-8,37.5567469,126.9786349
1802,서울특별시 중구 남창동 201-3,37.5568864,126.9785105
1803,서울특별시 중구 남창동 201-6,37.5568947,126.9785775
1804,서울특별시 중구 남창동 202-3,37.5567538,126.9791921
1805,서울특별시 중구 남창동 202-10,37.5567272,126.9792009
1806,서울특별시 중구 남창동 203-3,37.5565545,126.9795139
1807,서울특별시 중구 남창동 203-17,37.5567562,126.9792332
1808,서울특별시 중구 남창동 205-5,37.5562496,126.9771216
1809,서울특별시 중구 남창동 205-21,37.5565059,126.9779765
1810,서울특별시 중구 남창동 205-30,37.5570976,126.9777030
1811,서울특별시 중구 남창동 205-41,37.5571126,126.9776906
1812,서울특별시 중구 남창동 205-52,37.5564012,126.9782725
1813,서울특별시 중구 남창동 205-56,37.5571348,126.9776862
1814,서울특별시 중구 남창동 205-57,37.5572284,126.9775018
1815,서울특별시 중구 남창동 205-59,37.5574427,126.9777803
1816,서울특별시 중구 남창동 205-69,37.5571136,126.9777174
1817,서울특별시 중구 남창동 205-85,37.5563105,126.9771625
1818,서울특별시 중구 남창동 205-105,37.5561984,126.9775405
1819,서울특별시 중구 남창동 205-106,37.5562119,126.9774998
1820,서울특별시 중구 남창동 205-107,37.5561464,126.9781995
1821,서울특별시 중구 남창동 205-109,37.5562315,126.9778715
1822,서울특별시 중구 남창동 205-110,37.5563477,126.9773093
1823,서울특별시 중구 남창동 205-113,37.5562447,126.9773753
1824,서울특별시 중구 남창동 205-147,37.5563495,126.9773647
1825,서울특별시 중구 남창동 205-149,37.5574004,126.9773356
1826,서울특별시 중구 남창동 205-159,37.5562990,126.9769119
1827,서울특별시 중구 남창동 205-165,37.5561748,126.9770798
1828,서울특별시 중구 남창동 205-167,37.5561884,126.9774413
1829,서울특별시 중구 남창동 205-168,37.5561796,126.9776758
1830,서울특별시 중구 남창동 205-178,37.5554797,126.9770630
1831,서울특별시 중구 남창동 205-179,37.5554380,126.9771085
1832,서울특별시 중구 남창동 205-180,37.5554380,126.9771085
1833,서울특별시 중구 남창동 205-181,37.5574569,126.9778834
1834,서울특별시 중구 남창동 205-182,37.5574569,126.9778834
1835,서울특별시 중구 남창동 205-194,37.5570484,126.9778284
1836,서울특별시 중구 남창동 205-195,37.5574450,126.9775941
1837,서울특별시 중구 남창동 205-197,37.5565593,126.9786256
1838,서울특별시 중구 남창동 205-198,37.5563648,126.9783248
1839,서울특별시 중구 남창동 205-199,37.5563568,126.9782885
1840,서울특별시 중구 남창동 205-200,37.5563402,126.9782100
1841,서울특별시 중구 남창동 205-201,37.5563147,126.9780842
1842,서울특별시 중구 남창동 205-202,37.5562368,126.9777843
1843,서울특별시 중구 남창동 205-203,37.5563279,126.9784395
1844,서울특별시 중구 남창동 205-216,37.5561974,126.9774212
1845,서울특별시 중구 남창동 205-217,37.5562132,126.9775566
1846,서울특별시 중구 남창동 205-219,37.5565006,126.9786350
1847,서울특별시 중구 남창동 205-220,37.5562738,126.9781545
1848,서울특별시 중구 남창동 205-221,37.5563839,126.9786373
1849,서울특별시 중구 남창동 205-225,37.5571891,126.9773261
1850,서울특별시 중구 남창동 205-227,37.5574045,126.9773290
1851,서울특별시 중구 남창동 207-0,37.5570160,126.9773870
1852,서울특별시 중구 남창동 207-1,37.5570256,126.9773339
1853,서울특별시 중구 남창동 209-2,37.5570170,126.9771753
1854,서울특별시 중구 남창동 209-3,37.5569091,126.9774421
1855,서울특별시 중구 남창동 209-4,37.5573258,126.9773148
1856,서울특별시 중구 남창동 209-8,37.5574492,126.9768670
1857,서울특별시 중구 남창동 210-1,37.5570253,126.9771331
1858,서울특별시 중구 남창동 210-6,37.5569298,126.9770225
1859,서울특별시 중구 남창동 213-10,37.5566636,126.9771387
1860,서울특별시 중구 남창동 216-2,37.5564653,126.9767504
1861,서울특별시 중구 남창동 216-4,37.5565322,126.9767521
1862,서울특별시 중구 남창동 217-0,37.5567308,126.9765362
1863,서울특별시 중구 남창동 217-1,37.5566051,126.9764442
1864,서울특별시 중구 남창동 224-2,37.5566707,126.9766441
1865,서울특별시 중구 남창동 224-4,37.5567922,126.9766056
1866,서울특별시 중구 남창동 234-3,37.5571158,126.9765585
1867,서울특별시 중구 남창동 235-1,37.5577269,126.9763437
1868,서울특별시 중구 남창동 235-2,37.5577353,126.9764642
1869,서울특별시 중구 남창동 236-2,37.5575202,126.9766769
1870,서울특별시 중구 남창동 236-21,37.5572273,126.9765609
1871,서울특별시 중구 남창동 236-28,37.5573209,126.9765589
1872,서울특별시 중구 남창동 239-1,37.5574425,126.9763150
1873,서울특별시 중구 남창동 244-2,37.5570652,126.9772716
1874,서울특별시 중구 남창동 244-6,37.5570372,126.9772102
1875,서울특별시 중구 남창동 282-10,37.5592055,126.9755445
1876,서울특별시 중구 남창동 282-11,37.5584688,126.9760489
1877,서울특별시 중구 북창동 6-1,37.5635460,126.9787905
1878,서울특별시 중구 북창동 14-6,37.5637681,126.9784972
1879,서울특별시 중구 북창동 18-13,37.5630271,126.9778174
1880,서울특별시 중구 북창동 23-1,37.5627062,126.9773964
1881,서울특별시 중구 북창동 23-5,37.5624327,126.9774523
1882,서울특별시 중구 북창동 25-0,37.5624091,126.9773677
1883,서울특별시 중구 북창동 38-3,37.5637046,126.9776999
1884,서울특별시 중구 북창동 38-4,37.5637222,126.9776759
1885,서울특별시 중구 북창동 42-4,37.5637153,126.9777451
1886,서울특별시 중구 북창동 70-3,37.5624538,126.9775469
1887,서울특별시 중구 북창동 73-1,37.5625505,126.9779319
1888,서울특별시 중구 북창동 91-3,37.5626935,126.9783262
1889,서울특별시 중구 북창동 92-1,37.5627917,126.9785090
1890,서울특별시 중구 북창동 93-31,37.5623265,126.9790450
1891,서울특별시 중구 북창동 93-38,37.5622672,126.9789262
1892,서울특별시 중구 북창동 93-52,37.5618411,126.9787795
1893,서울특별시 중구 북창동 93-58,37.5622855,126.9789125
1894,서울특별시 중구 북창동 93-76,37.5625388,126.9788207
1895,서울특별시 중구 북창동 93-89,37.5622829,126.9787941
1896,서울특별시 중구 북창동 93-97,37.5622814,126.9788109
1897,서울특별시 중구 북창동 94-2,37.5619577,126.9782735
1898,서울특별시 중구 북창동 94-11,37.5623016,126.9779857
1899,서울특별시 중구 북창동 94-28,37.5623538,126.9784255
1900,서울특별시 중구 북창동 94-57,37.5623149,126.9782703
1901,서울특별시 중구 북창동 94-64,37.5622163,126.9782572
1902,서울특별시 중구 북창동 95-1,37.5621355,126.9776853
1903,서울특별시 중구 북창동 99-4,37.5621590,126.9775755
1904,서울특별시 중구 북창동 106-2,37.5620371,126.9782729
1905,서울특별시 중구 북창동 108-4,37.5617670,126.9783262
1906,서울특별시 중구 북창동 108-11,37.5617057,126.9781820
1907,서울특별시 중구 북창동 108-17,37.5614787,126.9784200
1908,서울특별시 중구 북창동 118-1,37.5618768,126.9778004
1909,서울특별시 중구 북창동 122-1,37.5615623,126.9776796
1910,서울특별시 중구 북창동 129-4,37.5615718,126.9783864
1911,서울특별시 중구 북창동 129-9,37.5616331,126.9783667
1912,서울특별시 중구 태평로2가 1-3,37.5654908,126.9785009
1913,서울특별시 중구 태평로2가 8-0,37.5650691,126.9780310
1914,서울특별시 중구 태평로2가 15-1,37.5649063,126.9777189
1915,서울특별시 중구 태평로2가 16-1,37.5649933,126.9777247
1916,서울특별시 중구 태평로2가 17-0,37.5648395,126.9779166
1917,서울특별시 중구 태평로2가 17-3,37.5653470,126.9777004
1918,서울특별시 중구 태평로2가 24-1,37.5647822,126.9775907
1919,서울특별시 중구 태평로2가 24-4,37.5647752,126.9775990
1920,서울특별시 중구 태평로2가 25-1,37.5646924,126.9775245
1921,서울특별시 중구 태평로2가 26-0,37.5645668,126.9778048
1922,서울특별시 중구 태평로2가 27-8,37.5644992,126.9779041
1923,서울특별시 중구 태평로2가 32-3,37.5640629,126.9778697
1924,서울특별시 중구 태평로2가 43-1,37.5645568,126.9776910
1925,서울특별시 중구 태평로2가 43-2,37.5642602,126.9779578
1926,서울특별시 중구 태평로2가 45-0,37.5639111,126.9773776
1927,서울특별시 중구 태평로2가 49-2,37.5638685,126.9776595
1928,서울특별시 중구 태평로2가 54-1,37.5638408,126.9774480
1929,서울특별시 중구 태평로2가 57-2,37.5638481,126.9771907
1930,서울특별시 중구 태평로2가 68-11,37.5633278,126.9770899
1931,서울특별시 중구 태평로2가 70-0,37.5629100,126.9771110
1932,서울특별시 중구 태평로2가 71-0,37.5618854,126.9766715
1933,서울특별시 중구 태평로2가 81-0,37.5651798,126.9784996
1934,서울특별시 중구 태평로2가 111-0,37.5610827,126.9757179
1935,서울특별시 중구 태평로2가 111-2,37.5611454,126.9757832
1936,서울특별시 중구 태평로2가 112-0,37.5610033,126.9755957
1937,서울특별시 중구 태평로2가 113-1,37.5630057,126.9765941
1938,서울특별시 중구 태평로2가 115-0,37.5608572,126.9755545
1939,서울특별시 중구 태평로2가 117-0,37.5609159,126.9754931
1940,서울특별시 중구 태평로2가 120-6,37.5608351,126.9744883
1941,서울특별시 중구 태평로2가 120-7,37.5608168,126.9753189
1942,서울특별시 중구 태평로2가 121-2,37.5608309,126.9753958
1943,서울특별시 중구 태평로2가 134-3,37.5608566,126.9743675
1944,서울특별시 중구 태평로2가 134-5,37.5607769,126.9752411
1945,서울특별시 중구 태평로2가 138-2,37.5608351,126.9744278
1946,서울특별시 중구 태평로2가 161-0,37.5620376,126.9749742
1947,서울특별시 중구 태평로2가 161-1,37.5614627,126.9756588
1948,서울특별시 중구 태평로2가 161-2,37.5619073,126.9757410
1949,서울특별시 중구 태평로2가 200-1,37.5612537,126.9757056
1950,서울특별시 중구 태평로2가 201-3,37.5612396,126.9755842
1951,서울특별시 중구 태평로2가 207-0,37.5614629,126.9757663
1952,서울특별시 중구 태평로2가 209-0,37.5615817,126.9758844
1953,서울특별시 중구 태평로2가 213-1,37.5617795,126.9760511
1954,서울특별시 중구 태평로2가 220-1,37.5617617,126.9757999
1955,서울특별시 중구 태평로2가 221-2,37.5618350,126.9758185
1956,서울특별시 중구 태평로2가 231-1,37.5624219,126.9747385
1957,서울특별시 중구 태평로2가 231-2,37.5619955,126.9751858
1958,서울특별시 중구 태평로2가 231-3,37.5619413,126.9753586
1959,서울특별시 중구 태평로2가 248-0,37.5626877,126.9758380
1960,서울특별시 중구 태평로2가 251-0,37.5625278,126.9748813
1961,서울특별시 중구 태평로2가 252-0,37.5620654,126.9753137
1962,서울특별시 중구 태평로2가 272-2,37.5626960,126.9760250
1963,서울특별시 중구 태평로2가 272-3,37.5627738,126.9754175
1964,서울특별시 중구 태평로2가 272-9,37.5618917,126.9757502
1965,서울특별시 중구 태평로2가 272-13,37.5627549,126.9758092
1966,서울특별시 중구 태평로2가 272-14,37.5627864,126.9756786
1967,서울특별시 중구 태평로2가 279-2,37.5619030,126.9758320
1968,서울특별시 중구 태평로2가 280-0,37.5619947,126.9759952
1969,서울특별시 중구 태평로2가 286-0,37.5622786,126.9761115
1970,서울특별시 중구 태평로2가 288-0,37.5624945,126.9761948
1971,서울특별시 중구 태평로2가 291-2,37.5623763,126.9760122
1972,서울특별시 중구 태평로2가 305-1,37.5627236,126.9762798
1973,서울특별시 중구 태평로2가 308-1,37.5629527,126.9762889
1974,서울특별시 중구 태평로2가 310-2,37.5627631,126.9757375
1975,서울특별시 중구 태평로2가 310-3,37.5627239,126.9759204
1976,서울특별시 중구 태평로2가 310-4,37.5626873,126.9760831
1977,서울특별시 중구 태평로2가 326-0,37.5629871,126.9764569
1978,서울특별시 중구 태평로2가 328-0,37.5633334,126.9765675
1979,서울특별시 중구 태평로2가 335-0,37.5638245,126.9761468
1980,서울특별시 중구 태평로2가 340-3,37.5638070,126.9764660
1981,서울특별시 중구 태평로2가 342-1,37.5635148,126.9766244
1982,서울특별시 중구 태평로2가 343-0,37.5635778,126.9766821
1983,서울특별시 중구 태평로2가 344-2,37.5637731,126.9765105
1984,서울특별시 중구 태평로2가 345-3,37.5637416,126.9766892
1985,서울특별시 중구 태평로2가 346-2,37.5636569,126.9759768
1986,서울특별시 중구 태평로2가 353-1,37.5644847,126.9767515
1987,서울특별시 중구 태평로2가 356-0,37.5646041,126.9769938
1988,서울특별시 중구 태평로2가 357-0,37.5644933,126.9770538
1989,서울특별시 중구 태평로2가 362-2,37.5644491,126.9765097
1990,서울특별시 중구 태평로2가 365-1,37.5646575,126.9761579
1991,서울특별시 중구 태평로2가 365-2,37.5643405,126.9765461
1992,서울특별시 중구 태평로2가 370-1,37.5646750,126.9761762
1993,서울특별시 중구 태평로2가 374-0,37.5652482,126.9781875
1994,서울특별시 중구 태평로2가 375-0,37.5653762,126.9783485
1995,서울특별시 중구 남대문로2가 1-0,37.5657870,126.9829966
1996,서울특별시 중구 남대문로2가 1-6,37.5656059,126.9830241
1997,서울특별시 중구 남대문로2가 1-7,37.5625781,126.9818547
1998,서울특별시 중구 남대문로2가 3-0,37.5656434,126.9829335
1999,서울특별시 중구 남대문로2가 3-2,37.5656023,126.9830073
2000,서울특별시 중구 남대문로2가 4-1,37.5654498,126.9828003
2001,서울특별시 중구 남대문로2가 4-4,37.5654769,126.9829506
2002,서울특별시 중구 남대문로2가 4-5,37.5655704,126.9828998
2003,서울특별시 중구 남대문로2가 4-6,37.5655507,126.9829293
2004,서울특별시 중구 남대문로2가 4-8,37.5654958,126.9828559
2005,서울특별시 중구 남대문로2가 5-5,37.5654465,126.9828116
2006,서울특별시 중구 남대문로2가 8-2,37.5646832,126.9826033
2007,서울특별시 중구 남대문로2가 8-4,37.5649888,126.9828078
2008,서울특별시 중구 남대문로2가 9-9,37.5640791,126.9821645
2009,서울특별시 중구 남대문로2가 9-11,37.5639890,126.9822810
2010,서울특별시 중구 남대문로2가 9-12,37.5644331,126.9825738
2011,서울특별시 중구 남대문로2가 9-13,37.5644182,126.9826881
2012,서울특별시 중구 남대문로2가 11-5,37.5640624,126.9824656
2013,서울특별시 중구 남대문로2가 13-0,37.5640832,126.9823742
2014,서울특별시 중구 남대문로2가 14-1,37.5638568,126.9823512
2015,서울특별시 중구 남대문로2가 14-5,37.5637799,126.9823807
2016,서울특별시 중구 남대문로2가 15-4,37.5637350,126.9823693
2017,서울특별시 중구 남대문로2가 16-2,37.5636034,126.9821828
2018,서울특별시 중구 남대문로2가 16-13,37.5635779,126.9822978
2019,서울특별시 중구 남대문로2가 16-17,37.5635889,126.9823359
2020,서울특별시 중구 남대문로2가 16-18,37.5636466,126.9822972
2021,서울특별시 중구 남대문로2가 16-19,37.5635515,126.9821605
2022,서울특별시 중구 남대문로2가 17-2,37.5631837,126.9819957
2023,서울특별시 중구 남대문로2가 18-1,37.5633412,126.9821567
2024,서울특별시 중구 남대문로2가 23-4,37.5625809,126.9817783
2025,서울특별시 중구 남대문로2가 26-2,37.5624204,126.9815853
2026,서울특별시 중구 남대문로2가 26-4,37.5625196,126.9816045
2027,서울특별시 중구 남대문로2가 35-0,37.5620952,126.9813877
2028,서울특별시 중구 남대문로2가 36-0,37.5619715,126.9812952
2029,서울특별시 중구 남대문로2가 37-0,37.5625897,126.9816329
2030,서울특별시 중구 남대문로2가 40-1,37.5625468,126.9814571
2031,서울특별시 중구 남대문로2가 45-0,37.5632064,126.9819506
2032,서울특별시 중구 남대문로2가 54-0,37.5636187,126.9821316
2033,서울특별시 중구 남대문로2가 55-0,37.5640829,126.9823134
2034,서울특별시 중구 남대문로2가 60-0,37.5646352,126.9825399
2035,서울특별시 중구 남대문로2가 67-0,37.5657877,126.9828650
2036,서울특별시 중구 남대문로2가 68-0,37.5657786,126.9826234
2037,서울특별시 중구 남대문로2가 71-0,37.5652867,126.9825207
2038,서울특별시 중구 남대문로2가 71-1,37.5654641,126.9826764
2039,서울특별시 중구 남대문로2가 71-2,37.5653727,126.9825352
2040,서울특별시 중구 남대문로2가 82-0,37.5647015,126.9823271
2041,서울특별시 중구 남대문로2가 82-5,37.5636702,126.9818733
2042,서울특별시 중구 남대문로2가 86-0,37.5643700,126.9822142
2043,서울특별시 중구 남대문로2가 86-1,37.5642598,126.9821611
2044,서울특별시 중구 남대문로2가 87-1,37.5641081,126.9821008
2045,서울특별시 중구 남대문로2가 91-1,37.5639060,126.9820124
2046,서울특별시 중구 남대문로2가 92-1,37.5637323,126.9818003
2047,서울특별시 중구 남대문로2가 93-1,37.5636436,126.9818982
2048,서울특별시 중구 남대문로2가 94-0,37.5636436,126.9818982
2049,서울특별시 중구 남대문로2가 95-0,37.5633659,126.9817800
2050,서울특별시 중구 남대문로2가 96-0,37.5633659,126.9817800
2051,서울특별시 중구 남대문로2가 97-0,37.5631779,126.9816980
2052,서울특별시 중구 남대문로2가 98-0,37.5630920,126.9816618
2053,서울특별시 중구 남대문로2가 99-0,37.5630355,126.9816341
2054,서울특별시 중구 남대문로2가 100-0,37.5630355,126.9816341
2055,서울특별시 중구 남대문로2가 101-0,37.5627017,126.9813420
2056,서울특별시 중구 남대문로2가 102-0,37.5627017,126.9813420
2057,서울특별시 중구 남대문로2가 105-0,37.5627017,126.9813420
2058,서울특별시 중구 남대문로2가 106-0,37.5622610,126.9811452
2059,서울특별시 중구 남대문로2가 107-0,37.5622610,126.9811452
2060,서울특별시 중구 남대문로2가 108-0,37.5622610,126.9811452
2061,서울특별시 중구 남대문로2가 109-0,37.5622047,126.9811070
2062,서울특별시 중구 남대문로2가 109-1,37.5622316,126.9811083
2063,서울특별시 중구 남대문로2가 110-0,37.5622648,126.9810505
2064,서울특별시 중구 남대문로2가 110-1,37.5622346,126.9809670
2065,서울특별시 중구 남대문로2가 123-4,37.5635305,126.9818358
2066,서울특별시 중구 남대문로2가 127-0,37.5637704,126.9818695
2067,서울특별시 중구 남대문로2가 130-2,37.5638445,126.9819357
2068,서울특별시 중구 남대문로2가 130-3,37.5643383,126.9821171
2069,서울특별시 중구 남대문로2가 130-4,37.5638832,126.9818695
2070,서울특별시 중구 남대문로2가 130-7,37.5640646,126.9820078
2071,서울특별시 중구 남대문로2가 134-4,37.5645938,126.9821914
2072,서울특별시 중구 남대문로2가 136-2,37.5648254,126.9823406
2073,서울특별시 중구 남대문로2가 138-2,37.5653784,126.9824935
2074,서울특별시 중구 남대문로2가 138-4,37.5648837,126.9823045
2075,서울특별시 중구 남대문로2가 140-1,37.5654056,126.9824112
2076,서울특별시 중구 남대문로3가 12-10,37.5612235,126.9798638
2077,서울특별시 중구 남대문로3가 12-11,37.5612181,126.9798324
2078,서울특별시 중구 남대문로3가 12-12,37.5612114,126.9797863
2079,서울특별시 중구 남대문로3가 12-13,37.5612085,126.9797543
2080,서울특별시 중구 남대문로3가 13-3,37.5611783,126.9789331
2081,서울특별시 중구 남대문로3가 16-6,37.5611664,126.9795315
2082,서울특별시 중구 남대문로3가 18-0,37.5611720,126.9793309
2083,서울특별시 중구 남대문로3가 19-1,37.5611602,126.9792676
2084,서울특별시 중구 남대문로3가 19-2,37.5611423,126.9791794
2085,서울특별시 중구 남대문로3가 19-3,37.5611505,126.9792156
2086,서울특별시 중구 남대문로3가 21-2,37.5610643,126.9789892
2087,서울특별시 중구 남대문로3가 22-1,37.5610790,126.9788378
2088,서울특별시 중구 남대문로3가 30-13,37.5606640,126.9783008
2089,서울특별시 중구 남대문로3가 86-1,37.5610587,126.9778837
2090,서울특별시 중구 남대문로3가 99-0,37.5614729,126.9790396
2091,서울특별시 중구 남대문로3가 110-2,37.5620589,126.9809916
2092,서울특별시 중구 남대문로3가 110-3,37.5624571,126.9807054
2093,서울특별시 중구 남대문로3가 110-4,37.5615047,126.9801077
2094,서울특별시 중구 남대문로3가 110-5,37.5614369,126.9806979
2095,서울특별시 중구 남대문로3가 110-6,37.5618609,126.9810812
2096,서울특별시 중구 남대문로3가 110-7,37.5616648,126.9810961
2097,서울특별시 중구 남대문로4가 1-2,37.5608593,126.9775066
2098,서울특별시 중구 남대문로4가 1-3,37.5608689,126.9774828
2099,서울특별시 중구 남대문로4가 3-6,37.5604052,126.9763389
2100,서울특별시 중구 남대문로4가 5-2,37.5607338,126.9771204
2101,서울특별시 중구 남대문로4가 5-3,37.5607503,126.9771071
2102,서울특별시 중구 남대문로4가 10-1,37.5605538,126.9765862
2103,서울특별시 중구 남대문로4가 17-13,37.5615417,126.9774462
2104,서울특별시 중구 남대문로4가 17-14,37.5607099,126.9760695
2105,서울특별시 중구 남대문로4가 20-49,37.5602493,126.9766191
2106,서울특별시 중구 남대문로4가 20-58,37.5603218,126.9766167
2107,서울특별시 중구 남대문로4가 24-0,37.5601443,126.9748513
2108,서울특별시 중구 남대문로4가 24-1,37.5607360,126.9767946
2109,서울특별시 중구 남대문로4가 30-2,37.5603344,126.9734132
2110,서울특별시 중구 남대문로4가 31-2,37.5598760,126.9745992
2111,서울특별시 중구 남대문로4가 45-5,37.5610101,126.9738395
2112,서울특별시 중구 남대문로4가 45-7,37.5601964,126.9745371
2113,서울특별시 중구 남대문로4가 45-11,37.5612543,126.9735091
2114,서울특별시 중구 남대문로4가 47-4,37.5609827,126.9741139
2115,서울특별시 중구 남대문로4가 47-7,37.5605390,126.9748959
2116,서울특별시 중구 남대문로4가 48-1,37.5607166,126.9748693
2117,서울특별시 중구 남대문로4가 64-2,37.5606692,126.9762451
2118,서울특별시 중구 남대문로4가 64-4,37.5606679,126.9759937
2119,서울특별시 중구 남대문로4가 67-2,37.5608558,126.9767851
2120,서울특별시 중구 남대문로4가 71-3,37.5610139,126.9772865
2121,서울특별시 중구 남대문로4가 71-5,37.5611468,126.9775713
2122,서울특별시 중구 남대문로4가 76-4,37.5611219,126.9774950
2123,서울특별시 중구 남대문로4가 76-5,37.5611411,126.9775221
2124,서울특별시 중구 남대문로5가 1-3,37.5589656,126.9739713
2125,서울특별시 중구 남대문로5가 1-4,37.5592251,126.9742090
2126,서울특별시 중구 남대문로5가 1-5,37.5595716,126.9749427
2127,서울특별시 중구 남대문로5가 1-6,37.5590807,126.9744050
2128,서울특별시 중구 남대문로5가 2-2,37.5587503,126.9738573
2129,서울특별시 중구 남대문로5가 3-8,37.5587120,126.9737284
2130,서울특별시 중구 남대문로5가 9-2,37.5578469,126.9729689
2131,서울특별시 중구 남대문로5가 9-3,37.5581114,126.9730190
2132,서울특별시 중구 남대문로5가 26-1,37.5595061,126.9750860
2133,서울특별시 중구 남대문로5가 26-4,37.5594019,126.9750681
2134,서울특별시 중구 남대문로5가 26-7,37.5592784,126.9750937
2135,서울특별시 중구 남대문로5가 26-8,37.5592937,126.9750743
2136,서울특별시 중구 남대문로5가 29-1,37.5592661,126.9751654
2137,서울특별시 중구 남대문로5가 30-1,37.5590440,126.9753402
2138,서울특별시 중구 남대문로5가 30-4,37.5589811,126.9753378
2139,서울특별시 중구 남대문로5가 35-2,37.5586709,126.9749472
2140,서울특별시 중구 남대문로5가 35-5,37.5587464,126.9750361
2141,서울특별시 중구 남대문로5가 36-6,37.5586683,126.9743954
2142,서울특별시 중구 남대문로5가 37-2,37.5585165,126.9751060
2143,서울특별시 중구 남대문로5가 38-1,37.5583882,126.9751536
2144,서울특별시 중구 남대문로5가 38-3,37.5583647,126.9751606
2145,서울특별시 중구 남대문로5가 41-2,37.5581974,126.9750557
2146,서울특별시 중구 남대문로5가 41-5,37.5583103,126.9752074
2147,서울특별시 중구 남대문로5가 41-6,37.5581962,126.9750826
2148,서울특별시 중구 남대문로5가 42-2,37.5581485,126.9749593
2149,서울특별시 중구 남대문로5가 67-3,37.5572225,126.9718583
2150,서울특별시 중구 남대문로5가 67-4,37.5568261,126.9723559
2151,서울특별시 중구 남대문로5가 73-2,37.5566288,126.9725987
2152,서울특별시 중구 남대문로5가 73-5,37.5564411,126.9726875
2153,서울특별시 중구 남대문로5가 73-6,37.5569057,126.9725622
2154,서울특별시 중구 남대문로5가 74-1,37.5564838,126.9729025
2155,서울특별시 중구 남대문로5가 75-1,37.5567085,126.9727240
2156,서울특별시 중구 남대문로5가 84-7,37.5575041,126.9734000
2157,서울특별시 중구 남대문로5가 84-13,37.5584584,126.9747751
2158,서울특별시 중구 남대문로5가 84-15,37.5574748,126.9729858
2159,서울특별시 중구 남대문로5가 84-22,37.5573161,126.9730971
2160,서울특별시 중구 남대문로5가 84-26,37.5566660,126.9737695
2161,서울특별시 중구 남대문로5가 84-32,37.5581165,126.9749528
2162,서울특별시 중구 남대문로5가 116-0,37.5589600,126.9753540
2163,서울특별시 중구 남대문로5가 117-0,37.5585744,126.9751264
2164,서울특별시 중구 남대문로5가 119-0,37.5587369,126.9750868
2165,서울특별시 중구 남대문로5가 121-0,37.5588992,126.9751490
2166,서울특별시 중구 남대문로5가 122-0,37.5582971,126.9752634
2167,서울특별시 중구 남대문로5가 126-0,37.5585661,126.9751085
2168,서울특별시 중구 남대문로5가 127-0,37.5583148,126.9752626
2169,서울특별시 중구 남대문로5가 128-0,37.5585041,126.9757853
2170,서울특별시 중구 남대문로5가 140-0,37.5583912,126.9758851
2171,서울특별시 중구 남대문로5가 141-0,37.5583852,126.9758492
2172,서울특별시 중구 남대문로5가 144-0,37.5582780,126.9757790
2173,서울특별시 중구 남대문로5가 145-0,37.5581901,126.9758812
2174,서울특별시 중구 남대문로5가 145-1,37.5577502,126.9756641
2175,서울특별시 중구 남대문로5가 147-0,37.5582298,126.9758703
2176,서울특별시 중구 남대문로5가 159-0,37.5577721,126.9760877
2177,서울특별시 중구 남대문로5가 193-0,37.5573349,126.9755548
2178,서울특별시 중구 남대문로5가 260-0,37.5572017,126.9753448
2179,서울특별시 중구 남대문로5가 261-0,37.5580809,126.9749869
2180,서울특별시 중구 남대문로5가 267-1,37.5564208,126.9757793
2181,서울특별시 중구 남대문로5가 267-2,37.5567423,126.9756501
2182,서울특별시 중구 남대문로5가 267-3,37.5569624,126.9756765
2183,서울특별시 중구 남대문로5가 267-4,37.5570718,126.9760462
2184,서울특별시 중구 남대문로5가 267-6,37.5569150,126.9761402
2185,서울특별시 중구 남대문로5가 267-7,37.5564605,126.9763420
2186,서울특별시 중구 남대문로5가 267-8,37.5560651,126.9765107
2187,서울특별시 중구 남대문로5가 267-9,37.5558321,126.9764018
2188,서울특별시 중구 남대문로5가 267-10,37.5546775,126.9763430
2189,서울특별시 중구 남대문로5가 267-11,37.5543867,126.9762747
2190,서울특별시 중구 남대문로5가 280-0,37.5571733,126.9755199
2191,서울특별시 중구 남대문로5가 281-0,37.5572444,126.9756951
2192,서울특별시 중구 남대문로5가 282-0,37.5571518,126.9758335
2193,서울특별시 중구 남대문로5가 288-0,37.5572966,126.9758833
2194,서울특별시 중구 남대문로5가 289-0,37.5573679,126.9758444
2195,서울특별시 중구 남대문로5가 290-0,37.5573959,126.9760976
2196,서울특별시 중구 남대문로5가 292-0,37.5573547,126.9762622
2197,서울특별시 중구 남대문로5가 304-0,37.5568456,126.9756038
2198,서울특별시 중구 남대문로5가 304-2,37.5569983,126.9761190
2199,서울특별시 중구 남대문로5가 381-0,37.5566249,126.9756586
2200,서울특별시 중구 남대문로5가 381-2,37.5564555,126.9765023
2201,서울특별시 중구 남대문로5가 381-5,37.5563524,126.9765108
2202,서울특별시 중구 남대문로5가 433-0,37.5559531,126.9767487
2203,서울특별시 중구 남대문로5가 435-0,37.5559931,126.9767650
2204,서울특별시 중구 남대문로5가 446-0,37.5552026,126.9767199
2205,서울특별시 중구 남대문로5가 449-0,37.5550932,126.9776385
2206,서울특별시 중구 남대문로5가 450-1,37.5547445,126.9779385
2207,서울특별시 중구 남대문로5가 457-0,37.5549619,126.9779438
2208,서울특별시 중구 남대문로5가 459-0,37.5546575,126.9780601
2209,서울특별시 중구 남대문로5가 463-0,37.5546489,126.9778755
2210,서울특별시 중구 남대문로5가 465-0,37.5545971,126.9778453
2211,서울특별시 중구 남대문로5가 466-0,37.5543747,126.9782561
2212,서울특별시 중구 남대문로5가 466-1,37.5543365,126.9784014
2213,서울특별시 중구 남대문로5가 469-1,37.5547235,126.9786668
2214,서울특별시 중구 남대문로5가 471-1,37.5539526,126.9807908
2215,서울특별시 중구 남대문로5가 490-0,37.5551173,126.9763207
2216,서울특별시 중구 남대문로5가 490-1,37.5545710,126.9764885
2217,서울특별시 중구 남대문로5가 490-3,37.5547940,126.9763615
2218,서울특별시 중구 남대문로5가 500-3,37.5543145,126.9758377
2219,서울특별시 중구 남대문로5가 500-4,37.5543246,126.9755097
2220,서울특별시 중구 남대문로5가 500-5,37.5541560,126.9763547
2221,서울특별시 중구 남대문로5가 505-0,37.5545752,126.9763383
2222,서울특별시 중구 남대문로5가 520-0,37.5566532,126.9745555
2223,서울특별시 중구 남대문로5가 521-0,37.5566606,126.9755534
2224,서울특별시 중구 남대문로5가 526-1,37.5566362,126.9748082
2225,서울특별시 중구 남대문로5가 533-0,37.5561615,126.9753428
2226,서울특별시 중구 남대문로5가 556-0,37.5547799,126.9739077
2227,서울특별시 중구 남대문로5가 580-1,37.5546780,126.9743625
2228,서울특별시 중구 남대문로5가 581-1,37.5545128,126.9738539
2229,서울특별시 중구 남대문로5가 581-2,37.5541318,126.9736363
2230,서울특별시 중구 남대문로5가 581-3,37.5539272,126.9739184
2231,서울특별시 중구 남대문로5가 581-4,37.5542924,126.9744145
2232,서울특별시 중구 남대문로5가 581-5,37.5544589,126.9743311
2233,서울특별시 중구 남대문로5가 599-1,37.5544351,126.9743490
2234,서울특별시 중구 남대문로5가 599-2,37.5540438,126.9742830
2235,서울특별시 중구 남대문로5가 599-3,37.5540714,126.9736924
2236,서울특별시 중구 남대문로5가 611-0,37.5546967,126.9742163
2237,서울특별시 중구 남대문로5가 631-1,37.5540015,126.9752914
2238,서울특별시 중구 남대문로5가 631-2,37.5535550,126.9752357
2239,서울특별시 중구 남대문로5가 631-3,37.5566953,126.9755110
2240,서울특별시 중구 남대문로5가 631-4,37.5540029,126.9762482
2241,서울특별시 중구 남대문로5가 631-5,37.5534572,126.9761160
2242,서울특별시 중구 남대문로5가 644-0,37.5566638,126.9755950
2243,서울특별시 중구 남대문로5가 644-2,37.5544550,126.9744014
2244,서울특별시 중구 남대문로5가 644-4,37.5556081,126.9763315
2245,서울특별시 중구 남대문로5가 666-0,37.5543146,126.9757674
2246,서울특별시 중구 남대문로5가 688-0,37.5536878,126.9763168
2247,서울특별시 중구 남대문로5가 739-0,37.5541899,126.9756441
2248,서울특별시 중구 남대문로5가 740-0,37.5542052,126.9756719
2249,서울특별시 중구 남대문로5가 740-1,37.5537925,126.9753588
2250,서울특별시 중구 남대문로5가 782-1,37.5535961,126.9747537
2251,서울특별시 중구 남대문로5가 803-0,37.5538427,126.9738890
2252,서울특별시 중구 남대문로5가 808-0,37.5535150,126.9764331
2253,서울특별시 중구 남대문로5가 809-0,37.5534794,126.9764439
2254,서울특별시 중구 남대문로5가 810-0,37.5534743,126.9764303
2255,서울특별시 중구 남대문로5가 811-1,37.5532992,126.9764039
2256,서울특별시 중구 남대문로5가 812-0,37.5533121,126.9764305
2257,서울특별시 중구 남대문로5가 818-0,37.5532923,126.9763189
2258,서울특별시 중구 남대문로5가 819-0,37.5532865,126.9763384
2259,서울특별시 중구 남대문로5가 820-0,37.5532553,126.9762791
2260,서울특별시 중구 남대문로5가 821-0,37.5532269,126.9763236
2261,서울특별시 중구 남대문로5가 821-1,37.5532315,126.9762399
2262,서울특별시 중구 남대문로5가 823-0,37.5540232,126.9764579
2263,서울특별시 중구 남대문로5가 823-2,37.5545711,126.9738929
2264,서울특별시 중구 남대문로5가 823-6,37.5534758,126.9758935
2265,서울특별시 중구 남대문로5가 824-0,37.5554082,126.9763348
2266,서울특별시 중구 남대문로5가 824-1,37.5551039,126.9764388
2267,서울특별시 중구 남대문로5가 825-0,37.5555069,126.9770140
2268,서울특별시 중구 남대문로5가 825-1,37.5554381,126.9770598
2269,서울특별시 중구 남대문로5가 827-1,37.5540066,126.9753736
2270,서울특별시 중구 남대문로5가 827-2,37.5541990,126.9757822
2271,서울특별시 중구 남대문로5가 827-3,37.5537485,126.9762731
2272,서울특별시 중구 남대문로5가 827-4,37.5535046,126.9761158
2273,서울특별시 중구 남대문로5가 827-5,37.5534614,126.9759795
2274,서울특별시 중구 남대문로5가 827-6,37.5536482,126.9753521
2275,서울특별시 중구 남대문로5가 831-2,37.5581648,126.9738516
2276,서울특별시 중구 남대문로5가 831-3,37.5578946,126.9750829
2277,서울특별시 중구 남대문로5가 831-4,37.5574844,126.9744016
2278,서울특별시 중구 봉래동1가 1-1,37.5597696,126.9746306
2279,서울특별시 중구 봉래동1가 1-2,37.5597647,126.9741848
2280,서울특별시 중구 봉래동1가 2-1,37.5598892,126.9745298
2281,서울특별시 중구 봉래동1가 5-5,37.5596830,126.9739965
2282,서울특별시 중구 봉래동1가 5-6,37.5596681,126.9739081
2283,서울특별시 중구 봉래동1가 5-7,37.5596565,126.9738051
2284,서울특별시 중구 봉래동1가 5-10,37.5596567,126.9737106
2285,서울특별시 중구 봉래동1가 5-11,37.5596430,126.9736375
2286,서울특별시 중구 봉래동1가 5-12,37.5596388,126.9735578
2287,서울특별시 중구 봉래동1가 5-13,37.5596314,126.9734938
2288,서울특별시 중구 봉래동1가 5-14,37.5596320,126.9734274
2289,서울특별시 중구 봉래동1가 5-15,37.5596081,126.9733842
2290,서울특별시 중구 봉래동1가 5-16,37.5595994,126.9732963
2291,서울특별시 중구 봉래동1가 5-17,37.5596117,126.9732344
2292,서울특별시 중구 봉래동1가 5-18,37.5596112,126.9734294
2293,서울특별시 중구 봉래동1가 5-19,37.5596289,126.9733817
2294,서울특별시 중구 봉래동1가 5-20,37.5596208,126.9735605
2295,서울특별시 중구 봉래동1가 5-21,37.5596206,126.9733477
2296,서울특별시 중구 봉래동1가 5-22,37.5596358,126.9737136
2297,서울특별시 중구 봉래동1가 5-23,37.5596200,126.9732940
2298,서울특별시 중구 봉래동1가 6-2,37.5596621,126.9740362
2299,서울특별시 중구 봉래동1가 13-1,37.5590725,126.9734555
2300,서울특별시 중구 봉래동1가 13-6,37.5592169,126.9734508
2301,서울특별시 중구 봉래동1가 21-1,37.5597210,126.9730787
2302,서울특별시 중구 봉래동1가 21-5,37.5597748,126.9737107
2303,서울특별시 중구 봉래동1가 22-8,37.5596547,126.9735621
2304,서울특별시 중구 봉래동1가 24-4,37.5601959,126.9734867
2305,서울특별시 중구 봉래동1가 24-5,37.5597660,126.9746731
2306,서울특별시 중구 봉래동1가 24-9,37.5599694,126.9726429
2307,서울특별시 중구 봉래동1가 24-11,37.5597970,126.9724914
2308,서울특별시 중구 봉래동1가 25-1,37.5598975,126.9727437
2309,서울특별시 중구 봉래동1가 25-2,37.5598207,126.9729185
2310,서울특별시 중구 봉래동1가 25-3,37.5598492,126.9732463
2311,서울특별시 중구 봉래동1가 25-4,37.5601113,126.9735000
2312,서울특별시 중구 봉래동1가 25-5,37.5598849,126.9736937
2313,서울특별시 중구 봉래동1가 25-6,37.5599444,126.9740238
2314,서울특별시 중구 봉래동1가 25-7,37.5600549,126.9736603
2315,서울특별시 중구 봉래동1가 25-8,37.5599334,126.9739420
2316,서울특별시 중구 봉래동1가 27-60,37.5598384,126.9731210
2317,서울특별시 중구 봉래동1가 41-1,37.5598418,126.9726293
2318,서울특별시 중구 봉래동1가 43-3,37.5597817,126.9725911
2319,서울특별시 중구 봉래동1가 45-0,37.5595906,126.9723765
2320,서울특별시 중구 봉래동1가 45-1,37.5596554,126.9724123
2321,서울특별시 중구 봉래동1가 45-3,37.5594975,126.9724176
2322,서울특별시 중구 봉래동1가 45-4,37.5594989,126.9722434
2323,서울특별시 중구 봉래동1가 45-5,37.5595080,126.9723837
2324,서울특별시 중구 봉래동1가 48-2,37.5595788,126.9728294
2325,서울특별시 중구 봉래동1가 48-4,37.5594307,126.9725006
2326,서울특별시 중구 봉래동1가 52-1,37.5594616,126.9724545
2327,서울특별시 중구 봉래동1가 52-2,37.5594814,126.9724143
2328,서울특별시 중구 봉래동1가 53-1,37.5595263,126.9723034
2329,서울특별시 중구 봉래동1가 65-8,37.5588705,126.9717211
2330,서울특별시 중구 봉래동1가 68-1,37.5588350,126.9716083
2331,서울특별시 중구 봉래동1가 68-2,37.5587570,126.9715649
2332,서울특별시 중구 봉래동1가 69-2,37.5587652,126.9714383
2333,서울특별시 중구 봉래동1가 69-3,37.5585657,126.9712231
2334,서울특별시 중구 봉래동1가 70-1,37.5584929,126.9713768
2335,서울특별시 중구 봉래동1가 72-0,37.5584921,126.9715778
2336,서울특별시 중구 봉래동1가 72-1,37.5585233,126.9717767
2337,서울특별시 중구 봉래동1가 72-2,37.5592811,126.9721834
2338,서울특별시 중구 봉래동1가 77-2,37.5586304,126.9716580
2339,서울특별시 중구 봉래동1가 97-2,37.5596042,126.9731349
2340,서울특별시 중구 봉래동1가 104-2,37.5593475,126.9742368
2341,서울특별시 중구 봉래동1가 120-1,37.5586256,126.9726987
2342,서울특별시 중구 봉래동1가 121-1,37.5586063,126.9726604
2343,서울특별시 중구 봉래동1가 122-1,37.5585767,126.9726020
2344,서울특별시 중구 봉래동1가 124-1,37.5585390,126.9724946
2345,서울특별시 중구 봉래동1가 134-1,37.5581108,126.9717881
2346,서울특별시 중구 봉래동1가 134-2,37.5580884,126.9726005
2347,서울특별시 중구 봉래동1가 135-2,37.5579650,126.9715129
2348,서울특별시 중구 봉래동1가 162-2,37.5575204,126.9716993
2349,서울특별시 중구 봉래동1가 162-3,37.5575466,126.9716007
2350,서울특별시 중구 봉래동1가 166-0,37.5598434,126.9726910
2351,서울특별시 중구 봉래동1가 166-1,37.5603838,126.9733160
2352,서울특별시 중구 봉래동2가 1-14,37.5593501,126.9707621
2353,서울특별시 중구 봉래동2가 1-15,37.5593452,126.9706740
2354,서울특별시 중구 봉래동2가 1-23,37.5593299,126.9703455
2355,서울특별시 중구 봉래동2가 1-24,37.5593284,126.9703072
2356,서울특별시 중구 봉래동2가 1-25,37.5593263,126.9702609
2357,서울특별시 중구 봉래동2가 1-27,37.5593232,126.9701900
2358,서울특별시 중구 봉래동2가 1-28,37.5593218,126.9701595
2359,서울특별시 중구 봉래동2가 1-31,37.5593082,126.9700157
2360,서울특별시 중구 봉래동2가 122-0,37.5581717,126.9695873
2361,서울특별시 중구 봉래동2가 122-1,37.5580161,126.9713881
2362,서울특별시 중구 봉래동2가 122-11,37.5562911,126.9694422
2363,서울특별시 중구 봉래동2가 122-12,37.5558828,126.9720054
2364,서울특별시 중구 봉래동2가 122-14,37.5578444,126.9697808
2365,서울특별시 중구 봉래동2가 122-15,37.5580610,126.9702527
2366,서울특별시 중구 봉래동2가 122-16,37.5574328,126.9708912
2367,서울특별시 중구 봉래동2가 122-17,37.5563011,126.9718158
2368,서울특별시 중구 봉래동2가 122-18,37.5562321,126.9720401
2369,서울특별시 중구 봉래동2가 122-19,37.5550387,126.9694157
2370,서울특별시 중구 봉래동2가 122-20,37.5550783,126.9698353
2371,서울특별시 중구 봉래동2가 122-21,37.5551173,126.9709692
2372,서울특별시 중구 봉래동2가 122-22,37.5558440,126.9697964
2373,서울특별시 중구 봉래동2가 122-23,37.5558466,126.9706542
2374,서울특별시 중구 봉래동2가 122-24,37.5561607,126.9721234
2375,서울특별시 중구 봉래동2가 122-25,37.5557463,126.9721529
2376,서울특별시 중구 봉래동2가 122-26,37.5555022,126.9719791
2377,서울특별시 중구 봉래동2가 122-27,37.5551098,126.9721531
2378,서울특별시 중구 봉래동2가 124-0,37.5571268,126.9717578
2379,서울특별시 중구 봉래동2가 124-1,37.5568750,126.9720663
2380,서울특별시 중구 봉래동2가 125-0,37.5554670,126.9729129
2381,서울특별시 중구 봉래동2가 125-1,37.5550092,126.9726095
2382,서울특별시 중구 봉래동2가 125-2,37.5564347,126.9726774
2383,서울특별시 중구 봉래동2가 126-0,37.5561479,126.9729102
2384,서울특별시 중구 봉래동2가 130-0,37.5558942,126.9727965
2385,서울특별시 중구 봉래동2가 139-0,37.5557070,126.9727996
2386,서울특별시 중구 봉래동2가 147-0,37.5548859,126.9733545
2387,서울특별시 중구 봉래동2가 148-0,37.5546422,126.9733749
2388,서울특별시 중구 봉래동2가 149-0,37.5546242,126.9733375
2389,서울특별시 중구 봉래동2가 160-0,37.5544888,126.9733459
2390,서울특별시 중구 봉래동2가 161-0,37.5545042,126.9733773
2391,서울특별시 중구 봉래동2가 164-0,37.5543468,126.9733187
2392,서울특별시 중구 봉래동2가 166-0,37.5547485,126.9725488
2393,서울특별시 중구 봉래동2가 166-1,37.5552666,126.9724528
2394,서울특별시 중구 봉래동2가 170-0,37.5542375,126.9732132
2395,서울특별시 중구 봉래동2가 170-1,37.5543717,126.9731115
2396,서울특별시 중구 봉래동2가 171-0,37.5582286,126.9711855
2397,서울특별시 중구 회현동1가 1-2,37.5604685,126.9800714
2398,서울특별시 중구 회현동1가 2-2,37.5602971,126.9801044
2399,서울특별시 중구 회현동1가 4-7,37.5597668,126.9804941
2400,서울특별시 중구 회현동1가 4-8,37.5597686,126.9804546
2401,서울특별시 중구 회현동1가 4-9,37.5597817,126.9806511
2402,서울특별시 중구 회현동1가 6-4,37.5598945,126.9808962
2403,서울특별시 중구 회현동1가 6-6,37.5598945,126.9808962
2404,서울특별시 중구 회현동1가 7-1,37.5597573,126.9811362
2405,서울특별시 중구 회현동1가 7-7,37.5598321,126.9810394
2406,서울특별시 중구 회현동1가 7-8,37.5597205,126.9808567
2407,서울특별시 중구 회현동1가 7-9,37.5596518,126.9808837
2408,서울특별시 중구 회현동1가 8-0,37.5598925,126.9813639
2409,서울특별시 중구 회현동1가 8-1,37.5599038,126.9812206
2410,서울특별시 중구 회현동1가 10-1,37.5597334,126.9812744
2411,서울특별시 중구 회현동1가 10-10,37.5597289,126.9813206
2412,서울특별시 중구 회현동1가 10-11,37.5594694,126.9812057
2413,서울특별시 중구 회현동1가 11-2,37.5596401,126.9810828
2414,서울특별시 중구 회현동1가 12-3,37.5595601,126.9810950
2415,서울특별시 중구 회현동1가 12-5,37.5595515,126.9811799
2416,서울특별시 중구 회현동1가 18-1,37.5595828,126.9807903
2417,서울특별시 중구 회현동1가 19-1,37.5595813,126.9806305
2418,서울특별시 중구 회현동1가 20-1,37.5595588,126.9804780
2419,서울특별시 중구 회현동1가 20-3,37.5596424,126.9802580
2420,서울특별시 중구 회현동1가 20-4,37.5595385,126.9801397
2421,서울특별시 중구 회현동1가 23-1,37.5597579,126.9801218
2422,서울특별시 중구 회현동1가 23-4,37.5596980,126.9805297
2423,서울특별시 중구 회현동1가 27-2,37.5596338,126.9800369
2424,서울특별시 중구 회현동1가 28-1,37.5594526,126.9801286
2425,서울특별시 중구 회현동1가 28-2,37.5592302,126.9799929
2426,서울특별시 중구 회현동1가 31-13,37.5589379,126.9803025
2427,서울특별시 중구 회현동1가 33-6,37.5588139,126.9808017
2428,서울특별시 중구 회현동1가 35-17,37.5589240,126.9810917
2429,서울특별시 중구 회현동1가 36-4,37.5589448,126.9812770
2430,서울특별시 중구 회현동1가 36-7,37.5593507,126.9812008
2431,서울특별시 중구 회현동1가 40-15,37.5579234,126.9822735
2432,서울특별시 중구 회현동1가 40-16,37.5587145,126.9814394
2433,서울특별시 중구 회현동1가 40-17,37.5578562,126.9822816
2434,서울특별시 중구 회현동1가 46-1,37.5577391,126.9823743
2435,서울특별시 중구 회현동1가 47-1,37.5577006,126.9824540
2436,서울특별시 중구 회현동1가 53-18,37.5578724,126.9822428
2437,서울특별시 중구 회현동1가 53-25,37.5579245,126.9820793
2438,서울특별시 중구 회현동1가 54-2,37.5577745,126.9814701
2439,서울특별시 중구 회현동1가 60-10,37.5579786,126.9813795
2440,서울특별시 중구 회현동1가 60-16,37.5580756,126.9813536
2441,서울특별시 중구 회현동1가 66-1,37.5586156,126.9807097
2442,서울특별시 중구 회현동1가 66-3,37.5585307,126.9808724
2443,서울특별시 중구 회현동1가 70-4,37.5581861,126.9802769
2444,서울특별시 중구 회현동1가 71-4,37.5583993,126.9809233
2445,서울특별시 중구 회현동1가 71-9,37.5584050,126.9807844
2446,서울특별시 중구 회현동1가 72-7,37.5581898,126.9809952
2447,서울특별시 중구 회현동1가 72-8,37.5581356,126.9809623
2448,서울특별시 중구 회현동1가 73-3,37.5581094,126.9809728
2449,서울특별시 중구 회현동1가 74-2,37.5580355,126.9813036
2450,서울특별시 중구 회현동1가 76-6,37.5578184,126.9810693
2451,서울특별시 중구 회현동1가 76-7,37.5577978,126.9813623
2452,서울특별시 중구 회현동1가 76-20,37.5578692,126.9810828
2453,서울특별시 중구 회현동1가 76-25,37.5577271,126.9813993
2454,서울특별시 중구 회현동1가 76-27,37.5579571,126.9812887
2455,서울특별시 중구 회현동1가 76-29,37.5578115,126.9808684
2456,서울특별시 중구 회현동1가 76-30,37.5578431,126.9813248
2457,서울특별시 중구 회현동1가 76-31,37.5577567,126.9813254
2458,서울특별시 중구 회현동1가 76-32,37.5578026,126.9812789
2459,서울특별시 중구 회현동1가 82-13,37.5579428,126.9807247
2460,서울특별시 중구 회현동1가 82-20,37.5577345,126.9806153
2461,서울특별시 중구 회현동1가 82-26,37.5576607,126.9804273
2462,서울특별시 중구 회현동1가 82-31,37.5575822,126.9804789
2463,서울특별시 중구 회현동1가 82-36,37.5579600,126.9806705
2464,서울특별시 중구 회현동1가 82-41,37.5577471,126.9802370
2465,서울특별시 중구 회현동1가 82-43,37.5576932,126.9800190
2466,서울특별시 중구 회현동1가 82-45,37.5577086,126.9800957
2467,서울특별시 중구 회현동1가 82-48,37.5578560,126.9805827
2468,서울특별시 중구 회현동1가 82-50,37.5576231,126.9801437
2469,서울특별시 중구 회현동1가 86-2,37.5579818,126.9801160
2470,서울특별시 중구 회현동1가 88-6,37.5581123,126.9801603
2471,서울특별시 중구 회현동1가 93-2,37.5588567,126.9802838
2472,서울특별시 중구 회현동1가 93-3,37.5593536,126.9799210
2473,서울특별시 중구 회현동1가 93-4,37.5588398,126.9799428
2474,서울특별시 중구 회현동1가 99-24,37.5575569,126.9797438
2475,서울특별시 중구 회현동1가 99-28,37.5575667,126.9792609
2476,서울특별시 중구 회현동1가 99-30,37.5575911,126.9795298
2477,서울특별시 중구 회현동1가 99-31,37.5576704,126.9799650
2478,서울특별시 중구 회현동1가 99-34,37.5576036,126.9798451
2479,서울특별시 중구 회현동1가 100-66,37.5568661,126.9795836
2480,서울특별시 중구 회현동1가 100-77,37.5573577,126.9795291
2481,서울특별시 중구 회현동1가 100-88,37.5571025,126.9798188
2482,서울특별시 중구 회현동1가 100-98,37.5567792,126.9793236
2483,서울특별시 중구 회현동1가 100-105,37.5566894,126.9801335
2484,서울특별시 중구 회현동1가 100-144,37.5560035,126.9802480
2485,서울특별시 중구 회현동1가 100-176,37.5556654,126.9799703
2486,서울특별시 중구 회현동1가 100-181,37.5575395,126.9795266
2487,서울특별시 중구 회현동1가 100-196,37.5570041,126.9806444
2488,서울특별시 중구 회현동1가 100-198,37.5571760,126.9805548
2489,서울특별시 중구 회현동1가 100-199,37.5567924,126.9804843
2490,서울특별시 중구 회현동1가 100-212,37.5556743,126.9802531
2491,서울특별시 중구 회현동1가 100-228,37.5563429,126.9811324
2492,서울특별시 중구 회현동1가 100-229,37.5565378,126.9811969
2493,서울특별시 중구 회현동1가 100-230,37.5564912,126.9811810
2494,서울특별시 중구 회현동1가 100-231,37.5562677,126.9811200
2495,서울특별시 중구 회현동1가 100-233,37.5560203,126.9803225
2496,서울특별시 중구 회현동1가 100-234,37.5559409,126.9809746
2497,서울특별시 중구 회현동1가 100-235,37.5558046,126.9809548
2498,서울특별시 중구 회현동1가 100-236,37.5543738,126.9805426
2499,서울특별시 중구 회현동1가 100-240,37.5561086,126.9808695
2500,서울특별시 중구 회현동1가 100-242,37.5562314,126.9804080
2501,서울특별시 중구 회현동1가 100-243,37.5561072,126.9808551
2502,서울특별시 중구 회현동1가 100-246,37.5561690,126.9810810
2503,서울특별시 중구 회현동1가 100-248,37.5561342,126.9804041
2504,서울특별시 중구 회현동1가 100-249,37.5564442,126.9797160
2505,서울특별시 중구 회현동1가 100-251,37.5575279,126.9795213
2506,서울특별시 중구 회현동1가 100-258,37.5567970,126.9793024
2507,서울특별시 중구 회현동1가 100-260,37.5567409,126.9792807
2508,서울특별시 중구 회현동1가 102-4,37.5575496,126.9814316
2509,서울특별시 중구 회현동1가 105-3,37.5568668,126.9809123
2510,서울특별시 중구 회현동1가 109-1,37.5567998,126.9813225
2511,서울특별시 중구 회현동1가 110-1,37.5564390,126.9811856
2512,서울특별시 중구 회현동1가 110-2,37.5567177,126.9812709
2513,서울특별시 중구 회현동1가 111-3,37.5566278,126.9812278
2514,서울특별시 중구 회현동1가 112-1,37.5564365,126.9811590
2515,서울특별시 중구 회현동1가 113-1,37.5564078,126.9811992
2516,서울특별시 중구 회현동1가 114-1,37.5565103,126.9812416
2517,서울특별시 중구 회현동1가 115-3,37.5566300,126.9815571
2518,서울특별시 중구 회현동1가 117-1,37.5569829,126.9815448
2519,서울특별시 중구 회현동1가 117-11,37.5566062,126.9812724
2520,서울특별시 중구 회현동1가 117-13,37.5567456,126.9813462
2521,서울특별시 중구 회현동1가 117-15,37.5567028,126.9813190
2522,서울특별시 중구 회현동1가 117-16,37.5566622,126.9812946
2523,서울특별시 중구 회현동1가 117-17,37.5568370,126.9813918
2524,서울특별시 중구 회현동1가 117-18,37.5567936,126.9813745
2525,서울특별시 중구 회현동1가 117-19,37.5568148,126.9815090
2526,서울특별시 중구 회현동1가 121-5,37.5570022,126.9814924
2527,서울특별시 중구 회현동1가 121-6,37.5571040,126.9814716
2528,서울특별시 중구 회현동1가 121-7,37.5570511,126.9814805
2529,서울특별시 중구 회현동1가 121-8,37.5569897,126.9814866
2530,서울특별시 중구 회현동1가 123-4,37.5572664,126.9814502
2531,서울특별시 중구 회현동1가 125-8,37.5572904,126.9812116
2532,서울특별시 중구 회현동1가 125-13,37.5573722,126.9814437
2533,서울특별시 중구 회현동1가 125-14,37.5573111,126.9814467
2534,서울특별시 중구 회현동1가 127-4,37.5575987,126.9816490
2535,서울특별시 중구 회현동1가 129-7,37.5573509,126.9815087
2536,서울특별시 중구 회현동1가 129-10,37.5573130,126.9815249
2537,서울특별시 중구 회현동1가 130-8,37.5569517,126.9815686
2538,서울특별시 중구 회현동1가 130-13,37.5572047,126.9815359
2539,서울특별시 중구 회현동1가 133-3,37.5566545,126.9818929
2540,서울특별시 중구 회현동1가 142-5,37.5567098,126.9823059
2541,서울특별시 중구 회현동1가 142-7,37.5567027,126.9824724
2542,서울특별시 중구 회현동1가 142-15,37.5568223,126.9824648
2543,서울특별시 중구 회현동1가 142-23,37.5567721,126.9826307
2544,서울특별시 중구 회현동1가 142-24,37.5571570,126.9820247
2545,서울특별시 중구 회현동1가 142-25,37.5558688,126.9830345
2546,서울특별시 중구 회현동1가 142-28,37.5569236,126.9825559
2547,서울특별시 중구 회현동1가 142-29,37.5570869,126.9825186
2548,서울특별시 중구 회현동1가 142-30,37.5575372,126.9822206
2549,서울특별시 중구 회현동1가 144-1,37.5564464,126.9830291
2550,서울특별시 중구 회현동1가 144-3,37.5563429,126.9832508
2551,서울특별시 중구 회현동1가 144-5,37.5562794,126.9832059
2552,서울특별시 중구 회현동1가 144-6,37.5561949,126.9832512
2553,서울특별시 중구 회현동1가 144-7,37.5561973,126.9832133
2554,서울특별시 중구 회현동1가 144-11,37.5565584,126.9828697
2555,서울특별시 중구 회현동1가 144-14,37.5565317,126.9828750
2556,서울특별시 중구 회현동1가 144-18,37.5561832,126.9831384
2557,서울특별시 중구 회현동1가 144-22,37.5560133,126.9830894
2558,서울특별시 중구 회현동1가 144-45,37.5560487,126.9832243
2559,서울특별시 중구 회현동1가 144-46,37.5568780,126.9843836
2560,서울특별시 중구 회현동1가 144-48,37.5576268,126.9841895
2561,서울특별시 중구 회현동1가 144-50,37.5566063,126.9829968
2562,서울특별시 중구 회현동1가 144-56,37.5566438,126.9829543
2563,서울특별시 중구 회현동1가 144-57,37.5565647,126.9828955
2564,서울특별시 중구 회현동1가 144-58,37.5565210,126.9828920
2565,서울특별시 중구 회현동1가 144-60,37.5565498,126.9829005
2566,서울특별시 중구 회현동1가 144-61,37.5567285,126.9829168
2567,서울특별시 중구 회현동1가 144-63,37.5566453,126.9829081
2568,서울특별시 중구 회현동1가 144-66,37.5574118,126.9845011
2569,서울특별시 중구 회현동1가 144-67,37.5569406,126.9844070
2570,서울특별시 중구 회현동1가 144-68,37.5575046,126.9845066
2571,서울특별시 중구 회현동1가 144-69,37.5572963,126.9844968
2572,서울특별시 중구 회현동1가 144-70,37.5574962,126.9845157
2573,서울특별시 중구 회현동1가 144-71,37.5573997,126.9845089
2574,서울특별시 중구 회현동1가 145-1,37.5564931,126.9828148
2575,서울특별시 중구 회현동1가 145-2,37.5565614,126.9828103
2576,서울특별시 중구 회현동1가 145-4,37.5562984,126.9828740
2577,서울특별시 중구 회현동1가 145-6,37.5559448,126.9827884
2578,서울특별시 중구 회현동1가 145-7,37.5557281,126.9828258
2579,서울특별시 중구 회현동1가 145-8,37.5555916,126.9827923
2580,서울특별시 중구 회현동1가 145-9,37.5558819,126.9826227
2581,서울특별시 중구 회현동1가 145-10,37.5556849,126.9826115
2582,서울특별시 중구 회현동1가 145-11,37.5558025,126.9827422
2583,서울특별시 중구 회현동1가 145-13,37.5561153,126.9828767
2584,서울특별시 중구 회현동1가 145-14,37.5558778,126.9829272
2585,서울특별시 중구 회현동1가 145-18,37.5562693,126.9829331
2586,서울특별시 중구 회현동1가 145-20,37.5561076,126.9828464
2587,서울특별시 중구 회현동1가 146-4,37.5562565,126.9828295
2588,서울특별시 중구 회현동1가 147-4,37.5561221,126.9818497
2589,서울특별시 중구 회현동1가 147-14,37.5561183,126.9819646
2590,서울특별시 중구 회현동1가 147-25,37.5553631,126.9812177
2591,서울특별시 중구 회현동1가 147-29,37.5552657,126.9817541
2592,서울특별시 중구 회현동1가 147-31,37.5555128,126.9820072
2593,서울특별시 중구 회현동1가 148-7,37.5563069,126.9811745
2594,서울특별시 중구 회현동1가 150-3,37.5572177,126.9787160
2595,서울특별시 중구 회현동1가 155-1,37.5572197,126.9794406
2596,서울특별시 중구 회현동1가 160-6,37.5575655,126.9786941
2597,서울특별시 중구 회현동1가 161-3,37.5572878,126.9789006
2598,서울특별시 중구 회현동1가 167-4,37.5575257,126.9788444
2599,서울특별시 중구 회현동1가 167-8,37.5575746,126.9789241
2600,서울특별시 중구 회현동1가 167-10,37.5575352,126.9788879
2601,서울특별시 중구 회현동1가 172-11,37.5575472,126.9786286
2602,서울특별시 중구 회현동1가 173-0,37.5575841,126.9784961
2603,서울특별시 중구 회현동1가 174-1,37.5576169,126.9784622
2604,서울특별시 중구 회현동1가 178-1,37.5577858,126.9784058
2605,서울특별시 중구 회현동1가 180-1,37.5580869,126.9783075
2606,서울특별시 중구 회현동1가 183-2,37.5584322,126.9796081
2607,서울특별시 중구 회현동1가 185-1,37.5590117,126.9798659
2608,서울특별시 중구 회현동1가 188-2,37.5592305,126.9797654
2609,서울특별시 중구 회현동1가 188-3,37.5592037,126.9796470
2610,서울특별시 중구 회현동1가 192-1,37.5594890,126.9797736
2611,서울특별시 중구 회현동1가 193-1,37.5593368,126.9797368
2612,서울특별시 중구 회현동1가 194-5,37.5580971,126.9783972
2613,서울특별시 중구 회현동1가 194-6,37.5586475,126.9789318
2614,서울특별시 중구 회현동1가 194-14,37.5591562,126.9790138
2615,서울특별시 중구 회현동1가 194-20,37.5589815,126.9795359
2616,서울특별시 중구 회현동1가 194-69,37.5593561,126.9794436
2617,서울특별시 중구 회현동1가 194-85,37.5592569,126.9787808
2618,서울특별시 중구 회현동1가 194-86,37.5592609,126.9788133
2619,서울특별시 중구 회현동1가 194-93,37.5592704,126.9788480
2620,서울특별시 중구 회현동1가 194-94,37.5589608,126.9789663
2621,서울특별시 중구 회현동1가 194-96,37.5595461,126.9795347
2622,서울특별시 중구 회현동1가 194-105,37.5584113,126.9795936
2623,서울특별시 중구 회현동1가 194-106,37.5583184,126.9787171
2624,서울특별시 중구 회현동1가 194-132,37.5591694,126.9795267
2625,서울특별시 중구 회현동1가 196-8,37.5603891,126.9799984
2626,서울특별시 중구 회현동1가 196-13,37.5602094,126.9799264
2627,서울특별시 중구 회현동1가 197-9,37.5606336,126.9794622
2628,서울특별시 중구 회현동1가 198-3,37.5606749,126.9798912
2629,서울특별시 중구 회현동1가 199-3,37.5606707,126.9796882
2630,서울특별시 중구 회현동1가 199-54,37.5607168,126.9796117
2631,서울특별시 중구 회현동1가 199-55,37.5607189,126.9795920
2632,서울특별시 중구 회현동1가 201-1,37.5609573,126.9795818
2633,서울특별시 중구 회현동1가 201-2,37.5607129,126.9798880
2634,서울특별시 중구 회현동1가 201-3,37.5606755,126.9799972
2635,서울특별시 중구 회현동1가 201-5,37.5607351,126.9797065
2636,서울특별시 중구 회현동1가 202-1,37.5612175,126.9801428
2637,서울특별시 중구 회현동1가 202-239,37.5612099,126.9799212
2638,서울특별시 중구 회현동1가 203-1,37.5597466,126.9813768
2639,서울특별시 중구 회현동1가 203-2,37.5592227,126.9812695
2640,서울특별시 중구 회현동1가 203-3,37.5589293,126.9813425
2641,서울특별시 중구 회현동1가 203-5,37.5586086,126.9815609
2642,서울특별시 중구 회현동1가 203-6,37.5587336,126.9819360
2643,서울특별시 중구 회현동1가 203-7,37.5585265,126.9814141
2644,서울특별시 중구 회현동1가 204-1,37.5605931,126.9796410
2645,서울특별시 중구 회현동1가 204-2,37.5602536,126.9799346
2646,서울특별시 중구 회현동1가 205-1,37.5604966,126.9801585
2647,서울특별시 중구 회현동1가 205-2,37.5600218,126.9800590
2648,서울특별시 중구 회현동1가 206-1,37.5593970,126.9803755
2649,서울특별시 중구 회현동1가 206-2,37.5593233,126.9810858
2650,서울특별시 중구 회현동1가 206-3,37.5588157,126.9804184
2651,서울특별시 중구 회현동1가 207-0,37.5590811,126.9812682
2652,서울특별시 중구 회현동1가 207-1,37.5585374,126.9812643
2653,서울특별시 중구 회현동1가 207-3,37.5582135,126.9813148
2654,서울특별시 중구 회현동1가 207-5,37.5586549,126.9816536
2655,서울특별시 중구 회현동1가 208-1,37.5585392,126.9815848
2656,서울특별시 중구 회현동1가 208-2,37.5586464,126.9818648
2657,서울특별시 중구 회현동1가 208-3,37.5580285,126.9823551
2658,서울특별시 중구 회현동1가 208-4,37.5579467,126.9819012
2659,서울특별시 중구 회현동1가 208-5,37.5581423,126.9814507
2660,서울특별시 중구 회현동1가 210-1,37.5598288,126.9798501
2661,서울특별시 중구 회현동1가 1-2,37.5604685,126.9800714
2662,서울특별시 중구 회현동1가 1-15,37.5560084,126.9841329
2663,서울특별시 중구 회현동1가 1-16,37.5551789,126.9827790
2664,서울특별시 중구 회현동1가 1-19,37.5565843,126.9840938
2665,서울특별시 중구 회현동1가 1-20,37.5551867,126.9813530
2666,서울특별시 중구 회현동1가 1-26,37.5560836,126.9833613
2667,서울특별시 중구 회현동1가 1-27,37.5556497,126.9831784
2668,서울특별시 중구 회현동1가 1-28,37.5569006,126.9838843
2669,서울특별시 중구 회현동1가 1-29,37.5562344,126.9835670
2670,서울특별시 중구 회현동1가 1-30,37.5564716,126.9837013
2671,서울특별시 중구 회현동1가 1-31,37.5555094,126.9834206
2672,서울특별시 중구 회현동1가 1-33,37.5554948,126.9820385
2673,서울특별시 중구 회현동1가 1-34,37.5562763,126.9838345
2674,서울특별시 중구 회현동1가 1-35,37.5572202,126.9842417
2675,서울특별시 중구 회현동1가 1-36,37.5569136,126.9842518
2676,서울특별시 중구 회현동1가 1-37,37.5569154,126.9843380
2677,서울특별시 중구 회현동1가 1-38,37.5569391,126.9843644
2678,서울특별시 중구 회현동1가 1-39,37.5566431,126.9843425
2679,서울특별시 중구 회현동1가 1-40,37.5568473,126.9842359
2680,서울특별시 중구 회현동1가 1-41,37.5568700,126.9842733
2681,서울특별시 중구 회현동1가 1-42,37.5567171,126.9843042
2682,서울특별시 중구 회현동1가 1-43,37.5567299,126.9842764
2683,서울특별시 중구 회현동1가 1-44,37.5550600,126.9804317
2684,서울특별시 중구 회현동2가 1-1,37.5605408,126.9826689
2685,서울특별시 중구 회현동2가 1-30,37.5603427,126.9821959
2686,서울특별시 중구 회현동2가 1-32,37.5601642,126.9823417
2687,서울특별시 중구 회현동2가 1-33,37.5605795,126.9821397
2688,서울특별시 중구 회현동2가 2-15,37.5602320,126.9822553
2689,서울특별시 중구 회현동2가 2-16,37.5600247,126.9822796
2690,서울특별시 중구 회현동2가 8-3,37.5604461,126.9834602
2691,서울특별시 중구 회현동2가 8-5,37.5601813,126.9835690
2692,서울특별시 중구 회현동2가 19-6,37.5589190,126.9838551
2693,서울특별시 중구 회현동2가 20-3,37.5594158,126.9840689
2694,서울특별시 중구 회현동2가 20-5,37.5590442,126.9829419
2695,서울특별시 중구 회현동2가 26-6,37.5589713,126.9830689
2696,서울특별시 중구 회현동2가 26-7,37.5590314,126.9829586
2697,서울특별시 중구 회현동2가 26-8,37.5590328,126.9831488
2698,서울특별시 중구 회현동2가 27-3,37.5585416,126.9828984
2699,서울특별시 중구 회현동2가 27-7,37.5589087,126.9824348
2700,서울특별시 중구 회현동2가 27-8,37.5580354,126.9828187
2701,서울특별시 중구 회현동2가 27-9,37.5577450,126.9825808
2702,서울특별시 중구 회현동2가 31-12,37.5585639,126.9836248
2703,서울특별시 중구 회현동2가 32-1,37.5585427,126.9839157
2704,서울특별시 중구 회현동2가 32-8,37.5585232,126.9837777
2705,서울특별시 중구 회현동2가 32-9,37.5585293,126.9838073
2706,서울특별시 중구 회현동2가 32-10,37.5585360,126.9838407
2707,서울특별시 중구 회현동2가 32-11,37.5585286,126.9839100
2708,서울특별시 중구 회현동2가 33-7,37.5581313,126.9839771
2709,서울특별시 중구 회현동2가 39-1,37.5582980,126.9831698
2710,서울특별시 중구 회현동2가 39-7,37.5581464,126.9831957
2711,서울특별시 중구 회현동2가 39-29,37.5581594,126.9832802
2712,서울특별시 중구 회현동2가 40-3,37.5579349,126.9831369
2713,서울특별시 중구 회현동2가 40-4,37.5578924,126.9830700
2714,서울특별시 중구 회현동2가 41-2,37.5579675,126.9833682
2715,서울특별시 중구 회현동2가 41-8,37.5579815,126.9833704
2716,서울특별시 중구 회현동2가 41-14,37.5580004,126.9833652
2717,서울특별시 중구 회현동2가 41-16,37.5578766,126.9833986
2718,서울특별시 중구 회현동2가 42-8,37.5580616,126.9837221
2719,서울특별시 중구 회현동2가 42-29,37.5577892,126.9834283
2720,서울특별시 중구 회현동2가 43-4,37.5577207,126.9834391
2721,서울특별시 중구 회현동2가 43-10,37.5576118,126.9835428
2722,서울특별시 중구 회현동2가 44-2,37.5576693,126.9833244
2723,서울특별시 중구 회현동2가 44-9,37.5577036,126.9830901
2724,서울특별시 중구 회현동2가 48-2,37.5571995,126.9836247
2725,서울특별시 중구 회현동2가 48-23,37.5572569,126.9834822
2726,서울특별시 중구 회현동2가 48-24,37.5571981,126.9836660
2727,서울특별시 중구 회현동2가 48-40,37.5573440,126.9842257
2728,서울특별시 중구 회현동2가 48-44,37.5575911,126.9835727
2729,서울특별시 중구 회현동2가 48-48,37.5573074,126.9836245
2730,서울특별시 중구 회현동2가 48-53,37.5572342,126.9836227
2731,서울특별시 중구 회현동2가 49-2,37.5569373,126.9836344
2732,서울특별시 중구 회현동2가 49-9,37.5572570,126.9833082
2733,서울특별시 중구 회현동2가 49-11,37.5570571,126.9832530
2734,서울특별시 중구 회현동2가 49-34,37.5568065,126.9829084
2735,서울특별시 중구 회현동2가 49-36,37.5572862,126.9831225
2736,서울특별시 중구 회현동2가 49-39,37.5574328,126.9829504
2737,서울특별시 중구 회현동2가 49-40,37.5574801,126.9829612
2738,서울특별시 중구 회현동2가 49-41,37.5572522,126.9829425
2739,서울특별시 중구 회현동2가 50-3,37.5575799,126.9830755
2740,서울특별시 중구 회현동2가 50-4,37.5575504,126.9830845
2741,서울특별시 중구 회현동2가 52-1,37.5576405,126.9827178
2742,서울특별시 중구 회현동2가 53-7,37.5571768,126.9825373
2743,서울특별시 중구 회현동2가 56-1,37.5577255,126.9824560
2744,서울특별시 중구 회현동2가 59-1,37.5577680,126.9829909
2745,서울특별시 중구 회현동2가 60-1,37.5578022,126.9827817
2746,서울특별시 중구 회현동2가 63-9,37.5584430,126.9828032
2747,서울특별시 중구 회현동2가 63-15,37.5583708,126.9828022
2748,서울특별시 중구 회현동2가 67-0,37.5588121,126.9822101
2749,서울특별시 중구 회현동2가 71-1,37.5592157,126.9827020
2750,서울특별시 중구 회현동2가 72-10,37.5594789,126.9825697
2751,서울특별시 중구 회현동2가 73-0,37.5598378,126.9821933
2752,서울특별시 중구 회현동2가 78-9,37.5599410,126.9817080
2753,서울특별시 중구 회현동2가 78-39,37.5598675,126.9816006
2754,서울특별시 중구 회현동2가 78-40,37.5597835,126.9814461
2755,서울특별시 중구 회현동2가 78-41,37.5599412,126.9817531
2756,서울특별시 중구 회현동2가 79-0,37.5601171,126.9819342
2757,서울특별시 중구 회현동2가 82-1,37.5601214,126.9815551
2758,서울특별시 중구 회현동2가 82-2,37.5601214,126.9815551
2759,서울특별시 중구 회현동2가 83-2,,
2760,서울특별시 중구 회현동2가 84-2,,
2761,서울특별시 중구 회현동2가 85-2,,
2762,서울특별시 중구 회현동2가 86-1,37.5598677,126.9816574
2763,서울특별시 중구 회현동2가 86-4,37.5588400,126.9825126
2764,서울특별시 중구 회현동2가 88-1,37.5602637,126.9834775
2765,서울특별시 중구 회현동2가 88-2,37.5597182,126.9836198
2766,서울특별시 중구 회현동2가 88-4,37.5588507,126.9823531
2767,서울특별시 중구 회현동2가 89-1,37.5587486,126.9822711
2768,서울특별시 중구 회현동2가 89-2,37.5580769,126.9827102
2769,서울특별시 중구 회현동3가 1-2,37.5606937,126.9843131
2770,서울특별시 중구 회현동3가 1-14,37.5601205,126.9845334
2771,서울특별시 중구 회현동3가 2-18,37.5604744,126.9844280
2772,서울특별시 중구 회현동3가 4-8,37.5607339,126.9847390
2773,서울특별시 중구 회현동3가 4-9,37.5600470,126.9845480
2774,서울특별시 중구 회현동3가 4-10,37.5601512,126.9841646
2775,서울특별시 중구 회현동3가 5-5,37.5598524,126.9845469
2776,서울특별시 중구 회현동3가 5-9,37.5598106,126.9845506
2777,서울특별시 중구 회현동3가 6-2,37.5596858,126.9842432
2778,서울특별시 중구 회현동3가 6-9,37.5596990,126.9840473
2779,서울특별시 중구 회현동3가 6-14,37.5597034,126.9845097
2780,서울특별시 중구 회현동3가 6-15,37.5595242,126.9841362
2781,서울특별시 중구 회현동3가 8-1,37.5596054,126.9839963
2782,서울특별시 중구 회현동3가 8-3,37.5594603,126.9839285
2783,서울특별시 중구 회현동3가 9-3,37.5601139,126.9836646
2784,서울특별시 중구 회현동3가 9-16,37.5598470,126.9836464
2785,서울특별시 중구 회현동3가 9-19,37.5606321,126.9834303
2786,서울특별시 중구 회현동3가 9-26,37.5600712,126.9835966
2787,서울특별시 중구 회현동3가 11-1,37.5606515,126.9836783
2788,서울특별시 중구 회현동3가 11-5,37.5605225,126.9834878
2789,서울특별시 중구 회현동3가 14-0,37.5604492,126.9835213
2790,서울특별시 중구 회현동3가 14-1,37.5601589,126.9836086
2791,서울특별시 중구 회현동3가 14-2,37.5598740,126.9836748
2792,서울특별시 중구 충무로1가 1-0,37.5613244,126.9807090
2793,서울특별시 중구 충무로1가 3-0,37.5614577,126.9811560
2794,서울특별시 중구 충무로1가 3-1,37.5613998,126.9809273
2795,서울특별시 중구 충무로1가 13-2,37.5616729,126.9814135
2796,서울특별시 중구 충무로1가 13-3,37.5615171,126.9813356
2797,서울특별시 중구 충무로1가 15-0,37.5620389,126.9821480
2798,서울특별시 중구 충무로1가 15-1,37.5618612,126.9813443
2799,서울특별시 중구 충무로1가 15-2,37.5621115,126.9828298
2800,서울특별시 중구 충무로1가 21-16,37.5615363,126.9816118
2801,서울특별시 중구 충무로1가 25-28,37.5609942,126.9820225
2802,서울특별시 중구 충무로1가 25-30,37.5608867,126.9820646
2803,서울특별시 중구 충무로1가 25-67,37.5609217,126.9819810
2804,서울특별시 중구 충무로1가 25-71,37.5609057,126.9820766
2805,서울특별시 중구 충무로1가 25-74,37.5609224,126.9820694
2806,서울특별시 중구 충무로1가 26-1,37.5613491,126.9834667
2807,서울특별시 중구 충무로1가 45-2,37.5608094,126.9846249
2808,서울특별시 중구 충무로1가 51-27,37.5606116,126.9819505
2809,서울특별시 중구 충무로1가 52-2,37.5600155,126.9812130
2810,서울특별시 중구 충무로1가 52-4,37.5607972,126.9816055
2811,서울특별시 중구 충무로1가 52-8,37.5611856,126.9805489
2812,서울특별시 중구 충무로1가 52-9,37.5608834,126.9807719
2813,서울특별시 중구 충무로1가 52-41,37.5606240,126.9818576
2814,서울특별시 중구 충무로1가 52-47,37.5600240,126.9810997
2815,서울특별시 중구 충무로1가 52-51,37.5607247,126.9815363
2816,서울특별시 중구 충무로1가 53-3,37.5610389,126.9802407
2817,서울특별시 중구 충무로1가 53-5,37.5609616,126.9801765
2818,서울특별시 중구 충무로1가 53-6,37.5614124,126.9806643
2819,서울특별시 중구 충무로1가 54-1,37.5607077,126.9802094
2820,서울특별시 중구 충무로1가 54-2,37.5600040,126.9809082
2821,서울특별시 중구 충무로1가 54-3,37.5602565,126.9813745
2822,서울특별시 중구 충무로2가 3-34,37.5621763,126.9857316
2823,서울특별시 중구 충무로2가 5-1,37.5622303,126.9858739
2824,서울특별시 중구 충무로2가 8-2,37.5618883,126.9858175
2825,서울특별시 중구 충무로2가 8-3,37.5617719,126.9859745
2826,서울특별시 중구 충무로2가 9-1,37.5618005,126.9862434
2827,서울특별시 중구 충무로2가 11-14,37.5618186,126.9866082
2828,서울특별시 중구 충무로2가 11-17,37.5619796,126.9857827
2829,서울특별시 중구 충무로2가 11-21,37.5618155,126.9864813
2830,서울특별시 중구 충무로2가 11-24,37.5611264,126.9867472
2831,서울특별시 중구 충무로2가 11-26,37.5618324,126.9865540
2832,서울특별시 중구 충무로2가 11-28,37.5620307,126.9857588
2833,서울특별시 중구 충무로2가 53-26,37.5613975,126.9894118
2834,서울특별시 중구 충무로2가 87-2,37.5610270,126.9869754
2835,서울특별시 중구 충무로2가 93-2,37.5609859,126.9864619
2836,서울특별시 중구 충무로2가 94-2,37.5609077,126.9861763
2837,서울특별시 중구 충무로2가 94-3,37.5609597,126.9863031
2838,서울특별시 중구 충무로2가 109-2,37.5608531,126.9857310
2839,서울특별시 중구 충무로2가 109-4,37.5607414,126.9858499
2840,서울특별시 중구 충무로2가 110-4,37.5608149,126.9853965
2841,서울특별시 중구 충무로2가 110-5,37.5606668,126.9854873
2842,서울특별시 중구 충무로2가 111-0,37.5619256,126.9885715
2843,서울특별시 중구 명동1가 1-5,37.5642221,126.9862679
2844,서울특별시 중구 명동1가 3-2,37.5649338,126.9858612
2845,서울특별시 중구 명동1가 3-5,37.5649305,126.9864927
2846,서울특별시 중구 명동1가 4-2,37.5646125,126.9858191
2847,서울특별시 중구 명동1가 5-4,37.5643707,126.9859745
2848,서울특별시 중구 명동1가 7-4,37.5641311,126.9852498
2849,서울특별시 중구 명동1가 8-2,37.5640311,126.9853492
2850,서울특별시 중구 명동1가 9-8,37.5641795,126.9850263
2851,서울특별시 중구 명동1가 9-9,37.5639953,126.9851020
2852,서울특별시 중구 명동1가 9-12,37.5640109,126.9850934
2853,서울특별시 중구 명동1가 10-8,37.5646079,126.9849352
2854,서울특별시 중구 명동1가 13-2,37.5644350,126.9848988
2855,서울특별시 중구 명동1가 27-3,37.5641759,126.9850221
2856,서울특별시 중구 명동1가 28-1,37.5639720,126.9850564
2857,서울특별시 중구 명동1가 30-1,37.5640884,126.9850007
2858,서울특별시 중구 명동1가 33-1,37.5643217,126.9849188
2859,서울특별시 중구 명동1가 37-3,37.5646988,126.9847056
2860,서울특별시 중구 명동1가 38-2,37.5647687,126.9847044
2861,서울특별시 중구 명동1가 52-1,37.5643174,126.9844050
2862,서울특별시 중구 명동1가 54-13,37.5639246,126.9837483
2863,서울특별시 중구 명동1가 54-19,37.5640976,126.9844188
2864,서울특별시 중구 명동1가 54-20,37.5640131,126.9834823
2865,서울특별시 중구 명동1가 54-21,37.5638265,126.9834583
2866,서울특별시 중구 명동1가 59-3,37.5642240,126.9834928
2867,서울특별시 중구 명동1가 59-28,37.5644436,126.9835038
2868,서울특별시 중구 명동1가 59-30,37.5638493,126.9824446
2869,서울특별시 중구 명동1가 61-2,37.5637854,126.9834519
2870,서울특별시 중구 명동1가 77-5,37.5637336,126.9826043
2871,서울특별시 중구 명동1가 77-6,37.5637732,126.9826096
2872,서울특별시 중구 명동2가 1-10,37.5628589,126.9885624
2873,서울특별시 중구 명동2가 1-14,37.5628763,126.9887529
2874,서울특별시 중구 명동2가 1-15,37.5644400,126.9868419
2875,서울특별시 중구 명동2가 1-16,37.5632926,126.9884188
2876,서울특별시 중구 명동2가 1-17,37.5641115,126.9862412
2877,서울특별시 중구 명동2가 25-38,37.5627967,126.9857561
2878,서울특별시 중구 명동2가 25-39,37.5625628,126.9858626
2879,서울특별시 중구 명동2가 25-40,37.5626371,126.9858114
2880,서울특별시 중구 명동2가 81-1,37.5629493,126.9846547
2881,서울특별시 중구 명동2가 83-1,37.5636172,126.9828708
2882,서울특별시 중구 명동2가 83-9,37.5636638,126.9828432
2883,서울특별시 중구 명동2가 84-0,37.5633442,126.9823315
2884,서울특별시 중구 명동2가 85-3,37.5633480,126.9822903
2885,서울특별시 중구 명동2가 92-4,37.5623463,126.9824299
2886,서울특별시 중구 명동2가 92-15,37.5625432,126.9826225
2887,서울특별시 중구 명동2가 97-3,37.5625800,126.9820402
2888,서울특별시 중구 명동2가 99-1,37.5624302,126.9817786
2889,서울특별시 중구 명동2가 102-4,37.5624112,126.9819304
2890,서울특별시 중구 명동2가 106-0,37.5621042,126.9825188
2891,서울특별시 중구 남산동1가 1-1,37.5607671,126.9850073
2892,서울특별시 중구 남산동1가 1-3,37.5606573,126.9848619
2893,서울특별시 중구 남산동1가 1-7,37.5605732,126.9848056
2894,서울특별시 중구 남산동1가 6-13,37.5600345,126.9852879
2895,서울특별시 중구 남산동1가 6-24,37.5603034,126.9854884
2896,서울특별시 중구 남산동1가 6-25,37.5599602,126.9852748
2897,서울특별시 중구 남산동1가 7-7,37.5600908,126.9845673
2898,서울특별시 중구 남산동1가 7-8,37.5596617,126.9850683
2899,서울특별시 중구 남산동1가 7-9,37.5604795,126.9847903
2900,서울특별시 중구 남산동1가 7-10,37.5604177,126.9845934
2901,서울특별시 중구 남산동1가 7-11,37.5602900,126.9845821
2902,서울특별시 중구 남산동1가 7-12,37.5601291,126.9845845
2903,서울특별시 중구 남산동1가 8-5,37.5598419,126.9846010
2904,서울특별시 중구 남산동1가 11-3,37.5596248,126.9850692
2905,서울특별시 중구 남산동1가 11-4,37.5595854,126.9850614
2906,서울특별시 중구 남산동1가 11-5,37.5595366,126.9850438
2907,서울특별시 중구 남산동1가 12-1,37.5594447,126.9850079
2908,서울특별시 중구 남산동1가 12-3,37.5594171,126.9849777
2909,서울특별시 중구 남산동1가 13-2,37.5591182,126.9847890
2910,서울특별시 중구 남산동1가 13-16,37.5595933,126.9845797
2911,서울특별시 중구 남산동1가 13-23,37.5594717,126.9843090
2912,서울특별시 중구 남산동1가 13-27,37.5592922,126.9848954
2913,서울특별시 중구 남산동1가 13-28,37.5591745,126.9848145
2914,서울특별시 중구 남산동1가 13-32,37.5595048,126.9842147
2915,서울특별시 중구 남산동1가 13-33,37.5596470,126.9844987
2916,서울특별시 중구 남산동1가 13-34,37.5596225,126.9844254
2917,서울특별시 중구 남산동1가 13-35,37.5595991,126.9843607
2918,서울특별시 중구 남산동1가 13-36,37.5595638,126.9843087
2919,서울특별시 중구 남산동1가 13-37,37.5595363,126.9842788
2920,서울특별시 중구 남산동1가 13-38,37.5594773,126.9841131
2921,서울특별시 중구 남산동1가 14-8,37.5587848,126.9844850
2922,서울특별시 중구 남산동1가 15-1,37.5586097,126.9846103
2923,서울특별시 중구 남산동1가 15-2,37.5585312,126.9842806
2924,서울특별시 중구 남산동1가 16-7,37.5590179,126.9840943
2925,서울특별시 중구 남산동1가 16-11,37.5591259,126.9841125
2926,서울특별시 중구 남산동1가 16-15,37.5589464,126.9841997
2927,서울특별시 중구 남산동1가 16-19,37.5592819,126.9840965
2928,서울특별시 중구 남산동1가 16-20,37.5592155,126.9840896
2929,서울특별시 중구 남산동1가 16-21,37.5590036,126.9841076
2930,서울특별시 중구 남산동1가 16-24,37.5589530,126.9841094
2931,서울특별시 중구 남산동1가 16-25,37.5589435,126.9841139
2932,서울특별시 중구 남산동1가 18-7,37.5584502,126.9844194
2933,서울특별시 중구 남산동1가 20-3,37.5581905,126.9844316
2934,서울특별시 중구 남산동1가 22-10,37.5575876,126.9845159
2935,서울특별시 중구 남산동2가 1-3,37.5608010,126.9862830
2936,서울특별시 중구 남산동2가 1-4,37.5604598,126.9864572
2937,서울특별시 중구 남산동2가 2-0,37.5600116,126.9866475
2938,서울특별시 중구 남산동2가 2-3,37.5595669,126.9864752
2939,서울특별시 중구 남산동2가 6-6,37.5600202,126.9856573
2940,서울특별시 중구 남산동2가 7-4,37.5599847,126.9857080
2941,서울특별시 중구 남산동2가 7-5,37.5595543,126.9857048
2942,서울특별시 중구 남산동2가 7-6,37.5598771,126.9857679
2943,서울특별시 중구 남산동2가 8-2,37.5602688,126.9855895
2944,서울특별시 중구 남산동2가 8-3,37.5602021,126.9855769
2945,서울특별시 중구 남산동2가 9-5,37.5601609,126.9857502
2946,서울특별시 중구 남산동2가 14-4,37.5596108,126.9860927
2947,서울특별시 중구 남산동2가 14-10,37.5595652,126.9858624
2948,서울특별시 중구 남산동2가 14-12,37.5595667,126.9857690
2949,서울특별시 중구 남산동2가 15-2,37.5592160,126.9866212
2950,서울특별시 중구 남산동2가 15-9,37.5592482,126.9860787
2951,서울특별시 중구 남산동2가 15-21,37.5594044,126.9861532
2952,서울특별시 중구 남산동2가 15-23,37.5593562,126.9865518
2953,서울특별시 중구 남산동2가 15-25,37.5593278,126.9861690
2954,서울특별시 중구 남산동2가 15-26,37.5594473,126.9858250
2955,서울특별시 중구 남산동2가 15-27,37.5586161,126.9862076
2956,서울특별시 중구 남산동2가 18-14,37.5589716,126.9862379
2957,서울특별시 중구 남산동2가 19-5,37.5584996,126.9864942
2958,서울특별시 중구 남산동2가 19-7,37.5587132,126.9862662
2959,서울특별시 중구 남산동2가 19-27,37.5586912,126.9861884
2960,서울특별시 중구 남산동2가 20-3,37.5587878,126.9868939
2961,서울특별시 중구 남산동2가 23-1,37.5584243,126.9872804
2962,서울특별시 중구 남산동2가 24-2,37.5579717,126.9869589
2963,서울특별시 중구 남산동2가 24-11,37.5582756,126.9869428
2964,서울특별시 중구 남산동2가 25-3,37.5576422,126.9868157
2965,서울특별시 중구 남산동2가 25-16,37.5579655,126.9868251
2966,서울특별시 중구 남산동2가 25-34,37.5576641,126.9868549
2967,서울특별시 중구 남산동2가 25-35,37.5575234,126.9868401
2968,서울특별시 중구 남산동2가 25-36,37.5576217,126.9868635
2969,서울특별시 중구 남산동2가 25-39,37.5581774,126.9870218
2970,서울특별시 중구 남산동2가 25-40,37.5575080,126.9867551
2971,서울특별시 중구 남산동2가 25-41,37.5575969,126.9868314
2972,서울특별시 중구 남산동2가 26-3,37.5576131,126.9858695
2973,서울특별시 중구 남산동2가 26-14,37.5578531,126.9857288
2974,서울특별시 중구 남산동2가 26-15,37.5577913,126.9857578
2975,서울특별시 중구 남산동2가 26-25,37.5577547,126.9866608
2976,서울특별시 중구 남산동2가 26-26,37.5578107,126.9866798
2977,서울특별시 중구 남산동2가 26-27,37.5575373,126.9866705
2978,서울특별시 중구 남산동2가 26-29,37.5583261,126.9863765
2979,서울특별시 중구 남산동2가 26-30,37.5582280,126.9864338
2980,서울특별시 중구 남산동2가 28-5,37.5591048,126.9863025
2981,서울특별시 중구 남산동2가 31-2,37.5600929,126.9854131
2982,서울특별시 중구 남산동2가 31-3,37.5597201,126.9851222
2983,서울특별시 중구 남산동2가 31-5,37.5596129,126.9850973
2984,서울특별시 중구 남산동2가 32-19,37.5594290,126.9850478
2985,서울특별시 중구 남산동2가 32-22,37.5594549,126.9850609
2986,서울특별시 중구 남산동2가 33-4,37.5592663,126.9849448
2987,서울특별시 중구 남산동2가 33-5,37.5591909,126.9848917
2988,서울특별시 중구 남산동2가 35-1,37.5590636,126.9847907
2989,서울특별시 중구 남산동2가 35-3,37.5590315,126.9847748
2990,서울특별시 중구 남산동2가 36-7,37.5586212,126.9855651
2991,서울특별시 중구 남산동2가 39-3,37.5589403,126.9852829
2992,서울특별시 중구 남산동2가 41-5,37.5588039,126.9856282
2993,서울특별시 중구 남산동2가 42-3,37.5584913,126.9848933
2994,서울특별시 중구 남산동2가 42-6,37.5584852,126.9847123
2995,서울특별시 중구 남산동2가 43-2,37.5583844,126.9848995
2996,서울특별시 중구 남산동2가 44-1,37.5585805,126.9846168
2997,서울특별시 중구 남산동2가 44-3,37.5584101,126.9844927
2998,서울특별시 중구 남산동2가 45-12,37.5579823,126.9846635
2999,서울특별시 중구 남산동2가 45-17,37.5579121,126.9846628
3000,서울특별시 중구 남산동2가 45-26,37.5583340,126.9844911
3001,서울특별시 중구 남산동2가 45-27,37.5582196,126.9844898
3002,서울특별시 중구 남산동2가 45-28,37.5580953,126.9844886
3003,서울특별시 중구 남산동2가 45-29,37.5579701,126.9844960
3004,서울특별시 중구 남산동2가 45-30,37.5578638,126.9845235
3005,서울특별시 중구 남산동2가 45-34,37.5576079,126.9845966
3006,서울특별시 중구 남산동2가 45-35,37.5576100,126.9846711
3007,서울특별시 중구 남산동2가 45-36,37.5581644,126.9844886
3008,서울특별시 중구 남산동2가 45-37,37.5579078,126.9845058
3009,서울특별시 중구 남산동2가 46-3,37.5581364,126.9850904
3010,서울특별시 중구 남산동2가 49-6,37.5576062,126.9853251
3011,서울특별시 중구 남산동2가 49-19,37.5572109,126.9853627
3012,서울특별시 중구 남산동2가 49-65,37.5573527,126.9856158
3013,서울특별시 중구 남산동2가 50-2,37.5575423,126.9845600
3014,서울특별시 중구 남산동2가 50-3,37.5566957,126.9844353
3015,서울특별시 중구 남산동2가 50-9,37.5569167,126.9844130
3016,서울특별시 중구 남산동2가 50-10,37.5574199,126.9849276
3017,서울특별시 중구 남산동2가 50-11,37.5575076,126.9845727
3018,서울특별시 중구 남산동2가 50-13,37.5574225,126.9845797
3019,서울특별시 중구 남산동2가 51-2,37.5565047,126.9847562
3020,서울특별시 중구 남산동2가 51-3,37.5563872,126.9848892
3021,서울특별시 중구 남산동2가 51-4,37.5561984,126.9848407
3022,서울특별시 중구 남산동2가 51-5,37.5563625,126.9847734
3023,서울특별시 중구 남산동2가 51-6,37.5562091,126.9848055
3024,서울특별시 중구 남산동2가 51-7,37.5563258,126.9848873
3025,서울특별시 중구 남산동2가 52-0,37.5559780,126.9848994
3026,서울특별시 중구 남산동2가 52-1,37.5561482,126.9848672
3027,서울특별시 중구 남산동3가 3-2,37.5610137,126.9876300
3028,서울특별시 중구 남산동3가 5-9,37.5602854,126.9883763
3029,서울특별시 중구 남산동3가 5-12,37.5607046,126.9882355
3030,서울특별시 중구 남산동3가 5-13,37.5607414,126.9883660
3031,서울특별시 중구 남산동3가 5-14,37.5610107,126.9882615
3032,서울특별시 중구 남산동3가 6-3,37.5609082,126.9877027
3033,서울특별시 중구 남산동3가 6-4,37.5608069,126.9881956
3034,서울특별시 중구 남산동3가 6-5,37.5608470,126.9882726
3035,서울특별시 중구 남산동3가 10-1,37.5596814,126.9867247
3036,서울특별시 중구 남산동3가 13-1,37.5609133,126.9866140
3037,서울특별시 중구 남산동3가 13-2,37.5606946,126.9868770
3038,서울특별시 중구 남산동3가 13-18,37.5606209,126.9865991
3039,서울특별시 중구 남산동3가 13-41,37.5606545,126.9864366
3040,서울특별시 중구 남산동3가 13-42,37.5604971,126.9864942
3041,서울특별시 중구 남산동3가 16-2,37.5604183,126.9873636
3042,서울특별시 중구 남산동3가 16-3,37.5605020,126.9872909
3043,서울특별시 중구 남산동3가 20-5,37.5602738,126.9867735
3044,서울특별시 중구 남산동3가 21-1,37.5601932,126.9873916
3045,서울특별시 중구 남산동3가 29-2,37.5597994,126.9875812
3046,서울특별시 중구 남산동3가 29-3,37.5591739,126.9873736
3047,서울특별시 중구 남산동3가 29-4,37.5596758,126.9867434
3048,서울특별시 중구 남산동3가 30-6,37.5600151,126.9876118
3049,서울특별시 중구 남산동3가 30-21,37.5598689,126.9875867
3050,서울특별시 중구 남산동3가 30-23,37.5599574,126.9875480
3051,서울특별시 중구 남산동3가 30-24,37.5597826,126.9876244
3052,서울특별시 중구 남산동3가 30-25,37.5600517,126.9877951
3053,서울특별시 중구 남산동3가 31-12,37.5603874,126.9877326
3054,서울특별시 중구 남산동3가 31-18,37.5603564,126.9873891
3055,서울특별시 중구 남산동3가 32-1,37.5604142,126.9883211
3056,서울특별시 중구 남산동3가 32-8,37.5602940,126.9882770
3057,서울특별시 중구 남산동3가 34-1,37.5597451,126.9872538
3058,서울특별시 중구 남산동3가 34-2,37.5597404,126.9875625
3059,서울특별시 중구 남산동3가 34-3,37.5594272,126.9879317
3060,서울특별시 중구 남산동3가 34-9,37.5593633,126.9865747
3061,서울특별시 중구 남산동3가 34-10,37.5595758,126.9864921
3062,서울특별시 중구 저동1가 1-4,37.5639887,126.9879363
3063,서울특별시 중구 저동1가 1-9,37.5652253,126.9878174
3064,서울특별시 중구 저동1가 1-10,37.5651656,126.9878171
3065,서울특별시 중구 저동1가 2-8,37.5641920,126.9880354
3066,서울특별시 중구 저동1가 2-9,37.5645258,126.9885003
3067,서울특별시 중구 저동1가 8-2,37.5638432,126.9882532
3068,서울특별시 중구 저동1가 10-0,37.5636776,126.9883575
3069,서울특별시 중구 저동1가 12-6,37.5637012,126.9884245
3070,서울특별시 중구 저동1가 13-6,37.5635239,126.9884370
3071,서울특별시 중구 저동1가 14-2,37.5632404,126.9886071
3072,서울특별시 중구 저동1가 17-6,37.5629921,126.9887577
3073,서울특별시 중구 저동1가 17-10,37.5629596,126.9888209
3074,서울특별시 중구 저동1가 17-11,37.5630571,126.9888416
3075,서울특별시 중구 저동1가 17-12,37.5628842,126.9888867
3076,서울특별시 중구 저동1가 17-15,37.5628904,126.9887682
3077,서울특별시 중구 저동1가 20-1,37.5634780,126.9880607
3078,서울특별시 중구 저동1가 22-2,37.5636356,126.9880967
3079,서울특별시 중구 저동1가 24-3,37.5636734,126.9879182
3080,서울특별시 중구 저동1가 27-3,37.5638846,126.9878333
3081,서울특별시 중구 저동1가 32-3,37.5640510,126.9877649
3082,서울특별시 중구 저동1가 39-3,37.5645934,126.9873240
3083,서울특별시 중구 저동1가 42-0,37.5647909,126.9876044
3084,서울특별시 중구 저동1가 43-4,37.5649258,126.9874140
3085,서울특별시 중구 저동1가 45-1,37.5650528,126.9876989
3086,서울특별시 중구 저동1가 45-4,37.5650594,126.9878150
3087,서울특별시 중구 저동1가 46-0,37.5650479,126.9875941
3088,서울특별시 중구 저동1가 48-10,37.5651463,126.9874631
3089,서울특별시 중구 저동1가 50-0,37.5652270,126.9876156
3090,서울특별시 중구 저동1가 51-3,37.5652075,126.9877313
3091,서울특별시 중구 저동1가 54-0,37.5652964,126.9874680
3092,서울특별시 중구 저동1가 55-0,37.5653470,126.9874691
3093,서울특별시 중구 저동1가 55-1,37.5653440,126.9875254
3094,서울특별시 중구 저동1가 56-1,37.5655760,126.9875816
3095,서울특별시 중구 저동1가 56-2,37.5654017,126.9874722
3096,서울특별시 중구 저동1가 60-0,37.5656644,126.9874998
3097,서울특별시 중구 저동1가 65-2,37.5654949,126.9873753
3098,서울특별시 중구 저동1가 72-1,37.5657073,126.9874542
3099,서울특별시 중구 저동1가 72-4,37.5653807,126.9870553
3100,서울특별시 중구 저동1가 77-1,37.5649517,126.9865340
3101,서울특별시 중구 저동1가 89-1,37.5647546,126.9868247
3102,서울특별시 중구 저동1가 90-12,37.5646779,126.9871518
3103,서울특별시 중구 저동1가 101-1,37.5645017,126.9867706
3104,서울특별시 중구 저동1가 102-2,37.5644731,126.9867010
3105,서울특별시 중구 저동1가 103-10,37.5644085,126.9865985
3106,서울특별시 중구 저동1가 103-12,37.5645743,126.9866780
3107,서울특별시 중구 저동1가 104-1,37.5653264,126.9883921
3108,서울특별시 중구 저동1가 106-0,37.5653579,126.9871020
3109,서울특별시 중구 저동1가 107-0,37.5650503,126.9865908
3110,서울특별시 중구 저동1가 108-0,37.5649365,126.9865794
3111,서울특별시 중구 저동1가 109-0,37.5647468,126.9865429
3112,서울특별시 중구 저동1가 115-0,37.5653191,126.9873488
3113,서울특별시 중구 저동1가 116-0,37.5653976,126.9871976
3114,서울특별시 중구 저동1가 117-0,37.5653814,126.9870424
3115,서울특별시 중구 저동1가 118-0,37.5649984,126.9865971
3116,서울특별시 중구 충무로4가 1-15,37.5629166,126.9935869
3117,서울특별시 중구 충무로4가 1-28,37.5629250,126.9937204
3118,서울특별시 중구 충무로4가 1-29,37.5629403,126.9938460
3119,서울특별시 중구 충무로4가 2-6,37.5626919,126.9934337
3120,서울특별시 중구 충무로4가 3-0,37.5626377,126.9934368
3121,서울특별시 중구 충무로4가 5-5,37.5626035,126.9935581
3122,서울특별시 중구 충무로4가 5-6,37.5628055,126.9934397
3123,서울특별시 중구 충무로4가 5-11,37.5624863,126.9935950
3124,서울특별시 중구 충무로4가 6-9,37.5626018,126.9937652
3125,서울특별시 중구 충무로4가 13-6,37.5630617,126.9940449
3126,서울특별시 중구 충무로4가 13-15,37.5629963,126.9942752
3127,서울특별시 중구 충무로4가 15-23,37.5628567,126.9944884
3128,서울특별시 중구 충무로4가 24-1,37.5625252,126.9951801
3129,서울특별시 중구 충무로4가 24-4,37.5625445,126.9950962
3130,서울특별시 중구 충무로4가 32-5,37.5625171,126.9962325
3131,서울특별시 중구 충무로4가 32-11,37.5624752,126.9963559
3132,서울특별시 중구 충무로4가 33-2,37.5624989,126.9964739
3133,서울특별시 중구 충무로4가 34-2,37.5625187,126.9965615
3134,서울특별시 중구 충무로4가 35-1,37.5625452,126.9966548
3135,서울특별시 중구 충무로4가 36-16,37.5629039,126.9963154
3136,서울특별시 중구 충무로4가 36-18,37.5627322,126.9962661
3137,서울특별시 중구 충무로4가 36-35,37.5626651,126.9962628
3138,서울특별시 중구 충무로4가 36-75,37.5627175,126.9966499
3139,서울특별시 중구 충무로4가 38-0,37.5625660,126.9967889
3140,서울특별시 중구 충무로4가 39-0,37.5625770,126.9968881
3141,서울특별시 중구 충무로4가 40-2,37.5626090,126.9969814
3142,서울특별시 중구 충무로4가 46-10,37.5626356,126.9971118
3143,서울특별시 중구 충무로4가 48-4,37.5626493,126.9973187
3144,서울특별시 중구 충무로4가 48-5,37.5626462,126.9973325
3145,서울특별시 중구 충무로4가 48-16,37.5627613,126.9973895
3146,서울특별시 중구 충무로4가 48-17,37.5629447,126.9972563
3147,서울특별시 중구 충무로4가 48-18,37.5627885,126.9974673
3148,서울특별시 중구 충무로4가 50-3,37.5628144,126.9976137
3149,서울특별시 중구 충무로4가 50-7,37.5628228,126.9976110
3150,서울특별시 중구 충무로4가 60-2,37.5632095,126.9983702
3151,서울특별시 중구 충무로4가 62-1,37.5633952,126.9983539
3152,서울특별시 중구 충무로4가 62-10,37.5633393,126.9981498
3153,서울특별시 중구 충무로4가 62-11,37.5631743,126.9980037
3154,서울특별시 중구 충무로4가 65-2,37.5630112,126.9984995
3155,서울특별시 중구 충무로4가 66-2,37.5628558,126.9984083
3156,서울특별시 중구 충무로4가 66-3,37.5629655,126.9982274
3157,서울특별시 중구 충무로4가 67-1,37.5629245,126.9982428
3158,서울특별시 중구 충무로4가 68-1,37.5628800,126.9980423
3159,서울특별시 중구 충무로4가 68-13,37.5628478,126.9979549
3160,서울특별시 중구 충무로4가 69-1,37.5628224,126.9978254
3161,서울특별시 중구 충무로4가 69-2,37.5628523,126.9978361
3162,서울특별시 중구 충무로4가 69-5,37.5629559,126.9979288
3163,서울특별시 중구 충무로4가 69-10,37.5628017,126.9976846
3164,서울특별시 중구 충무로4가 73-0,37.5620439,126.9976867
3165,서울특별시 중구 충무로4가 74-8,37.5619529,126.9977832
3166,서울특별시 중구 충무로4가 75-1,37.5619247,126.9975202
3167,서울특별시 중구 충무로4가 75-2,37.5619118,126.9975860
3168,서울특별시 중구 충무로4가 77-2,37.5620485,126.9975090
3169,서울특별시 중구 충무로4가 83-10,37.5624331,126.9972782
3170,서울특별시 중구 충무로4가 86-4,37.5620714,126.9971922
3171,서울특별시 중구 충무로4가 91-0,37.5619930,126.9969377
3172,서울특별시 중구 충무로4가 94-2,37.5620690,126.9969626
3173,서울특별시 중구 충무로4가 99-8,37.5627222,126.9984310
3174,서울특별시 중구 충무로4가 99-9,37.5624812,126.9966920
3175,서울특별시 중구 충무로4가 99-10,37.5626836,126.9972821
3176,서울특별시 중구 충무로4가 99-11,37.5618811,126.9977285
3177,서울특별시 중구 충무로4가 99-15,37.5620149,126.9973514
3178,서울특별시 중구 충무로4가 99-17,37.5618615,126.9975743
3179,서울특별시 중구 충무로4가 99-18,37.5620888,126.9978462
3180,서울특별시 중구 충무로4가 100-2,37.5623867,126.9968278
3181,서울특별시 중구 충무로4가 101-6,37.5623689,126.9967162
3182,서울특별시 중구 충무로4가 104-4,37.5620257,126.9967556
3183,서울특별시 중구 충무로4가 105-0,37.5619734,126.9967730
3184,서울특별시 중구 충무로4가 106-0,37.5619472,126.9967210
3185,서울특별시 중구 충무로4가 108-28,37.5622173,126.9965201
3186,서울특별시 중구 충무로4가 108-29,37.5621410,126.9964420
3187,서울특별시 중구 충무로4가 108-30,37.5624138,126.9964090
3188,서울특별시 중구 충무로4가 114-3,37.5619241,126.9965231
3189,서울특별시 중구 충무로4가 116-2,37.5617073,126.9961680
3190,서울특별시 중구 충무로4가 116-11,37.5615218,126.9961667
3191,서울특별시 중구 충무로4가 116-18,37.5615343,126.9961307
3192,서울특별시 중구 충무로4가 120-9,37.5628242,126.9961742
3193,서울특별시 중구 충무로4가 120-11,37.5626356,126.9960586
3194,서울특별시 중구 충무로4가 120-12,37.5626668,126.9961410
3195,서울특별시 중구 충무로4가 120-23,37.5621853,126.9961608
3196,서울특별시 중구 충무로4가 120-25,37.5619805,126.9962624
3197,서울특별시 중구 충무로4가 120-26,37.5619570,126.9961509
3198,서울특별시 중구 충무로4가 120-29,37.5618974,126.9962205
3199,서울특별시 중구 충무로4가 125-0,37.5615617,126.9955724
3200,서울특별시 중구 충무로4가 125-8,37.5617338,126.9954054
3201,서울특별시 중구 충무로4가 125-21,37.5616882,126.9954484
3202,서울특별시 중구 충무로4가 125-22,37.5616828,126.9953660
3203,서울특별시 중구 충무로4가 125-24,37.5613807,126.9956498
3204,서울특별시 중구 충무로4가 125-29,37.5617799,126.9958676
3205,서울특별시 중구 충무로4가 125-39,37.5617922,126.9957063
3206,서울특별시 중구 충무로4가 125-43,37.5615288,126.9959880
3207,서울특별시 중구 충무로4가 125-44,37.5624854,126.9952050
3208,서울특별시 중구 충무로4가 125-45,37.5613886,126.9959896
3209,서울특별시 중구 충무로4가 125-54,37.5621714,126.9953150
3210,서울특별시 중구 충무로4가 125-56,37.5616191,126.9952179
3211,서울특별시 중구 충무로4가 128-3,37.5622194,126.9954139
3212,서울특별시 중구 충무로4가 129-2,37.5623247,126.9952379
3213,서울특별시 중구 충무로4가 130-4,37.5623455,126.9950174
3214,서울특별시 중구 충무로4가 131-5,37.5620442,126.9951198
3215,서울특별시 중구 충무로4가 131-18,37.5623327,126.9951301
3216,서울특별시 중구 충무로4가 132-6,37.5617152,126.9950706
3217,서울특별시 중구 충무로4가 132-13,37.5615628,126.9949532
3218,서울특별시 중구 충무로4가 132-17,37.5615811,126.9951011
3219,서울특별시 중구 충무로4가 134-5,37.5623692,126.9948407
3220,서울특별시 중구 충무로4가 134-7,37.5623825,126.9947645
3221,서울특별시 중구 충무로4가 142-4,37.5618792,126.9944058
3222,서울특별시 중구 충무로4가 148-9,37.5621894,126.9941706
3223,서울특별시 중구 충무로4가 149-15,37.5622020,126.9941815
3224,서울특별시 중구 충무로4가 149-22,37.5623389,126.9943749
3225,서울특별시 중구 충무로4가 149-29,37.5624359,126.9943944
3226,서울특별시 중구 충무로4가 149-30,37.5627626,126.9950272
3227,서울특별시 중구 충무로4가 149-31,37.5624440,126.9937155
3228,서울특별시 중구 충무로4가 149-32,37.5618845,126.9943582
3229,서울특별시 중구 충무로4가 149-34,37.5622927,126.9943552
3230,서울특별시 중구 충무로4가 149-37,37.5621820,126.9943098
3231,서울특별시 중구 충무로4가 149-38,37.5621739,126.9943074
3232,서울특별시 중구 충무로4가 149-39,37.5625546,126.9940569
3233,서울특별시 중구 충무로4가 149-40,37.5630121,126.9943336
3234,서울특별시 중구 충무로4가 149-41,37.5628000,126.9944002
3235,서울특별시 중구 충무로4가 152-6,37.5622840,126.9938289
3236,서울특별시 중구 충무로4가 152-13,37.5622379,126.9940513
3237,서울특별시 중구 충무로4가 155-5,37.5622783,126.9936002
3238,서울특별시 중구 충무로4가 155-6,37.5620129,126.9936198
3239,서울특별시 중구 충무로4가 155-7,37.5620162,126.9935930
3240,서울특별시 중구 충무로4가 305-1,37.5624571,126.9957680
3241,서울특별시 중구 충무로4가 305-8,37.5625016,126.9956756
3242,서울특별시 중구 충무로4가 305-11,37.5620245,126.9957779
3243,서울특별시 중구 충무로4가 315-1,37.5619321,126.9952453
3244,서울특별시 중구 충무로5가 2-8,37.5635172,127.0014210
3245,서울특별시 중구 충무로5가 2-14,37.5634497,127.0009099
3246,서울특별시 중구 충무로5가 19-10,37.5627011,127.0000750
3247,서울특별시 중구 충무로5가 19-11,37.5633281,127.0014901
3248,서울특별시 중구 충무로5가 20-11,37.5629318,126.9996496
3249,서울특별시 중구 충무로5가 52-24,37.5622524,126.9989466
3250,서울특별시 중구 충무로5가 52-26,37.5621898,126.9988016
3251,서울특별시 중구 충무로5가 55-9,37.5619647,126.9983954
3252,서울특별시 중구 충무로5가 55-14,37.5621208,126.9986722
3253,서울특별시 중구 충무로5가 55-17,37.5620076,126.9983771
3254,서울특별시 중구 충무로5가 55-18,37.5618980,126.9983850
3255,서울특별시 중구 충무로5가 55-19,37.5620149,126.9983545
3256,서울특별시 중구 충무로5가 55-20,37.5620188,126.9984751
3257,서울특별시 중구 충무로5가 57-0,37.5624794,126.9984543
3258,서울특별시 중구 충무로5가 57-1,37.5627050,126.9984270
3259,서울특별시 중구 충무로5가 58-2,37.5623797,126.9983315
3260,서울특별시 중구 충무로5가 62-2,37.5622848,126.9980015
3261,서울특별시 중구 충무로5가 63-3,37.5622537,126.9979852
3262,서울특별시 중구 충무로5가 65-3,37.5623139,126.9982369
3263,서울특별시 중구 충무로5가 66-1,37.5621882,126.9982691
3264,서울특별시 중구 충무로5가 69-0,37.5621817,126.9980296
3265,서울특별시 중구 충무로5가 70-1,37.5621997,126.9979625
3266,서울특별시 중구 충무로5가 70-2,37.5621978,126.9979352
3267,서울특별시 중구 충무로5가 71-2,37.5620304,126.9978947
3268,서울특별시 중구 충무로5가 71-4,37.5621264,126.9979038
3269,서울특별시 중구 충무로5가 72-1,37.5619728,126.9979183
3270,서울특별시 중구 충무로5가 74-2,37.5619934,126.9980344
3271,서울특별시 중구 충무로5가 75-1,37.5620515,126.9980832
3272,서울특별시 중구 충무로5가 76-1,37.5620329,126.9981839
3273,서울특별시 중구 충무로5가 78-6,37.5618267,126.9983725
3274,서울특별시 중구 충무로5가 78-7,37.5618756,126.9983812
3275,서울특별시 중구 충무로5가 78-8,37.5617543,126.9983606
3276,서울특별시 중구 충무로5가 79-6,37.5611837,126.9981923
3277,서울특별시 중구 충무로5가 79-7,37.5618316,126.9984961
3278,서울특별시 중구 충무로5가 79-8,37.5611894,126.9981379
3279,서울특별시 중구 충무로5가 79-9,37.5615815,126.9982907
3280,서울특별시 중구 충무로5가 79-10,37.5611383,126.9983290
3281,서울특별시 중구 충무로5가 79-11,37.5622857,126.9979559
3282,서울특별시 중구 충무로5가 82-10,37.5615617,126.9978259
3283,서울특별시 중구 충무로5가 84-4,37.5613817,126.9981673
3284,서울특별시 중구 충무로5가 85-3,37.5612286,126.9980917
3285,서울특별시 중구 충무로5가 85-5,37.5612980,126.9981200
3286,서울특별시 중구 충무로5가 85-6,37.5612517,126.9980496
3287,서울특별시 중구 충무로5가 88-1,37.5616916,126.9973929
3288,서울특별시 중구 충무로5가 88-6,37.5617292,126.9973907
3289,서울특별시 중구 충무로5가 88-7,37.5620961,126.9978698
3290,서울특별시 중구 충무로5가 91-0,37.5611568,126.9983293
3291,서울특별시 중구 인현동2가 1-2,37.5651178,126.9981480
3292,서울특별시 중구 인현동2가 2-8,37.5649917,126.9980790
3293,서울특별시 중구 인현동2가 3-0,37.5651471,126.9972572
3294,서울특별시 중구 인현동2가 3-3,37.5653100,126.9967267
3295,서울특별시 중구 인현동2가 3-4,37.5648523,126.9966932
3296,서울특별시 중구 인현동2가 12-2,37.5655571,126.9969437
3297,서울특별시 중구 인현동2가 31-2,37.5648417,126.9965861
3298,서울특별시 중구 인현동2가 32-2,37.5648869,126.9964953
3299,서울특별시 중구 인현동2가 33-2,37.5649102,126.9964475
3300,서울특별시 중구 인현동2가 34-2,37.5649387,126.9963935
3301,서울특별시 중구 인현동2가 39-1,37.5655665,126.9962900
3302,서울특별시 중구 인현동2가 39-4,37.5651286,126.9960079
3303,서울특별시 중구 인현동2가 39-5,37.5649199,126.9963807
3304,서울특별시 중구 인현동2가 39-6,37.5652523,126.9965885
3305,서울특별시 중구 인현동2가 39-7,37.5654259,126.9966789
3306,서울특별시 중구 인현동2가 39-8,37.5656031,126.9967368
3307,서울특별시 중구 인현동2가 39-9,37.5654902,126.9977231
3308,서울특별시 중구 인현동2가 39-12,37.5655698,126.9959965
3309,서울특별시 중구 인현동2가 39-13,37.5654732,126.9959722
3310,서울특별시 중구 인현동2가 39-14,37.5654190,126.9960606
3311,서울특별시 중구 인현동2가 39-15,37.5650566,126.9961449
3312,서울특별시 중구 인현동2가 54-4,37.5653326,126.9961771
3313,서울특별시 중구 인현동2가 54-16,37.5653645,126.9961189
3314,서울특별시 중구 인현동2가 59-2,37.5651471,126.9960188
3315,서울특별시 중구 인현동2가 59-3,37.5651262,126.9960625
3316,서울특별시 중구 인현동2가 60-2,37.5650714,126.9961701
3317,서울특별시 중구 인현동2가 60-9,37.5651202,126.9962221
3318,서울특별시 중구 인현동2가 78-1,37.5650321,126.9955077
3319,서울특별시 중구 인현동2가 78-12,37.5648018,126.9955107
3320,서울특별시 중구 인현동2가 78-13,37.5646299,126.9954997
3321,서울특별시 중구 인현동2가 78-14,37.5646367,126.9955466
3322,서울특별시 중구 인현동2가 78-24,37.5643976,126.9957692
3323,서울특별시 중구 인현동2가 78-26,37.5643562,126.9956444
3324,서울특별시 중구 인현동2가 78-27,37.5643506,126.9955788
3325,서울특별시 중구 인현동2가 78-28,37.5643147,126.9955585
3326,서울특별시 중구 인현동2가 78-30,37.5643418,126.9953676
3327,서울특별시 중구 인현동2가 92-8,37.5645949,126.9954258
3328,서울특별시 중구 인현동2가 95-13,37.5650707,126.9950909
3329,서울특별시 중구 인현동2가 95-14,37.5649691,126.9950026
3330,서울특별시 중구 인현동2가 95-15,37.5649671,126.9949923
3331,서울특별시 중구 인현동2가 95-16,37.5649667,126.9953857
3332,서울특별시 중구 인현동2가 96-18,37.5643552,126.9952514
3333,서울특별시 중구 인현동2가 96-19,37.5643734,126.9950387
3334,서울특별시 중구 인현동2가 96-26,37.5643794,126.9949779
3335,서울특별시 중구 인현동2가 98-2,37.5642962,126.9951290
3336,서울특별시 중구 인현동2가 99-11,37.5642180,126.9950184
3337,서울특별시 중구 인현동2가 99-15,37.5642631,126.9949921
3338,서울특별시 중구 인현동2가 99-25,37.5642068,126.9950148
3339,서울특별시 중구 인현동2가 99-26,37.5642088,126.9949640
3340,서울특별시 중구 인현동2가 99-28,37.5644065,126.9947140
3341,서울특별시 중구 인현동2가 100-2,37.5641066,126.9953289
3342,서울특별시 중구 인현동2가 100-5,37.5641927,126.9952551
3343,서울특별시 중구 인현동2가 101-1,37.5642273,126.9958624
3344,서울특별시 중구 인현동2가 101-2,37.5642248,126.9952859
3345,서울특별시 중구 인현동2가 101-3,37.5642188,126.9953698
3346,서울특별시 중구 인현동2가 103-2,37.5641776,126.9954550
3347,서울특별시 중구 인현동2가 118-2,37.5642792,126.9961721
3348,서울특별시 중구 인현동2가 120-1,37.5652657,126.9959167
3349,서울특별시 중구 인현동2가 120-2,37.5652151,126.9958766
3350,서울특별시 중구 인현동2가 120-3,37.5651531,126.9958174
3351,서울특별시 중구 인현동2가 120-4,37.5650948,126.9958056
3352,서울특별시 중구 인현동2가 120-5,37.5650692,126.9959050
3353,서울특별시 중구 인현동2가 120-6,37.5649974,126.9959022
3354,서울특별시 중구 인현동2가 120-7,37.5649676,126.9958546
3355,서울특별시 중구 인현동2가 120-8,37.5648695,126.9958462
3356,서울특별시 중구 인현동2가 120-9,37.5648433,126.9959802
3357,서울특별시 중구 인현동2가 120-10,37.5647735,126.9959395
3358,서울특별시 중구 인현동2가 120-11,37.5646752,126.9958793
3359,서울특별시 중구 인현동2가 120-12,37.5645759,126.9958694
3360,서울특별시 중구 인현동2가 120-13,37.5645053,126.9958658
3361,서울특별시 중구 인현동2가 120-14,37.5645481,126.9959391
3362,서울특별시 중구 인현동2가 120-15,37.5644838,126.9959138
3363,서울특별시 중구 인현동2가 120-17,37.5644689,126.9960125
3364,서울특별시 중구 인현동2가 120-20,37.5644012,126.9958452
3365,서울특별시 중구 인현동2가 120-22,37.5643206,126.9957533
3366,서울특별시 중구 인현동2가 134-15,37.5643594,126.9965186
3367,서울특별시 중구 인현동2가 134-16,37.5643194,126.9963618
3368,서울특별시 중구 인현동2가 135-68,37.5641546,126.9954663
3369,서울특별시 중구 인현동2가 140-1,37.5643241,126.9969862
3370,서울특별시 중구 인현동2가 142-3,37.5643651,126.9968768
3371,서울특별시 중구 인현동2가 151-2,37.5645905,126.9970688
3372,서울특별시 중구 인현동2가 151-18,37.5643829,126.9971097
3373,서울특별시 중구 인현동2가 151-19,37.5643871,126.9972526
3374,서울특별시 중구 인현동2가 151-27,37.5645152,126.9972048
3375,서울특별시 중구 인현동2가 152-2,37.5644313,126.9973421
3376,서울특별시 중구 인현동2가 153-0,37.5642620,126.9968313
3377,서울특별시 중구 인현동2가 159-1,37.5638164,126.9971319
3378,서울특별시 중구 인현동2가 159-4,37.5647260,126.9968105
3379,서울특별시 중구 인현동2가 159-5,37.5646355,126.9970348
3380,서울특별시 중구 인현동2가 159-6,37.5645627,126.9971651
3381,서울특별시 중구 인현동2가 159-7,37.5647020,126.9969403
3382,서울특별시 중구 인현동2가 160-4,37.5639006,126.9970635
3383,서울특별시 중구 인현동2가 166-4,37.5639732,126.9966633
3384,서울특별시 중구 인현동2가 167-0,37.5639316,126.9961766
3385,서울특별시 중구 인현동2가 168-1,37.5633904,126.9965084
3386,서울특별시 중구 인현동2가 170-19,37.5637604,126.9969982
3387,서울특별시 중구 인현동2가 170-21,37.5635779,126.9970030
3388,서울특별시 중구 인현동2가 176-1,37.5630012,126.9968214
3389,서울특별시 중구 인현동2가 176-2,37.5630222,126.9966900
3390,서울특별시 중구 인현동2가 179-1,37.5629415,126.9967505
3391,서울특별시 중구 인현동2가 181-35,37.5635990,126.9966815
3392,서울특별시 중구 인현동2가 181-36,37.5631381,126.9965805
3393,서울특별시 중구 인현동2가 181-37,37.5632423,126.9962632
3394,서울특별시 중구 인현동2가 181-61,37.5630842,126.9962546
3395,서울특별시 중구 인현동2가 181-80,37.5634461,126.9962723
3396,서울특별시 중구 인현동2가 181-82,37.5635876,126.9966746
3397,서울특별시 중구 인현동2가 182-11,37.5631458,126.9954909
3398,서울특별시 중구 인현동2가 183-20,37.5626942,126.9954238
3399,서울특별시 중구 인현동2가 186-5,37.5626148,126.9951940
3400,서울특별시 중구 인현동2가 189-13,37.5628776,126.9953228
3401,서울특별시 중구 인현동2가 190-2,37.5631485,126.9952888
3402,서울특별시 중구 인현동2가 191-1,37.5633051,126.9952397
3403,서울특별시 중구 인현동2가 191-16,37.5634957,126.9954746
3404,서울특별시 중구 인현동2가 192-1,37.5639868,126.9953274
3405,서울특별시 중구 인현동2가 192-18,37.5637062,126.9954096
3406,서울특별시 중구 인현동2가 192-34,37.5640690,126.9960286
3407,서울특별시 중구 인현동2가 192-35,37.5639888,126.9960252
3408,서울특별시 중구 인현동2가 192-36,37.5638295,126.9960220
3409,서울특별시 중구 인현동2가 192-37,37.5636974,126.9960896
3410,서울특별시 중구 인현동2가 192-39,37.5635316,126.9960051
3411,서울특별시 중구 인현동2가 192-40,37.5635556,126.9960883
3412,서울특별시 중구 인현동2가 192-44,37.5634224,126.9960676
3413,서울특별시 중구 인현동2가 192-46,37.5630713,126.9961256
3414,서울특별시 중구 인현동2가 192-47,37.5641677,126.9956352
3415,서울특별시 중구 인현동2가 192-49,37.5642064,126.9954626
3416,서울특별시 중구 인현동2가 192-50,37.5641668,126.9955199
3417,서울특별시 중구 인현동2가 192-53,37.5639584,126.9955708
3418,서울특별시 중구 인현동2가 192-56,37.5636081,126.9955753
3419,서울특별시 중구 인현동2가 192-59,37.5634328,126.9956519
3420,서울특별시 중구 인현동2가 192-61,37.5633791,126.9955677
3421,서울특별시 중구 인현동2가 192-63,37.5629446,126.9956841
3422,서울특별시 중구 인현동2가 192-64,37.5627661,126.9956675
3423,서울특별시 중구 인현동2가 192-65,37.5626333,126.9956486
3424,서울특별시 중구 인현동2가 192-66,37.5641547,126.9958052
3425,서울특별시 중구 인현동2가 192-68,37.5640458,126.9952929
3426,서울특별시 중구 인현동2가 193-1,37.5637387,126.9952744
3427,서울특별시 중구 인현동2가 197-1,37.5638966,126.9952885
3428,서울특별시 중구 인현동2가 202-1,37.5639737,126.9945860
3429,서울특별시 중구 인현동2가 202-2,37.5629487,126.9947849
3430,서울특별시 중구 인현동2가 211-1,37.5634958,126.9952385
3431,서울특별시 중구 인현동2가 212-1,37.5634039,126.9952213
3432,서울특별시 중구 인현동2가 217-1,37.5633682,126.9946147
3433,서울특별시 중구 인현동2가 220-1,37.5633224,126.9952030
3434,서울특별시 중구 인현동2가 223-1,37.5633150,126.9946054
3435,서울특별시 중구 인현동2가 223-3,37.5633564,126.9946186
3436,서울특별시 중구 인현동2가 232-0,37.5656331,126.9972622
3437,서울특별시 중구 인현동2가 233-0,37.5654899,126.9978305
3438,서울특별시 중구 인현동2가 234-0,37.5653244,126.9979323
3439,서울특별시 중구 인현동2가 235-0,37.5655451,126.9977669
3440,서울특별시 중구 인현동2가 239-2,37.5657524,126.9978966
3441,서울특별시 중구 인현동2가 239-3,37.5656913,126.9974722
3442,서울특별시 중구 인현동2가 239-4,37.5656615,126.9968141
3443,서울특별시 중구 인현동2가 239-5,37.5649237,126.9963191
3444,서울특별시 중구 인현동2가 239-7,37.5643728,126.9960730
3445,서울특별시 중구 예관동 1-1,37.5656045,126.9989805
3446,서울특별시 중구 예관동 2-2,37.5657055,126.9987971
3447,서울특별시 중구 예관동 3-2,37.5657302,126.9986974
3448,서울특별시 중구 예관동 6-2,37.5657715,126.9986347
3449,서울특별시 중구 예관동 6-6,37.5657881,126.9985288
3450,서울특별시 중구 예관동 6-8,37.5657481,126.9986203
3451,서울특별시 중구 예관동 10-2,37.5656530,126.9982755
3452,서울특별시 중구 예관동 10-6,37.5657080,126.9983019
3453,서울특별시 중구 예관동 10-7,37.5657108,126.9983100
3454,서울특별시 중구 예관동 10-9,37.5656760,126.9983733
3455,서울특별시 중구 예관동 10-11,37.5656617,126.9983244
3456,서울특별시 중구 예관동 12-6,37.5658237,126.9983978
3457,서울특별시 중구 예관동 14-0,37.5655216,126.9981954
3458,서울특별시 중구 예관동 21-7,37.5654507,126.9983490
3459,서울특별시 중구 예관동 21-8,37.5655322,126.9983355
3460,서울특별시 중구 예관동 22-15,37.5653053,126.9983517
3461,서울특별시 중구 예관동 22-16,37.5651777,126.9983694
3462,서울특별시 중구 예관동 24-15,37.5654090,126.9983489
3463,서울특별시 중구 예관동 24-16,37.5653693,126.9983819
3464,서울특별시 중구 예관동 25-1,37.5654543,126.9989222
3465,서울특별시 중구 예관동 25-2,37.5652795,126.9989311
3466,서울특별시 중구 예관동 29-1,37.5651945,126.9988771
3467,서울특별시 중구 예관동 33-3,37.5649387,126.9988262
3468,서울특별시 중구 예관동 39-8,37.5648776,126.9983609
3469,서울특별시 중구 예관동 39-9,37.5648654,126.9983996
3470,서울특별시 중구 예관동 39-10,37.5649634,126.9983848
3471,서울특별시 중구 예관동 42-2,37.5648823,126.9982648
3472,서울특별시 중구 예관동 42-7,37.5651014,126.9982161
3473,서울특별시 중구 예관동 48-2,37.5647458,126.9978289
3474,서울특별시 중구 예관동 52-2,37.5643239,126.9975510
3475,서울특별시 중구 예관동 52-4,37.5647265,126.9974701
3476,서울특별시 중구 예관동 52-21,37.5643707,126.9976284
3477,서울특별시 중구 예관동 52-24,37.5644131,126.9974380
3478,서울특별시 중구 예관동 52-25,37.5647323,126.9975888
3479,서울특별시 중구 예관동 53-3,37.5647198,126.9973657
3480,서울특별시 중구 예관동 54-1,37.5643201,126.9977227
3481,서울특별시 중구 예관동 55-4,37.5643537,126.9978914
3482,서울특별시 중구 예관동 55-7,37.5643703,126.9978173
3483,서울특별시 중구 예관동 56-4,37.5646669,126.9981373
3484,서울특별시 중구 예관동 56-13,37.5645442,126.9981673
3485,서울특별시 중구 예관동 56-14,37.5644645,126.9980870
3486,서울특별시 중구 예관동 56-17,37.5644220,126.9978869
3487,서울특별시 중구 예관동 57-0,37.5645668,126.9982358
3488,서울특별시 중구 예관동 58-0,37.5642523,126.9982504
3489,서울특별시 중구 예관동 63-1,37.5646577,126.9988684
3490,서울특별시 중구 예관동 63-2,37.5646820,126.9984345
3491,서울특별시 중구 예관동 67-2,37.5644865,126.9988680
3492,서울특별시 중구 예관동 67-6,37.5644724,126.9987698
3493,서울특별시 중구 예관동 67-8,37.5644434,126.9988372
3494,서울특별시 중구 예관동 70-14,37.5637037,126.9987804
3495,서울특별시 중구 예관동 70-22,37.5633126,126.9985160
3496,서울특별시 중구 예관동 70-23,37.5637072,126.9990691
3497,서울특별시 중구 예관동 83-11,37.5644345,126.9981709
3498,서울특별시 중구 예관동 83-12,37.5644432,126.9981384
3499,서울특별시 중구 예관동 83-18,37.5643620,126.9979387
3500,서울특별시 중구 예관동 92-0,37.5634895,126.9984057
3501,서울특별시 중구 예관동 99-1,37.5635230,126.9983075
3502,서울특별시 중구 예관동 99-3,37.5632442,126.9979366
3503,서울특별시 중구 예관동 99-5,37.5633531,126.9981356
3504,서울특별시 중구 예관동 99-6,37.5631518,126.9979655
3505,서울특별시 중구 예관동 102-0,37.5637064,126.9983150
3506,서울특별시 중구 예관동 105-6,37.5638360,126.9983331
3507,서울특별시 중구 예관동 113-1,37.5638360,126.9973488
3508,서울특별시 중구 예관동 113-6,37.5642363,126.9977489
3509,서울특별시 중구 예관동 113-7,37.5645943,126.9972318
3510,서울특별시 중구 예관동 122-9,37.5633043,126.9978362
3511,서울특별시 중구 예관동 122-10,37.5634441,126.9975465
3512,서울특별시 중구 예관동 122-22,37.5634324,126.9975703
3513,서울특별시 중구 예관동 124-3,37.5630650,126.9979220
3514,서울특별시 중구 예관동 125-3,37.5630739,126.9977736
3515,서울특별시 중구 예관동 135-13,37.5629986,126.9970223
3516,서울특별시 중구 예관동 137-1,37.5630928,126.9969173
3517,서울특별시 중구 예관동 138-1,37.5657572,126.9979888
3518,서울특별시 중구 묵정동 1-36,37.5609613,126.9990090
3519,서울특별시 중구 묵정동 1-40,37.5610752,126.9986010
3520,서울특별시 중구 묵정동 4-2,,
3521,서울특별시 중구 묵정동 11-1,37.5605872,127.0009391
3522,서울특별시 중구 묵정동 18-45,37.5606433,127.0017817
3523,서울특별시 중구 묵정동 18-46,37.5605064,127.0017812
3524,서울특별시 중구 묵정동 18-47,37.5605834,127.0018409
3525,서울특별시 중구 묵정동 18-49,37.5608631,127.0025707
3526,서울특별시 중구 묵정동 20-7,37.5604960,127.0018436
3527,서울특별시 중구 묵정동 20-8,37.5603846,127.0018682
3528,서울특별시 중구 묵정동 21-2,37.5602728,127.0019202
3529,서울특별시 중구 묵정동 21-6,37.5602911,127.0018824
3530,서울특별시 중구 묵정동 23-3,37.5610984,127.0021017
3531,서울특별시 중구 묵정동 24-12,37.5613212,127.0014169
3532,서울특별시 중구 묵정동 24-25,37.5615049,127.0014609
3533,서울특별시 중구 묵정동 24-26,37.5614487,127.0014540
3534,서울특별시 중구 묵정동 24-27,37.5613889,127.0014480
3535,서울특별시 중구 묵정동 25-11,37.5609151,127.0013741
3536,서울특별시 중구 묵정동 25-22,37.5607829,127.0013310
3537,서울특별시 중구 묵정동 26-1,37.5602830,127.0010187
3538,서울특별시 중구 묵정동 26-7,37.5610961,127.0017159
3539,서울특별시 중구 묵정동 26-8,37.5615083,127.0010357
3540,서울특별시 중구 묵정동 26-9,37.5622364,126.9987042
3541,서울특별시 중구 묵정동 26-10,37.5617076,127.0000562
3542,서울특별시 중구 묵정동 26-11,37.5607411,127.0011845
3543,서울특별시 중구 묵정동 28-31,37.5617161,127.0007808
3544,서울특별시 중구 묵정동 29-10,37.5614718,127.0005481
3545,서울특별시 중구 묵정동 31-6,37.5612911,126.9997634
3546,서울특별시 중구 묵정동 32-15,37.5623147,126.9995795
3547,서울특별시 중구 묵정동 32-16,37.5622804,126.9994308
3548,서울특별시 중구 묵정동 32-17,37.5622370,126.9992392
3549,서울특별시 중구 묵정동 32-18,37.5623017,126.9995834
3550,서울특별시 중구 묵정동 32-19,37.5622751,126.9994678
3551,서울특별시 중구 묵정동 34-0,37.5610928,126.9986057
3552,서울특별시 중구 필동1가 2-1,37.5618884,126.9916659
3553,서울특별시 중구 필동1가 2-2,37.5622137,126.9923121
3554,서울특별시 중구 필동1가 10-21,37.5615883,126.9922468
3555,서울특별시 중구 필동1가 13-2,37.5610882,126.9921996
3556,서울특별시 중구 필동1가 15-0,37.5610951,126.9921300
3557,서울특별시 중구 필동1가 16-2,37.5610905,126.9920489
3558,서울특별시 중구 필동1가 16-3,37.5610945,126.9919787
3559,서울특별시 중구 필동1가 17-5,37.5613535,126.9916937
3560,서울특별시 중구 필동1가 19-1,37.5610797,126.9917078
3561,서울특별시 중구 필동1가 20-1,37.5609596,126.9918003
3562,서울특별시 중구 필동1가 20-3,37.5609490,126.9915659
3563,서울특별시 중구 필동1가 20-4,37.5608812,126.9915313
3564,서울특별시 중구 필동1가 21-20,37.5607556,126.9914980
3565,서울특별시 중구 필동1가 21-21,37.5604668,126.9913033
3566,서울특별시 중구 필동1가 21-23,37.5605569,126.9913758
3567,서울특별시 중구 필동1가 22-1,37.5613925,126.9931221
3568,서울특별시 중구 필동1가 23-12,37.5605952,126.9921396
3569,서울특별시 중구 필동1가 24-7,37.5602785,126.9920159
3570,서울특별시 중구 필동1가 24-9,37.5603074,126.9923543
3571,서울특별시 중구 필동1가 24-27,37.5603073,126.9920707
3572,서울특별시 중구 필동1가 24-49,37.5602106,126.9920189
3573,서울특별시 중구 필동1가 24-51,37.5601478,126.9918829
3574,서울특별시 중구 필동1가 27-4,37.5603826,126.9925615
3575,서울특별시 중구 필동1가 34-1,37.5605920,126.9932020
3576,서울특별시 중구 필동1가 39-9,37.5612184,126.9935482
3577,서울특별시 중구 필동1가 39-10,37.5614912,126.9922754
3578,서울특별시 중구 필동1가 41-10,37.5611595,126.9930094
3579,서울특별시 중구 필동1가 41-13,37.5611978,126.9929407
3580,서울특별시 중구 필동1가 45-2,37.5615708,126.9932793
3581,서울특별시 중구 필동1가 45-6,37.5617224,126.9931373
3582,서울특별시 중구 필동1가 47-1,37.5621110,126.9935551
3583,서울특별시 중구 필동1가 50-8,37.5617277,126.9936396
3584,서울특별시 중구 필동1가 56-1,37.5612212,126.9934546
3585,서울특별시 중구 필동2가 1-4,37.5610356,126.9933135
3586,서울특별시 중구 필동2가 1-5,37.5604132,126.9933005
3587,서울특별시 중구 필동2가 1-6,37.5608474,126.9950445
3588,서울특별시 중구 필동2가 5-1,37.5610455,126.9935614
3589,서울특별시 중구 필동2가 5-3,37.5616276,126.9936781
3590,서울특별시 중구 필동2가 6-2,37.5610356,126.9939550
3591,서울특별시 중구 필동2가 10-2,37.5613861,126.9940390
3592,서울특별시 중구 필동2가 10-5,37.5612819,126.9939142
3593,서울특별시 중구 필동2가 13-6,37.5616861,126.9939505
3594,서울특별시 중구 필동2가 13-9,37.5613848,126.9943908
3595,서울특별시 중구 필동2가 13-22,37.5617234,126.9942136
3596,서울특별시 중구 필동2가 13-24,37.5617122,126.9942578
3597,서울특별시 중구 필동2가 13-26,37.5616661,126.9942263
3598,서울특별시 중구 필동2가 13-27,37.5615167,126.9942143
3599,서울특별시 중구 필동2가 13-32,37.5616154,126.9941832
3600,서울특별시 중구 필동2가 14-3,37.5614259,126.9949233
3601,서울특별시 중구 필동2가 14-4,37.5612999,126.9950293
3602,서울특별시 중구 필동2가 14-7,37.5615627,126.9948011
3603,서울특별시 중구 필동2가 16-2,37.5612197,126.9943361
3604,서울특별시 중구 필동2가 16-12,37.5609657,126.9941566
3605,서울특별시 중구 필동2가 16-27,37.5611123,126.9942384
3606,서울특별시 중구 필동2가 17-8,37.5605523,126.9948355
3607,서울특별시 중구 필동2가 18-13,37.5606982,126.9952189
3608,서울특별시 중구 필동2가 19-2,37.5609884,126.9955788
3609,서울특별시 중구 필동2가 19-18,37.5604334,126.9955190
3610,서울특별시 중구 필동2가 19-24,37.5613274,126.9952359
3611,서울특별시 중구 필동2가 19-29,37.5613507,126.9951649
3612,서울특별시 중구 필동2가 19-31,37.5604028,126.9961100
3613,서울특별시 중구 필동2가 19-32,37.5603853,126.9960446
3614,서울특별시 중구 필동2가 20-8,37.5607909,126.9960254
3615,서울특별시 중구 필동2가 20-9,37.5606753,126.9960904
3616,서울특별시 중구 필동2가 21-2,37.5601508,126.9962375
3617,서울특별시 중구 필동2가 21-6,37.5602273,126.9961457
3618,서울특별시 중구 필동2가 21-8,37.5603074,126.9961464
3619,서울특별시 중구 필동2가 21-9,37.5602532,126.9961112
3620,서울특별시 중구 필동2가 21-10,37.5602121,126.9960951
3621,서울특별시 중구 필동2가 21-13,37.5601979,126.9961719
3622,서울특별시 중구 필동2가 24-5,37.5603578,126.9961828
3623,서울특별시 중구 필동2가 28-9,37.5609642,126.9964116
3624,서울특별시 중구 필동2가 28-44,37.5609721,126.9961146
3625,서울특별시 중구 필동2가 29-3,37.5611162,126.9960106
3626,서울특별시 중구 필동2가 29-4,37.5610153,126.9960727
3627,서울특별시 중구 필동2가 29-5,37.5611196,126.9963264
3628,서울특별시 중구 필동2가 29-10,37.5610918,126.9961427
3629,서울특별시 중구 필동2가 29-13,37.5612249,126.9960748
3630,서울특별시 중구 필동2가 29-19,37.5611737,126.9961332
3631,서울특별시 중구 필동2가 29-21,37.5611198,126.9960872
3632,서울특별시 중구 필동2가 29-22,37.5611597,126.9960096
3633,서울특별시 중구 필동2가 29-23,37.5610463,126.9960251
3634,서울특별시 중구 필동2가 32-7,37.5612826,126.9965905
3635,서울특별시 중구 필동2가 32-25,37.5612969,126.9961116
3636,서울특별시 중구 필동2가 32-26,37.5613341,126.9960837
3637,서울특별시 중구 필동2가 32-27,37.5612580,126.9961145
3638,서울특별시 중구 필동2가 33-1,37.5615885,126.9960401
3639,서울특별시 중구 필동2가 33-3,37.5614542,126.9962009
3640,서울특별시 중구 필동2가 33-4,37.5614796,126.9960794
3641,서울특별시 중구 필동2가 33-5,37.5615242,126.9960011
3642,서울특별시 중구 필동2가 37-8,37.5615487,126.9965096
3643,서울특별시 중구 필동2가 38-0,37.5617557,126.9965522
3644,서울특별시 중구 필동2가 43-1,37.5618225,126.9970270
3645,서울특별시 중구 필동2가 47-2,37.5617979,126.9967455
3646,서울특별시 중구 필동2가 47-3,37.5615758,126.9973357
3647,서울특별시 중구 필동2가 47-5,37.5615071,126.9970086
3648,서울특별시 중구 필동2가 48-1,37.5613873,126.9973256
3649,서울특별시 중구 필동2가 58-4,37.5613509,126.9970755
3650,서울특별시 중구 필동2가 60-2,37.5611886,126.9971355
3651,서울특별시 중구 필동2가 68-1,37.5610923,126.9969893
3652,서울특별시 중구 필동2가 68-2,37.5603479,126.9967889
3653,서울특별시 중구 필동2가 68-3,37.5597099,126.9958884
3654,서울특별시 중구 필동2가 71-2,37.5599284,126.9967889
3655,서울특별시 중구 필동2가 71-6,37.5600780,126.9967465
3656,서울특별시 중구 필동2가 72-1,37.5600797,126.9966275
3657,서울특별시 중구 필동2가 72-7,37.5603639,126.9953292
3658,서울특별시 중구 필동2가 72-8,37.5599742,126.9966768
3659,서울특별시 중구 필동2가 72-9,37.5599804,126.9967136
3660,서울특별시 중구 필동2가 72-12,37.5599722,126.9966356
3661,서울특별시 중구 필동2가 72-14,37.5612479,126.9966763
3662,서울특별시 중구 필동2가 72-15,37.5611910,126.9958784
3663,서울특별시 중구 필동2가 72-19,37.5608845,126.9961720
3664,서울특별시 중구 필동2가 73-1,37.5600256,126.9966327
3665,서울특별시 중구 필동2가 74-2,37.5599239,126.9963329
3666,서울특별시 중구 필동2가 74-15,37.5599818,126.9965751
3667,서울특별시 중구 필동2가 74-16,37.5599191,126.9965408
3668,서울특별시 중구 필동2가 74-19,37.5598737,126.9964927
3669,서울특별시 중구 필동2가 77-2,37.5598503,126.9961424
3670,서울특별시 중구 필동2가 77-3,37.5599959,126.9961234
3671,서울특별시 중구 필동2가 78-1,37.5602771,126.9954623
3672,서울특별시 중구 필동2가 81-2,37.5596563,126.9953999
3673,서울특별시 중구 필동2가 82-4,37.5605361,126.9934412
3674,서울특별시 중구 필동2가 82-29,37.5603268,126.9932558
3675,서울특별시 중구 필동2가 82-31,37.5598193,126.9925916
3676,서울특별시 중구 필동2가 84-4,37.5565216,126.9944850
3677,서울특별시 중구 필동2가 84-32,37.5567512,126.9933750
3678,서울특별시 중구 필동2가 84-36,37.5564283,126.9935064
3679,서울특별시 중구 필동2가 84-93,37.5599413,126.9925828
3680,서울특별시 중구 필동2가 84-117,37.5560128,126.9943577
3681,서울특별시 중구 필동2가 84-118,37.5567217,126.9932071
3682,서울특별시 중구 필동2가 84-146,37.5566021,126.9928963
3683,서울특별시 중구 필동2가 85-2,37.5594794,126.9954068
3684,서울특별시 중구 필동2가 85-5,37.5594866,126.9952580
3685,서울특별시 중구 필동2가 86-2,37.5596524,126.9954627
3686,서울특별시 중구 필동2가 95-1,37.5591898,126.9961366
3687,서울특별시 중구 필동2가 96-2,37.5590616,126.9961198
3688,서울특별시 중구 필동2가 97-6,37.5590687,126.9961729
3689,서울특별시 중구 필동2가 97-7,37.5589791,126.9961017
3690,서울특별시 중구 필동2가 97-8,37.5589439,126.9961040
3691,서울특별시 중구 필동2가 99-1,37.5588085,126.9960563
3692,서울특별시 중구 필동2가 101-2,37.5587939,126.9954891
3693,서울특별시 중구 필동2가 103-2,37.5586313,126.9951102
3694,서울특별시 중구 필동2가 103-5,37.5584425,126.9952776
3695,서울특별시 중구 필동2가 104-2,37.5586064,126.9954761
3696,서울특별시 중구 필동2가 104-3,37.5577598,126.9956686
3697,서울특별시 중구 필동2가 105-1,37.5583498,126.9955961
3698,서울특별시 중구 필동2가 105-6,37.5583321,126.9956659
3699,서울특별시 중구 필동2가 105-9,37.5581845,126.9956927
3700,서울특별시 중구 필동2가 106-9,37.5583042,126.9958455
3701,서울특별시 중구 필동2가 106-14,37.5582026,126.9957890
3702,서울특별시 중구 필동2가 106-18,37.5583769,126.9959688
3703,서울특별시 중구 필동2가 106-19,37.5587129,126.9955696
3704,서울특별시 중구 필동2가 106-22,37.5583748,126.9958403
3705,서울특별시 중구 필동2가 106-24,37.5580607,126.9959401
3706,서울특별시 중구 필동2가 106-27,37.5592713,126.9960950
3707,서울특별시 중구 필동2가 107-7,37.5582320,126.9958664
3708,서울특별시 중구 필동2가 110-5,37.5580073,126.9954702
3709,서울특별시 중구 필동2가 113-2,37.5577688,126.9957290
3710,서울특별시 중구 필동2가 119-9,37.5569814,126.9954643
3711,서울특별시 중구 필동2가 119-10,37.5573282,126.9958090
3712,서울특별시 중구 필동2가 119-11,37.5568241,126.9955322
3713,서울특별시 중구 필동2가 119-14,37.5561480,126.9953419
3714,서울특별시 중구 필동2가 119-17,37.5574266,126.9958247
3715,서울특별시 중구 필동2가 120-2,37.5572342,126.9955362
3716,서울특별시 중구 필동2가 121-2,37.5565365,126.9953132
3717,서울특별시 중구 필동2가 122-5,37.5563082,126.9952736
3718,서울특별시 중구 필동2가 123-6,37.5562938,126.9949307
3719,서울특별시 중구 필동2가 124-4,37.5566074,126.9949893
3720,서울특별시 중구 필동2가 128-2,37.5558794,126.9953326
3721,서울특별시 중구 필동2가 128-13,37.5553129,126.9951692
3722,서울특별시 중구 필동2가 128-24,37.5550592,126.9948527
3723,서울특별시 중구 필동2가 128-26,37.5561046,126.9952286
3724,서울특별시 중구 필동2가 128-32,37.5557946,126.9956330
3725,서울특별시 중구 필동2가 131-5,37.5551717,126.9956235
3726,서울특별시 중구 필동2가 133-3,37.5539015,126.9951547
3727,서울특별시 중구 필동2가 134-5,37.5550945,126.9955623
3728,서울특별시 중구 필동2가 134-6,37.5550863,126.9954789
3729,서울특별시 중구 필동2가 134-24,37.5547834,126.9954864
3730,서울특별시 중구 필동2가 134-25,37.5550638,126.9955571
3731,서울특별시 중구 필동2가 134-29,37.5546502,126.9953717
3732,서울특별시 중구 필동2가 134-30,37.5547555,126.9953566
3733,서울특별시 중구 필동2가 134-31,37.5557958,126.9956434
3734,서울특별시 중구 필동2가 134-35,37.5553584,126.9956387
3735,서울특별시 중구 필동3가 1-2,37.5603588,126.9968289
3736,서울특별시 중구 필동3가 1-7,37.5602612,126.9970199
3737,서울특별시 중구 필동3가 1-8,37.5603029,126.9970010
3738,서울특별시 중구 필동3가 1-13,37.5604756,126.9969242
3739,서울특별시 중구 필동3가 1-14,37.5603971,126.9968560
3740,서울특별시 중구 필동3가 1-15,37.5602892,126.9968767
3741,서울특별시 중구 필동3가 2-2,37.5605309,126.9968391
3742,서울특별시 중구 필동3가 5-4,37.5607086,126.9975396
3743,서울특별시 중구 필동3가 10-13,37.5609723,126.9971821
3744,서울특별시 중구 필동3가 10-25,37.5608503,126.9976419
3745,서울특별시 중구 필동3가 15-1,37.5614189,126.9975972
3746,서울특별시 중구 필동3가 15-2,37.5614166,126.9973594
3747,서울특별시 중구 필동3가 17-7,37.5611490,126.9979939
3748,서울특별시 중구 필동3가 17-11,37.5611197,126.9979595
3749,서울특별시 중구 필동3가 18-1,37.5608982,126.9982842
3750,서울특별시 중구 필동3가 18-2,37.5611042,126.9981156
3751,서울특별시 중구 필동3가 18-18,37.5607977,126.9981901
3752,서울특별시 중구 필동3가 19-10,37.5609138,126.9987643
3753,서울특별시 중구 필동3가 19-14,37.5609360,126.9985762
3754,서울특별시 중구 필동3가 19-15,37.5609479,126.9985638
3755,서울특별시 중구 필동3가 19-16,37.5608932,126.9985191
3756,서울특별시 중구 필동3가 19-18,37.5608742,126.9988566
3757,서울특별시 중구 필동3가 19-19,37.5610575,126.9984021
3758,서울특별시 중구 필동3가 20-2,37.5606393,126.9980880
3759,서울특별시 중구 필동3가 20-6,37.5607118,126.9983482
3760,서울특별시 중구 필동3가 20-23,37.5604470,126.9981778
3761,서울특별시 중구 필동3가 20-33,37.5606689,126.9980065
3762,서울특별시 중구 필동3가 21-11,37.5604243,126.9975936
3763,서울특별시 중구 필동3가 21-27,37.5605257,126.9976539
3764,서울특별시 중구 필동3가 23-2,37.5601402,126.9971123
3765,서울특별시 중구 필동3가 23-3,37.5601870,126.9970349
3766,서울특별시 중구 필동3가 24-2,37.5599221,126.9973800
3767,서울특별시 중구 필동3가 24-14,37.5599301,126.9973193
3768,서울특별시 중구 필동3가 24-15,37.5599273,126.9973059
3769,서울특별시 중구 필동3가 25-8,37.5597993,126.9977060
3770,서울특별시 중구 필동3가 25-12,37.5599448,126.9977539
3771,서울특별시 중구 필동3가 25-19,37.5597775,126.9978736
3772,서울특별시 중구 필동3가 26-1,37.5593040,126.9985604
3773,서울특별시 중구 필동3가 26-2,37.5597700,126.9980464
3774,서울특별시 중구 필동3가 28-17,37.5594183,126.9971501
3775,서울특별시 중구 필동3가 28-39,37.5586273,126.9977820
3776,서울특별시 중구 필동3가 28-46,37.5601606,126.9970138
3777,서울특별시 중구 필동3가 28-48,37.5586759,126.9979895
3778,서울특별시 중구 필동3가 28-50,37.5591048,126.9975203
3779,서울특별시 중구 필동3가 29-1,37.5598315,126.9965133
3780,서울특별시 중구 필동3가 29-6,37.5596476,126.9963061
3781,서울특별시 중구 필동3가 31-0,37.5597078,126.9961807
3782,서울특별시 중구 필동3가 31-1,37.5597880,126.9961568
3783,서울특별시 중구 필동3가 31-2,37.5597512,126.9961113
3784,서울특별시 중구 필동3가 31-9,37.5597710,126.9961377
3785,서울특별시 중구 필동3가 31-10,37.5597384,126.9960980
3786,서울특별시 중구 필동3가 31-11,37.5597293,126.9960873
3787,서울특별시 중구 필동3가 32-1,37.5597123,126.9959163
3788,서울특별시 중구 필동3가 32-5,37.5597744,126.9960702
3789,서울특별시 중구 필동3가 32-6,37.5596911,126.9960309
3790,서울특별시 중구 필동3가 33-2,37.5596823,126.9960438
3791,서울특별시 중구 필동3가 39-1,37.5594735,126.9968241
3792,서울특별시 중구 필동3가 39-9,37.5587291,126.9969278
3793,서울특별시 중구 필동3가 39-26,37.5589874,126.9972966
3794,서울특별시 중구 필동3가 44-8,37.5585920,126.9960157
3795,서울특별시 중구 필동3가 44-9,37.5586883,126.9962064
3796,서울특별시 중구 필동3가 44-10,37.5581377,126.9964042
3797,서울특별시 중구 필동3가 45-5,37.5587888,126.9961536
3798,서울특별시 중구 필동3가 46-1,37.5585836,126.9961226
3799,서울특별시 중구 필동3가 46-6,37.5581528,126.9961192
3800,서울특별시 중구 필동3가 46-9,37.5579069,126.9960161
3801,서울특별시 중구 필동3가 46-11,37.5582091,126.9961326
3802,서울특별시 중구 필동3가 55-4,37.5578334,126.9966747
3803,서울특별시 중구 필동3가 55-12,37.5603745,126.9968106
3804,서울특별시 중구 필동3가 57-1,37.5577177,126.9959613
3805,서울특별시 중구 필동3가 57-4,37.5575840,126.9958564
3806,서울특별시 중구 필동3가 57-5,37.5575809,126.9959267
3807,서울특별시 중구 필동3가 58-2,37.5574202,126.9959208
3808,서울특별시 중구 필동3가 58-3,37.5574403,126.9958706
3809,서울특별시 중구 필동3가 60-3,37.5569742,126.9957442
3810,서울특별시 중구 필동3가 61-1,37.5568982,126.9957139
3811,서울특별시 중구 필동3가 61-9,37.5575971,126.9958514
3812,서울특별시 중구 필동3가 61-13,37.5566483,126.9955723
3813,서울특별시 중구 필동3가 61-15,37.5564955,126.9955167
3814,서울특별시 중구 필동3가 61-16,37.5568969,126.9957722
3815,서울특별시 중구 필동3가 61-19,37.5570665,126.9957064
3816,서울특별시 중구 필동3가 61-20,37.5566960,126.9954692
3817,서울특별시 중구 필동3가 61-23,37.5562274,126.9955221
3818,서울특별시 중구 필동3가 62-1,37.5575743,126.9963224
3819,서울특별시 중구 필동3가 62-2,37.5573575,126.9965209
3820,서울특별시 중구 필동3가 62-26,37.5564823,126.9958942
3821,서울특별시 중구 필동3가 62-40,37.5565630,126.9957151
3822,서울특별시 중구 필동3가 62-41,37.5574670,126.9963756
3823,서울특별시 중구 필동3가 62-43,37.5565228,126.9957044
3824,서울특별시 중구 필동3가 63-2,37.5563451,126.9956005
3825,서울특별시 중구 필동3가 63-3,37.5562230,126.9955653
3826,서울특별시 중구 필동3가 64-0,37.5560883,126.9956345
3827,서울특별시 중구 필동3가 65-1,37.5559862,126.9955748
3828,서울특별시 중구 필동3가 66-2,37.5559279,126.9956613
3829,서울특별시 중구 필동3가 67-0,37.5558543,126.9956819
3830,서울특별시 중구 필동3가 68-1,37.5557872,126.9957145
3831,서울특별시 중구 필동3가 68-2,37.5556650,126.9957216
3832,서울특별시 중구 필동3가 68-3,37.5557184,126.9957250
3833,서울특별시 중구 필동3가 69-2,37.5556926,126.9958150
3834,서울특별시 중구 필동3가 69-3,37.5555111,126.9959060
3835,서울특별시 중구 필동3가 69-14,37.5555922,126.9959292
3836,서울특별시 중구 필동3가 69-23,37.5557637,126.9958267
3837,서울특별시 중구 필동3가 71-1,37.5555725,126.9958658
3838,서울특별시 중구 필동3가 71-2,37.5555508,126.9957814
3839,서울특별시 중구 필동3가 71-4,37.5554750,126.9957433
3840,서울특별시 중구 필동3가 71-5,37.5554214,126.9956939
3841,서울특별시 중구 필동3가 71-6,37.5555712,126.9958208
3842,서울특별시 중구 필동3가 71-7,37.5555047,126.9958474
3843,서울특별시 중구 필동3가 71-9,37.5552192,126.9956974
3844,서울특별시 중구 필동3가 72-1,37.5554612,126.9958599
3845,서울특별시 중구 필동3가 72-2,37.5554214,126.9958895
3846,서울특별시 중구 필동3가 72-12,37.5554466,126.9958682
3847,서울특별시 중구 필동3가 72-14,37.5554234,126.9958787
3848,서울특별시 중구 필동3가 76-2,37.5551654,126.9956857
3849,서울특별시 중구 필동3가 78-6,37.5553267,126.9960071
3850,서울특별시 중구 필동3가 78-7,37.5552845,126.9959494
3851,서울특별시 중구 필동3가 78-9,37.5553346,126.9960808
3852,서울특별시 중구 필동3가 78-10,37.5552797,126.9960597
3853,서울특별시 중구 필동3가 78-11,37.5553550,126.9959350
3854,서울특별시 중구 필동3가 78-14,37.5548456,126.9964101
3855,서울특별시 중구 필동3가 78-16,37.5554363,126.9959832
3856,서울특별시 중구 필동3가 79-2,37.5550280,126.9961105
3857,서울특별시 중구 필동3가 79-11,37.5548457,126.9961308
3858,서울특별시 중구 필동3가 79-17,37.5542017,126.9965235
3859,서울특별시 중구 필동3가 79-23,37.5546539,126.9964422
3860,서울특별시 중구 필동3가 79-26,37.5542254,126.9966801
3861,서울특별시 중구 필동3가 79-58,37.5542431,126.9966541
3862,서울특별시 중구 필동3가 79-64,37.5541180,126.9963075
3863,서울특별시 중구 남학동 9-2,37.5610517,126.9910853
3864,서울특별시 중구 남학동 12-1,37.5609336,126.9907680
3865,서울특별시 중구 남학동 13-1,37.5609256,126.9913012
3866,서울특별시 중구 남학동 13-3,37.5607881,126.9910585
3867,서울특별시 중구 남학동 16-6,37.5610015,126.9915687
3868,서울특별시 중구 남학동 16-7,37.5602917,126.9910833
3869,서울특별시 중구 남학동 16-9,37.5604628,126.9912737
3870,서울특별시 중구 남학동 16-10,37.5601038,126.9905190
3871,서울특별시 중구 남학동 18-1,37.5610176,126.9909511
3872,서울특별시 중구 남학동 18-2,37.5605509,126.9906264
3873,서울특별시 중구 남학동 18-3,37.5600972,126.9902284
3874,서울특별시 중구 남학동 18-4,37.5607379,126.9914436
3875,서울특별시 중구 남학동 18-6,37.5601445,126.9905400
3876,서울특별시 중구 남학동 19-7,37.5602935,126.9909839
3877,서울특별시 중구 남학동 22-17,37.5599851,126.9905260
3878,서울특별시 중구 남학동 22-31,37.5602403,126.9909254
3879,서울특별시 중구 남학동 25-3,37.5600050,126.9903367
3880,서울특별시 중구 주자동 2-2,37.5611534,126.9884683
3881,서울특별시 중구 주자동 5-1,37.5607138,126.9892502
3882,서울특별시 중구 주자동 5-5,37.5606096,126.9885536
3883,서울특별시 중구 주자동 5-21,37.5602173,126.9893616
3884,서울특별시 중구 주자동 5-22,37.5604567,126.9888762
3885,서울특별시 중구 주자동 5-23,37.5601157,126.9890482
3886,서울특별시 중구 주자동 6-13,37.5602569,126.9893410
3887,서울특별시 중구 주자동 6-14,37.5606097,126.9894729
3888,서울특별시 중구 주자동 6-18,37.5606130,126.9893637
3889,서울특별시 중구 주자동 6-39,37.5607749,126.9894599
3890,서울특별시 중구 주자동 6-41,37.5608688,126.9895031
3891,서울특별시 중구 주자동 7-4,37.5609737,126.9890469
3892,서울특별시 중구 주자동 8-2,37.5612069,126.9890616
3893,서울특별시 중구 주자동 17-14,37.5609898,126.9894894
3894,서울특별시 중구 주자동 18-5,37.5608598,126.9897955
3895,서울특별시 중구 주자동 21-0,37.5611159,126.9891328
3896,서울특별시 중구 주자동 21-1,37.5611899,126.9890152
3897,서울특별시 중구 주자동 21-2,37.5602365,126.9894272
3898,서울특별시 중구 주자동 21-3,37.5608547,126.9885238
3899,서울특별시 중구 주자동 21-4,37.5610330,126.9882795
3900,서울특별시 중구 주자동 21-5,37.5606247,126.9884180
3901,서울특별시 중구 주자동 21-6,37.5603548,126.9884250
3902,서울특별시 중구 주자동 21-7,37.5601176,126.9889657
3903,서울특별시 중구 주자동 21-8,37.5600118,126.9894355
3904,서울특별시 중구 주자동 21-9,37.5601138,126.9893623
3905,서울특별시 중구 주자동 39-2,37.5611565,126.9903459
3906,서울특별시 중구 주자동 40-1,37.5610502,126.9902194
3907,서울특별시 중구 주자동 40-3,37.5610536,126.9899779
3908,서울특별시 중구 주자동 40-8,37.5609719,126.9903218
3909,서울특별시 중구 주자동 41-10,37.5606124,126.9903150
3910,서울특별시 중구 주자동 44-8,37.5606301,126.9896525
3911,서울특별시 중구 주자동 44-9,37.5606227,126.9896539
3912,서울특별시 중구 주자동 45-4,37.5604341,126.9897093
3913,서울특별시 중구 주자동 45-12,37.5603588,126.9897005
3914,서울특별시 중구 주자동 45-17,37.5603454,126.9896798
3915,서울특별시 중구 주자동 47-1,37.5602679,126.9898133
3916,서울특별시 중구 주자동 47-4,37.5599970,126.9896442
3917,서울특별시 중구 주자동 47-5,37.5600540,126.9894804
3918,서울특별시 중구 주자동 47-6,37.5600317,126.9893688
3919,서울특별시 중구 주자동 47-7,37.5601108,126.9895034
3920,서울특별시 중구 주자동 48-3,37.5601425,126.9894900
3921,서울특별시 중구 주자동 48-4,37.5600947,126.9895502
3922,서울특별시 중구 주자동 48-6,37.5601087,126.9895683
3923,서울특별시 중구 주자동 49-8,37.5602297,126.9899784
3924,서울특별시 중구 주자동 49-18,37.5601973,126.9899698
3925,서울특별시 중구 주자동 49-20,37.5602552,126.9897063
3926,서울특별시 중구 주자동 49-22,37.5600932,126.9899421
3927,서울특별시 중구 주자동 49-25,37.5600598,126.9896485
3928,서울특별시 중구 주자동 49-27,37.5600195,126.9896119
3929,서울특별시 중구 주자동 49-28,37.5600286,126.9895813
3930,서울특별시 중구 예장동 1-37,37.5589692,126.9927476
3931,서울특별시 중구 예장동 1-55,37.5559795,126.9931177
3932,서울특별시 중구 예장동 1-56,37.5560943,126.9934269
3933,서울특별시 중구 예장동 1-81,37.5567288,126.9928025
3934,서울특별시 중구 예장동 1-89,37.5566235,126.9927019
3935,서울특별시 중구 예장동 1-109,37.5565249,126.9927746
3936,서울특별시 중구 예장동 1-110,37.5565937,126.9927450
3937,서울특별시 중구 예장동 1-117,37.5557920,126.9932239
3938,서울특별시 중구 예장동 1-169,37.5555318,126.9943052
3939,서울특별시 중구 예장동 1-178,37.5596450,126.9926740
3940,서울특별시 중구 예장동 1-179,37.5592306,126.9928822
3941,서울특별시 중구 예장동 1-180,37.5600167,126.9923127
3942,서울특별시 중구 예장동 1-186,37.5561899,126.9934926
3943,서울특별시 중구 예장동 1-187,37.5592966,126.9923335
3944,서울특별시 중구 예장동 1-196,37.5559468,126.9931306
3945,서울특별시 중구 예장동 1-197,37.5558923,126.9931680
3946,서울특별시 중구 예장동 1-198,37.5558346,126.9932023
3947,서울특별시 중구 예장동 1-216,37.5565980,126.9928892
3948,서울특별시 중구 예장동 2-22,37.5599202,126.9908752
3949,서울특별시 중구 예장동 2-37,37.5598695,126.9910594
3950,서울특별시 중구 예장동 2-40,37.5596419,126.9912918
3951,서울특별시 중구 예장동 2-44,37.5594205,126.9913013
3952,서울특별시 중구 예장동 2-46,37.5592372,126.9912421
3953,서울특별시 중구 예장동 2-58,37.5598506,126.9899643
3954,서울특별시 중구 예장동 2-66,37.5593361,126.9915435
3955,서울특별시 중구 예장동 2-72,37.5595239,126.9914883
3956,서울특별시 중구 예장동 2-79,37.5588029,126.9893383
3957,서울특별시 중구 예장동 2-91,37.5598812,126.9909133
3958,서울특별시 중구 예장동 2-101,37.5598993,126.9907862
3959,서울특별시 중구 예장동 2-102,37.5585886,126.9892420
3960,서울특별시 중구 예장동 2-103,37.5598116,126.9910123
3961,서울특별시 중구 예장동 2-118,37.5594720,126.9916699
3962,서울특별시 중구 예장동 2-119,37.5595237,126.9915964
3963,서울특별시 중구 예장동 2-122,37.5599221,126.9906344
3964,서울특별시 중구 예장동 2-124,37.5598619,126.9908755
3965,서울특별시 중구 예장동 2-129,37.5591960,126.9914288
3966,서울특별시 중구 예장동 2-141,37.5598362,126.9903956
3967,서울특별시 중구 예장동 2-153,37.5599079,126.9908433
3968,서울특별시 중구 예장동 2-154,37.5598651,126.9909759
3969,서울특별시 중구 예장동 2-155,37.5595137,126.9913536
3970,서울특별시 중구 예장동 2-158,37.5594445,126.9917377
3971,서울특별시 중구 예장동 2-160,37.5593729,126.9914337
3972,서울특별시 중구 예장동 2-165,37.5596513,126.9907683
3973,서울특별시 중구 예장동 2-170,37.5601641,126.9918319
3974,서울특별시 중구 예장동 2-178,37.5597461,126.9899124
3975,서울특별시 중구 예장동 2-180,37.5593430,126.9897496
3976,서울특별시 중구 예장동 2-182,37.5597475,126.9900073
3977,서울특별시 중구 예장동 3-6,37.5597995,126.9898623
3978,서울특별시 중구 예장동 3-7,37.5597374,126.9898255
3979,서울특별시 중구 예장동 3-16,37.5599377,126.9897634
3980,서울특별시 중구 예장동 3-18,37.5598930,126.9893175
3981,서울특별시 중구 예장동 3-19,37.5599121,126.9892243
3982,서울특별시 중구 예장동 3-20,37.5597767,126.9898493
3983,서울특별시 중구 예장동 3-22,37.5598316,126.9896357
3984,서울특별시 중구 예장동 3-23,37.5598720,126.9899202
3985,서울특별시 중구 예장동 3-24,37.5599074,126.9898625
3986,서울특별시 중구 예장동 3-25,37.5599448,126.9897401
3987,서울특별시 중구 예장동 3-27,37.5599323,126.9893176
3988,서울특별시 중구 예장동 3-28,37.5599479,126.9892290
3989,서울특별시 중구 예장동 3-29,37.5599424,126.9899590
3990,서울특별시 중구 예장동 3-30,37.5598487,126.9894528
3991,서울특별시 중구 예장동 3-31,37.5598773,126.9893500
3992,서울특별시 중구 예장동 3-32,37.5598629,126.9893902
3993,서울특별시 중구 예장동 3-33,37.5597789,126.9898063
3994,서울특별시 중구 예장동 3-35,37.5598535,126.9899268
3995,서울특별시 중구 예장동 3-39,37.5598996,126.9897528
3996,서울특별시 중구 예장동 3-40,37.5598490,126.9897376
3997,서울특별시 중구 예장동 3-41,37.5598261,126.9898813
3998,서울특별시 중구 예장동 3-42,37.5598574,126.9898134
3999,서울특별시 중구 예장동 3-43,37.5598381,126.9897514
4000,서울특별시 중구 예장동 3-44,37.5599238,126.9897241
4001,서울특별시 중구 예장동 3-45,37.5598980,126.9896352
4002,서울특별시 중구 예장동 3-46,37.5599644,126.9896883
4003,서울특별시 중구 예장동 3-47,37.5599729,126.9895679
4004,서울특별시 중구 예장동 3-48,37.5599689,126.9894640
4005,서울특별시 중구 예장동 3-49,37.5598326,126.9895259
4006,서울특별시 중구 예장동 3-50,37.5597910,126.9896805
4007,서울특별시 중구 예장동 3-51,37.5598243,126.9895059
4008,서울특별시 중구 예장동 3-52,37.5597300,126.9898341
4009,서울특별시 중구 예장동 3-53,37.5595470,126.9896753
4010,서울특별시 중구 예장동 4-4,37.5601959,126.9884320
4011,서울특별시 중구 예장동 4-7,37.5598619,126.9882890
4012,서울특별시 중구 예장동 4-12,37.5594893,126.9886800
4013,서울특별시 중구 예장동 4-14,37.5595937,126.9888527
4014,서울특별시 중구 예장동 4-16,37.5602019,126.9884786
4015,서울특별시 중구 예장동 4-19,37.5595674,126.9882745
4016,서울특별시 중구 예장동 4-20,37.5596781,126.9883120
4017,서울특별시 중구 예장동 4-21,37.5600100,126.9890745
4018,서울특별시 중구 예장동 4-22,37.5599124,126.9895252
4019,서울특별시 중구 예장동 4-23,37.5599890,126.9894522
4020,서울특별시 중구 예장동 4-24,37.5594978,126.9886963
4021,서울특별시 중구 예장동 4-25,37.5595655,126.9891121
4022,서울특별시 중구 예장동 4-26,37.5594971,126.9892630
4023,서울특별시 중구 예장동 6-15,37.5588741,126.9886182
4024,서울특별시 중구 예장동 6-28,37.5583784,126.9885557
4025,서울특별시 중구 예장동 6-31,37.5592182,126.9893587
4026,서울특별시 중구 예장동 6-35,37.5594411,126.9893832
4027,서울특별시 중구 예장동 6-38,37.5590587,126.9894087
4028,서울특별시 중구 예장동 6-39,37.5581986,126.9891941
4029,서울특별시 중구 예장동 6-40,37.5594675,126.9886775
4030,서울특별시 중구 예장동 6-46,37.5583833,126.9884968
4031,서울특별시 중구 예장동 6-51,37.5586737,126.9892339
4032,서울특별시 중구 예장동 6-52,37.5586247,126.9885803
4033,서울특별시 중구 예장동 6-57,37.5579338,126.9881533
4034,서울특별시 중구 예장동 6-64,37.5593366,126.9890125
4035,서울특별시 중구 예장동 6-65,37.5595716,126.9890668
4036,서울특별시 중구 예장동 6-66,37.5591029,126.9894315
4037,서울특별시 중구 예장동 6-67,37.5592234,126.9894349
4038,서울특별시 중구 예장동 6-68,37.5593450,126.9894615
4039,서울특별시 중구 예장동 6-69,37.5593450,126.9894615
4040,서울특별시 중구 예장동 7-4,37.5581849,126.9887317
4041,서울특별시 중구 예장동 7-33,37.5579265,126.9886357
4042,서울특별시 중구 예장동 7-36,37.5578176,126.9881728
4043,서울특별시 중구 예장동 7-37,37.5579574,126.9890562
4044,서울특별시 중구 예장동 7-38,37.5580829,126.9886767
4045,서울특별시 중구 예장동 8-100,37.5593838,126.9885609
4046,서울특별시 중구 예장동 8-135,37.5590920,126.9874992
4047,서울특별시 중구 예장동 8-142,37.5595161,126.9881949
4048,서울특별시 중구 예장동 8-152,37.5594616,126.9881735
4049,서울특별시 중구 예장동 8-160,37.5575239,126.9868624
4050,서울특별시 중구 예장동 8-161,37.5580479,126.9853745
4051,서울특별시 중구 예장동 8-162,37.5576261,126.9881098
4052,서울특별시 중구 예장동 8-163,37.5585111,126.9873783
4053,서울특별시 중구 예장동 8-164,37.5598857,126.9902429
4054,서울특별시 중구 예장동 8-166,37.5575690,126.9878468
4055,서울특별시 중구 예장동 8-169,37.5574296,126.9863977
4056,서울특별시 중구 예장동 8-170,37.5573498,126.9860765
4057,서울특별시 중구 예장동 8-171,37.5566183,126.9849135
4058,서울특별시 중구 예장동 8-172,37.5570610,126.9860079
4059,서울특별시 중구 예장동 8-173,37.5567923,126.9856866
4060,서울특별시 중구 예장동 8-175,37.5567734,126.9852675
4061,서울특별시 중구 예장동 8-176,37.5576369,126.9869539
4062,서울특별시 중구 예장동 8-177,37.5565159,126.9849460
4063,서울특별시 중구 예장동 8-178,37.5571449,126.9860562
4064,서울특별시 중구 예장동 8-179,37.5567864,126.9859353
4065,서울특별시 중구 예장동 8-180,37.5566579,126.9850309
4066,서울특별시 중구 예장동 8-181,37.5568477,126.9857467
4067,서울특별시 중구 예장동 8-189,37.5570029,126.9858744
4068,서울특별시 중구 예장동 8-196,37.5595250,126.9886876
4069,서울특별시 중구 예장동 9-1,37.5597715,126.9918296
4070,서울특별시 중구 예장동 9-5,37.5597766,126.9918625
4071,서울특별시 중구 예장동 1-2,37.5559629,126.9948894
4072,서울특별시 중구 예장동 2-5,37.5545414,126.9940262
4073,서울특별시 중구 예장동 3-1,37.5593014,126.9920657
4074,서울특별시 중구 예장동 3-12,37.5591897,126.9920582
4075,서울특별시 중구 예장동 3-13,37.5583145,126.9917777
4076,서울특별시 중구 예장동 3-16,37.5599377,126.9897634
4077,서울특별시 중구 예장동 3-18,37.5598930,126.9893175
4078,서울특별시 중구 예장동 3-20,37.5597767,126.9898493
4079,서울특별시 중구 예장동 3-21,37.5591383,126.9920412
4080,서울특별시 중구 예장동 3-22,37.5598316,126.9896357
4081,서울특별시 중구 예장동 3-23,37.5598720,126.9899202
4082,서울특별시 중구 예장동 3-24,37.5599074,126.9898625
4083,서울특별시 중구 예장동 3-25,37.5599448,126.9897401
4084,서울특별시 중구 예장동 3-26,37.5580813,126.9920703
4085,서울특별시 중구 예장동 4-5,37.5584646,126.9906158
4086,서울특별시 중구 예장동 4-14,37.5595937,126.9888527
4087,서울특별시 중구 예장동 4-19,37.5595674,126.9882745
4088,서울특별시 중구 예장동 4-20,37.5596781,126.9883120
4089,서울특별시 중구 예장동 4-22,37.5599124,126.9895252
4090,서울특별시 중구 예장동 4-23,37.5599890,126.9894522
4091,서울특별시 중구 예장동 4-25,37.5595655,126.9891121
4092,서울특별시 중구 예장동 4-26,37.5594971,126.9892630
4093,서울특별시 중구 예장동 4-29,37.5593591,126.9918141
4094,서울특별시 중구 예장동 4-30,37.5592201,126.9917152
4095,서울특별시 중구 예장동 5-6,37.5539512,126.9899239
4096,서울특별시 중구 예장동 5-9,37.5579609,126.9871536
4097,서울특별시 중구 예장동 5-58,37.5561121,126.9929778
4098,서울특별시 중구 예장동 5-77,37.5560819,126.9923950
4099,서울특별시 중구 예장동 5-78,37.5564241,126.9927782
4100,서울특별시 중구 예장동 5-81,37.5564473,126.9923690
4101,서울특별시 중구 예장동 5-82,37.5561268,126.9927615
4102,서울특별시 중구 예장동 5-83,37.5558031,126.9930262
4103,서울특별시 중구 예장동 5-84,37.5576166,126.9911289
4104,서울특별시 중구 예장동 5-85,37.5559123,126.9920339
4105,서울특별시 중구 예장동 5-86,37.5552852,126.9931343
4106,서울특별시 중구 예장동 5-87,37.5572294,126.9922011
4107,서울특별시 중구 예장동 5-88,37.5557844,126.9926328
4108,서울특별시 중구 예장동 5-89,37.5565392,126.9924959
4109,서울특별시 중구 예장동 5-90,37.5573928,126.9921496
4110,서울특별시 중구 예장동 5-91,37.5555601,126.9927239
4111,서울특별시 중구 예장동 7-0,37.5580663,126.9891414
4112,서울특별시 중구 장충동1가 1-2,37.5635741,127.0065537
4113,서울특별시 중구 장충동1가 1-3,37.5636926,127.0065493
4114,서울특별시 중구 장충동1가 1-4,37.5632458,127.0065198
4115,서울특별시 중구 장충동1가 1-5,37.5637134,127.0066161
4116,서울특별시 중구 장충동1가 3-2,37.5635638,127.0064348
4117,서울특별시 중구 장충동1가 3-3,37.5632797,127.0063584
4118,서울특별시 중구 장충동1가 3-4,37.5633536,127.0063053
4119,서울특별시 중구 장충동1가 4-2,37.5635336,127.0064125
4120,서울특별시 중구 장충동1가 7-2,37.5632745,127.0062857
4121,서울특별시 중구 장충동1가 8-2,37.5632452,127.0062739
4122,서울특별시 중구 장충동1가 10-1,37.5630769,127.0063608
4123,서울특별시 중구 장충동1가 11-5,37.5629832,127.0062334
4124,서울특별시 중구 장충동1가 11-6,37.5625218,127.0064416
4125,서울특별시 중구 장충동1가 13-1,37.5629126,127.0064512
4126,서울특별시 중구 장충동1가 26-1,37.5628244,127.0067927
4127,서울특별시 중구 장충동1가 26-3,37.5638998,127.0070435
4128,서울특별시 중구 장충동1가 26-8,37.5635583,127.0068979
4129,서울특별시 중구 장충동1가 26-19,37.5637917,127.0069353
4130,서울특별시 중구 장충동1가 26-22,37.5633860,127.0068337
4131,서울특별시 중구 장충동1가 26-26,37.5627285,127.0066252
4132,서울특별시 중구 장충동1가 26-28,37.5626767,127.0064877
4133,서울특별시 중구 장충동1가 28-3,37.5625214,127.0064582
4134,서울특별시 중구 장충동1가 28-9,37.5624752,127.0064736
4135,서울특별시 중구 장충동1가 31-10,37.5618558,127.0064983
4136,서울특별시 중구 장충동1가 31-11,37.5619699,127.0065527
4137,서울특별시 중구 장충동1가 32-2,37.5620580,127.0092282
4138,서울특별시 중구 장충동1가 33-11,37.5623763,127.0072268
4139,서울특별시 중구 장충동1가 33-18,37.5621064,127.0071987
4140,서울특별시 중구 장충동1가 34-1,37.5619953,127.0077649
4141,서울특별시 중구 장충동1가 35-4,37.5614285,127.0074498
4142,서울특별시 중구 장충동1가 35-40,37.5617198,127.0068591
4143,서울특별시 중구 장충동1가 35-41,37.5613424,127.0080880
4144,서울특별시 중구 장충동1가 35-44,37.5614444,127.0072652
4145,서울특별시 중구 장충동1가 35-45,37.5612606,127.0079687
4146,서울특별시 중구 장충동1가 36-5,37.5620523,127.0086925
4147,서울특별시 중구 장충동1가 37-24,37.5618655,127.0088452
4148,서울특별시 중구 장충동1가 38-33,37.5625473,127.0080514
4149,서울특별시 중구 장충동1가 38-47,37.5625826,127.0094928
4150,서울특별시 중구 장충동1가 38-54,37.5629662,127.0095628
4151,서울특별시 중구 장충동1가 38-87,37.5629988,127.0095516
4152,서울특별시 중구 장충동1가 38-88,37.5620645,127.0093185
4153,서울특별시 중구 장충동1가 38-89,37.5630749,127.0093743
4154,서울특별시 중구 장충동1가 38-90,37.5630341,127.0094769
4155,서울특별시 중구 장충동1가 38-94,37.5629019,127.0095508
4156,서울특별시 중구 장충동1가 43-7,37.5616561,127.0090969
4157,서울특별시 중구 장충동1가 44-4,37.5612376,127.0086946
4158,서울특별시 중구 장충동1가 44-20,37.5612790,127.0091801
4159,서울특별시 중구 장충동1가 47-4,37.5611154,127.0092152
4160,서울특별시 중구 장충동1가 47-5,37.5610033,127.0092342
4161,서울특별시 중구 장충동1가 47-6,37.5609969,127.0083910
4162,서울특별시 중구 장충동1가 47-10,37.5610420,127.0090230
4163,서울특별시 중구 장충동1가 47-11,37.5610541,127.0089973
4164,서울특별시 중구 장충동1가 47-14,37.5608900,127.0090500
4165,서울특별시 중구 장충동1가 47-16,37.5608401,127.0090567
4166,서울특별시 중구 장충동1가 47-17,37.5608815,127.0091860
4167,서울특별시 중구 장충동1가 48-8,37.5611034,127.0076729
4168,서울특별시 중구 장충동1가 48-27,37.5616162,127.0066841
4169,서울특별시 중구 장충동1가 48-28,37.5615577,127.0068564
4170,서울특별시 중구 장충동1가 48-31,37.5608958,127.0083281
4171,서울특별시 중구 장충동1가 48-37,37.5608842,127.0083492
4172,서울특별시 중구 장충동1가 49-2,37.5606330,127.0085683
4173,서울특별시 중구 장충동1가 50-4,37.5605172,127.0086176
4174,서울특별시 중구 장충동1가 50-8,37.5606150,127.0090222
4175,서울특별시 중구 장충동1가 50-20,37.5603087,127.0083800
4176,서울특별시 중구 장충동1가 50-59,37.5610391,127.0071358
4177,서울특별시 중구 장충동1가 52-7,37.5605920,127.0077551
4178,서울특별시 중구 장충동1가 52-34,37.5602783,127.0071285
4179,서울특별시 중구 장충동1가 52-37,37.5604009,127.0072570
4180,서울특별시 중구 장충동1가 52-39,37.5602907,127.0071103
4181,서울특별시 중구 장충동1가 54-2,37.5611502,127.0069367
4182,서울특별시 중구 장충동1가 56-2,37.5612844,127.0060235
4183,서울특별시 중구 장충동1가 56-10,37.5612549,127.0061392
4184,서울특별시 중구 장충동1가 56-52,37.5612438,127.0060899
4185,서울특별시 중구 장충동1가 56-55,37.5612172,127.0061476
4186,서울특별시 중구 장충동1가 56-76,37.5610929,127.0062319
4187,서울특별시 중구 장충동1가 56-77,37.5613506,127.0062341
4188,서울특별시 중구 장충동1가 56-80,37.5613179,127.0062084
4189,서울특별시 중구 장충동1가 56-90,37.5618349,127.0063609
4190,서울특별시 중구 장충동1가 56-92,37.5615245,127.0066037
4191,서울특별시 중구 장충동1가 57-5,37.5615290,127.0058241
4192,서울특별시 중구 장충동1가 57-24,37.5616890,127.0059562
4193,서울특별시 중구 장충동1가 60-2,37.5607872,127.0059027
4194,서울특별시 중구 장충동1가 60-9,37.5609476,127.0060020
4195,서울특별시 중구 장충동1가 61-4,37.5606398,127.0058680
4196,서울특별시 중구 장충동1가 62-3,37.5601291,127.0056619
4197,서울특별시 중구 장충동1가 62-77,37.5603751,127.0058308
4198,서울특별시 중구 장충동1가 62-97,37.5604590,127.0058044
4199,서울특별시 중구 장충동1가 62-114,37.5609136,127.0055465
4200,서울특별시 중구 장충동1가 62-115,37.5592829,127.0056003
4201,서울특별시 중구 장충동1가 62-117,37.5601423,127.0061074
4202,서울특별시 중구 장충동1가 62-118,37.5600820,127.0061009
4203,서울특별시 중구 장충동1가 62-119,37.5600572,127.0054818
4204,서울특별시 중구 장충동1가 63-10,37.5601539,127.0066562
4205,서울특별시 중구 장충동1가 63-11,37.5601654,127.0070206
4206,서울특별시 중구 장충동1가 76-0,37.5597558,127.0081558
4207,서울특별시 중구 장충동1가 81-0,37.5594825,127.0087161
4208,서울특별시 중구 장충동1가 85-0,37.5598350,127.0090231
4209,서울특별시 중구 장충동1가 89-8,37.5605005,127.0092590
4210,서울특별시 중구 장충동1가 90-0,37.5602995,127.0094528
4211,서울특별시 중구 장충동1가 97-0,37.5594123,127.0088433
4212,서울특별시 중구 장충동1가 111-0,37.5592975,127.0071085
4213,서울특별시 중구 장충동1가 115-3,37.5593128,127.0063955
4214,서울특별시 중구 장충동1가 117-1,37.5586988,127.0073884
4215,서울특별시 중구 장충동2가 1-1,37.5620124,127.0061732
4216,서울특별시 중구 장충동2가 1-2,37.5621398,127.0061496
4217,서울특별시 중구 장충동2가 1-4,37.5621929,127.0060204
4218,서울특별시 중구 장충동2가 3-1,37.5617887,127.0059871
4219,서울특별시 중구 장충동2가 3-2,37.5617066,127.0056957
4220,서울특별시 중구 장충동2가 3-6,37.5617151,127.0059411
4221,서울특별시 중구 장충동2가 4-1,37.5617297,127.0059390
4222,서울특별시 중구 장충동2가 6-1,37.5616833,127.0058986
4223,서울특별시 중구 장충동2가 9-1,37.5612181,127.0055698
4224,서울특별시 중구 장충동2가 12-1,37.5609547,127.0054898
4225,서울특별시 중구 장충동2가 20-3,37.5611073,127.0046828
4226,서울특별시 중구 장충동2가 21-3,37.5611099,127.0045639
4227,서울특별시 중구 장충동2가 21-5,37.5609884,127.0045111
4228,서울특별시 중구 장충동2가 25-1,37.5607220,127.0053670
4229,서울특별시 중구 장충동2가 29-0,37.5611129,127.0044182
4230,서울특별시 중구 장충동2가 31-4,37.5611885,127.0042909
4231,서울특별시 중구 장충동2가 39-1,37.5611808,127.0055003
4232,서울특별시 중구 장충동2가 39-2,37.5611523,127.0050279
4233,서울특별시 중구 장충동2가 40-4,37.5612087,127.0051321
4234,서울특별시 중구 장충동2가 40-8,37.5611538,127.0051744
4235,서울특별시 중구 장충동2가 41-1,37.5611543,127.0052573
4236,서울특별시 중구 장충동2가 42-1,37.5612330,127.0054634
4237,서울특별시 중구 장충동2가 44-1,37.5614833,127.0055226
4238,서울특별시 중구 장충동2가 46-2,37.5613501,127.0053065
4239,서울특별시 중구 장충동2가 47-6,37.5614366,127.0049050
4240,서울특별시 중구 장충동2가 50-7,37.5613849,127.0045109
4241,서울특별시 중구 장충동2가 53-3,37.5616100,127.0041985
4242,서울특별시 중구 장충동2가 53-4,37.5616491,127.0043340
4243,서울특별시 중구 장충동2가 54-1,37.5616579,127.0043738
4244,서울특별시 중구 장충동2가 55-1,37.5617187,127.0046295
4245,서울특별시 중구 장충동2가 61-5,37.5617529,127.0047586
4246,서울특별시 중구 장충동2가 62-3,37.5617580,127.0048748
4247,서울특별시 중구 장충동2가 64-1,37.5617550,127.0050357
4248,서울특별시 중구 장충동2가 69-2,37.5617479,127.0051802
4249,서울특별시 중구 장충동2가 69-3,37.5617475,127.0051458
4250,서울특별시 중구 장충동2가 70-5,37.5617145,127.0052856
4251,서울특별시 중구 장충동2가 71-1,37.5616630,127.0054250
4252,서울특별시 중구 장충동2가 72-1,37.5616395,127.0054827
4253,서울특별시 중구 장충동2가 73-5,37.5616179,127.0055368
4254,서울특별시 중구 장충동2가 76-1,37.5617317,127.0056281
4255,서울특별시 중구 장충동2가 78-1,37.5618892,127.0057457
4256,서울특별시 중구 장충동2가 81-1,37.5621477,127.0059237
4257,서울특별시 중구 장충동2가 82-5,37.5621157,127.0058420
4258,서울특별시 중구 장충동2가 83-5,37.5623079,127.0058500
4259,서울특별시 중구 장충동2가 89-3,37.5621871,127.0057926
4260,서울특별시 중구 장충동2가 89-4,37.5621255,127.0057710
4261,서울특별시 중구 장충동2가 89-9,37.5621298,127.0057486
4262,서울특별시 중구 장충동2가 92-1,37.5620674,127.0054442
4263,서울특별시 중구 장충동2가 97-5,37.5616918,127.0054111
4264,서울특별시 중구 장충동2가 100-1,37.5619136,127.0058116
4265,서울특별시 중구 장충동2가 100-6,37.5621459,127.0061603
4266,서울특별시 중구 장충동2가 100-10,37.5618183,127.0052946
4267,서울특별시 중구 장충동2가 100-11,37.5617080,127.0053932
4268,서울특별시 중구 장충동2가 112-8,37.5621372,127.0051309
4269,서울특별시 중구 장충동2가 112-38,37.5617851,127.0051404
4270,서울특별시 중구 장충동2가 112-40,37.5617898,127.0049555
4271,서울특별시 중구 장충동2가 112-41,37.5617910,127.0048372
4272,서울특별시 중구 장충동2가 112-42,37.5617889,127.0050462
4273,서울특별시 중구 장충동2가 114-8,37.5622305,127.0049537
4274,서울특별시 중구 장충동2가 141-5,37.5617358,127.0045742
4275,서울특별시 중구 장충동2가 150-1,37.5616776,127.0043357
4276,서울특별시 중구 장충동2가 155-1,37.5619542,127.0040641
4277,서울특별시 중구 장충동2가 155-2,37.5618321,127.0040634
4278,서울특별시 중구 장충동2가 157-4,37.5617334,127.0041079
4279,서울특별시 중구 장충동2가 158-7,37.5616764,127.0041483
4280,서울특별시 중구 장충동2가 158-8,37.5617626,127.0040942
4281,서울특별시 중구 장충동2가 159-3,37.5617575,127.0040425
4282,서울특별시 중구 장충동2가 159-4,37.5616881,127.0040776
4283,서울특별시 중구 장충동2가 161-1,37.5624022,127.0043481
4284,서울특별시 중구 장충동2가 161-2,37.5622180,127.0039991
4285,서울특별시 중구 장충동2가 161-29,37.5623821,127.0040107
4286,서울특별시 중구 장충동2가 161-30,37.5623750,127.0039445
4287,서울특별시 중구 장충동2가 161-31,37.5622661,127.0039619
4288,서울특별시 중구 장충동2가 161-32,37.5622225,127.0039664
4289,서울특별시 중구 장충동2가 161-33,37.5621833,127.0039708
4290,서울특별시 중구 장충동2가 161-34,37.5621402,127.0039764
4291,서울특별시 중구 장충동2가 161-35,37.5620738,127.0039845
4292,서울특별시 중구 장충동2가 161-36,37.5620085,127.0039927
4293,서울특별시 중구 장충동2가 161-37,37.5624128,127.0040119
4294,서울특별시 중구 장충동2가 161-38,37.5622692,127.0040192
4295,서울특별시 중구 장충동2가 161-39,37.5621577,127.0040328
4296,서울특별시 중구 장충동2가 161-40,37.5620673,127.0040438
4297,서울특별시 중구 장충동2가 161-41,37.5620092,127.0040506
4298,서울특별시 중구 장충동2가 162-6,37.5624326,127.0030201
4299,서울특별시 중구 장충동2가 162-9,37.5618932,127.0040107
4300,서울특별시 중구 장충동2가 165-4,37.5619410,127.0027417
4301,서울특별시 중구 장충동2가 167-7,37.5619863,127.0026953
4302,서울특별시 중구 장충동2가 173-7,37.5620336,127.0018116
4303,서울특별시 중구 장충동2가 173-9,37.5612232,127.0023595
4304,서울특별시 중구 장충동2가 173-10,37.5621128,127.0024977
4305,서울특별시 중구 장충동2가 173-12,37.5625590,127.0018128
4306,서울특별시 중구 장충동2가 180-23,37.5610221,127.0025848
4307,서울특별시 중구 장충동2가 186-4,37.5611312,127.0036262
4308,서울특별시 중구 장충동2가 186-6,37.5613927,127.0027223
4309,서울특별시 중구 장충동2가 186-7,37.5611065,127.0028170
4310,서울특별시 중구 장충동2가 186-10,37.5604963,127.0027265
4311,서울특별시 중구 장충동2가 186-22,37.5611298,127.0039189
4312,서울특별시 중구 장충동2가 186-23,37.5613814,127.0042613
4313,서울특별시 중구 장충동2가 186-36,37.5605516,127.0028639
4314,서울특별시 중구 장충동2가 186-43,37.5603670,127.0030770
4315,서울특별시 중구 장충동2가 186-49,37.5599001,127.0047119
4316,서울특별시 중구 장충동2가 186-62,37.5611024,127.0032959
4317,서울특별시 중구 장충동2가 186-66,37.5610992,127.0034604
4318,서울특별시 중구 장충동2가 186-91,37.5611247,127.0033336
4319,서울특별시 중구 장충동2가 186-95,37.5611116,127.0034271
4320,서울특별시 중구 장충동2가 186-117,37.5612482,127.0029564
4321,서울특별시 중구 장충동2가 186-124,37.5609924,127.0035408
4322,서울특별시 중구 장충동2가 186-128,37.5611159,127.0031136
4323,서울특별시 중구 장충동2가 186-134,37.5610127,127.0031015
4324,서울특별시 중구 장충동2가 186-158,37.5614652,127.0035078
4325,서울특별시 중구 장충동2가 186-159,37.5614378,127.0034820
4326,서울특별시 중구 장충동2가 186-169,37.5601238,127.0028620
4327,서울특별시 중구 장충동2가 186-171,37.5606960,127.0026193
4328,서울특별시 중구 장충동2가 186-175,37.5606236,127.0026191
4329,서울특별시 중구 장충동2가 186-176,37.5604009,127.0026568
4330,서울특별시 중구 장충동2가 186-177,37.5600613,127.0026745
4331,서울특별시 중구 장충동2가 186-178,37.5612806,127.0029621
4332,서울특별시 중구 장충동2가 186-181,37.5607055,127.0030101
4333,서울특별시 중구 장충동2가 186-185,37.5612011,127.0029703
4334,서울특별시 중구 장충동2가 186-186,37.5609997,127.0029863
4335,서울특별시 중구 장충동2가 186-188,37.5608247,127.0030018
4336,서울특별시 중구 장충동2가 186-203,37.5616387,127.0041009
4337,서울특별시 중구 장충동2가 186-211,37.5611609,127.0041015
4338,서울특별시 중구 장충동2가 186-214,37.5611388,127.0034231
4339,서울특별시 중구 장충동2가 186-215,37.5611296,127.0032822
4340,서울특별시 중구 장충동2가 186-218,37.5611290,127.0034957
4341,서울특별시 중구 장충동2가 186-219,37.5610593,127.0035033
4342,서울특별시 중구 장충동2가 186-220,37.5610936,127.0033882
4343,서울특별시 중구 장충동2가 186-228,37.5605395,127.0043732
4344,서울특별시 중구 장충동2가 186-229,37.5614138,127.0034698
4345,서울특별시 중구 장충동2가 186-236,37.5614395,127.0038842
4346,서울특별시 중구 장충동2가 186-241,37.5615994,127.0041198
4347,서울특별시 중구 장충동2가 186-242,37.5615509,127.0041441
4348,서울특별시 중구 장충동2가 186-243,37.5614634,127.0039128
4349,서울특별시 중구 장충동2가 186-244,37.5615086,127.0042678
4350,서울특별시 중구 장충동2가 187-1,37.5599460,127.0053130
4351,서울특별시 중구 장충동2가 187-12,37.5603573,127.0050780
4352,서울특별시 중구 장충동2가 187-34,37.5609068,127.0054325
4353,서울특별시 중구 장충동2가 187-37,37.5603545,127.0048103
4354,서울특별시 중구 장충동2가 187-38,37.5603737,127.0048761
4355,서울특별시 중구 장충동2가 187-40,37.5602884,127.0047650
4356,서울특별시 중구 장충동2가 187-41,37.5599943,127.0054268
4357,서울특별시 중구 장충동2가 188-9,37.5600566,127.0050382
4358,서울특별시 중구 장충동2가 188-10,37.5596470,127.0050270
4359,서울특별시 중구 장충동2가 189-4,37.5594986,127.0054406
4360,서울특별시 중구 장충동2가 189-9,37.5593702,127.0048904
4361,서울특별시 중구 장충동2가 189-12,37.5591881,127.0046686
4362,서울특별시 중구 장충동2가 189-33,37.5593888,127.0053100
4363,서울특별시 중구 장충동2가 190-3,37.5593973,127.0037500
4364,서울특별시 중구 장충동2가 190-29,37.5591258,127.0038906
4365,서울특별시 중구 장충동2가 190-31,37.5591327,127.0036099
4366,서울특별시 중구 장충동2가 191-16,37.5595248,127.0027484
4367,서울특별시 중구 장충동2가 191-19,37.5593467,127.0029138
4368,서울특별시 중구 장충동2가 191-21,37.5591868,127.0028323
4369,서울특별시 중구 장충동2가 191-59,37.5593907,127.0030950
4370,서울특별시 중구 장충동2가 191-61,37.5593754,127.0031245
4371,서울특별시 중구 장충동2가 191-62,37.5595012,127.0030615
4372,서울특별시 중구 장충동2가 191-65,37.5593441,127.0027131
4373,서울특별시 중구 장충동2가 191-67,37.5592328,127.0029751
4374,서울특별시 중구 장충동2가 191-68,37.5591346,127.0029727
4375,서울특별시 중구 장충동2가 191-69,37.5589393,127.0022515
4376,서울특별시 중구 장충동2가 191-71,37.5588626,127.0021422
4377,서울특별시 중구 장충동2가 191-73,37.5590459,127.0024966
4378,서울특별시 중구 장충동2가 191-74,37.5590820,127.0026169
4379,서울특별시 중구 장충동2가 192-5,37.5583986,127.0005902
4380,서울특별시 중구 장충동2가 192-7,37.5597995,126.9981569
4381,서울특별시 중구 장충동2가 192-17,37.5541540,126.9967452
4382,서울특별시 중구 장충동2가 192-32,37.5538938,126.9967975
4383,서울특별시 중구 장충동2가 192-38,37.5540625,126.9967500
4384,서울특별시 중구 장충동2가 192-44,37.5538739,126.9967635
4385,서울특별시 중구 장충동2가 192-60,37.5527913,126.9965824
4386,서울특별시 중구 장충동2가 192-94,37.5607310,126.9988621
4387,서울특별시 중구 장충동2가 192-97,37.5528294,126.9968095
4388,서울특별시 중구 장충동2가 192-99,37.5529949,126.9968443
4389,서울특별시 중구 장충동2가 192-120,37.5589059,126.9984488
4390,서울특별시 중구 장충동2가 192-121,37.5538916,126.9951940
4391,서울특별시 중구 장충동2가 192-122,37.5545918,126.9954516
4392,서울특별시 중구 장충동2가 192-129,37.5598268,127.0008479
4393,서울특별시 중구 장충동2가 192-130,37.5606695,126.9988702
4394,서울특별시 중구 장충동2가 192-131,37.5601317,126.9981074
4395,서울특별시 중구 장충동2가 192-132,37.5599577,127.0022219
4396,서울특별시 중구 장충동2가 192-150,37.5530430,126.9968479
4397,서울특별시 중구 장충동2가 192-155,37.5584101,126.9984781
4398,서울특별시 중구 장충동2가 192-157,37.5544075,126.9954388
4399,서울특별시 중구 장충동2가 192-158,37.5541318,126.9954149
4400,서울특별시 중구 장충동2가 192-161,37.5607013,126.9989654
4401,서울특별시 중구 장충동2가 192-162,37.5606573,126.9987798
4402,서울특별시 중구 장충동2가 192-163,37.5603074,126.9981791
4403,서울특별시 중구 장충동2가 192-174,37.5526421,126.9965888
4404,서울특별시 중구 장충동2가 192-175,37.5601738,127.0009055
4405,서울특별시 중구 장충동2가 193-14,37.5597733,127.0028640
4406,서울특별시 중구 장충동2가 193-47,37.5598522,127.0012935
4407,서울특별시 중구 장충동2가 193-85,37.5588142,127.0021908
4408,서울특별시 중구 장충동2가 193-113,37.5591381,127.0015069
4409,서울특별시 중구 장충동2가 193-147,37.5591963,127.0011108
4410,서울특별시 중구 장충동2가 193-182,37.5585254,127.0020064
4411,서울특별시 중구 장충동2가 193-183,37.5590701,127.0004134
4412,서울특별시 중구 장충동2가 193-186,37.5597885,127.0006341
4413,서울특별시 중구 장충동2가 193-187,37.5592700,127.0015656
4414,서울특별시 중구 장충동2가 193-236,37.5587803,127.0016953
4415,서울특별시 중구 장충동2가 193-258,37.5594621,127.0012170
4416,서울특별시 중구 장충동2가 193-271,37.5594675,127.0004766
4417,서울특별시 중구 장충동2가 193-280,37.5585237,127.0018950
4418,서울특별시 중구 장충동2가 193-283,37.5585642,127.0016622
4419,서울특별시 중구 장충동2가 193-287,37.5608530,126.9993248
4420,서울특별시 중구 장충동2가 193-303,37.5599596,127.0009501
4421,서울특별시 중구 장충동2가 193-304,37.5598196,127.0011221
4422,서울특별시 중구 장충동2가 193-305,37.5596118,127.0008464
4423,서울특별시 중구 장충동2가 193-306,37.5597563,127.0008851
4424,서울특별시 중구 장충동2가 193-307,37.5598181,127.0010685
4425,서울특별시 중구 장충동2가 193-308,37.5598171,127.0010333
4426,서울특별시 중구 장충동2가 193-314,37.5588468,127.0017433
4427,서울특별시 중구 장충동2가 193-316,37.5587017,127.0019251
4428,서울특별시 중구 장충동2가 193-317,37.5589802,127.0015504
4429,서울특별시 중구 장충동2가 193-318,37.5589634,127.0014722
4430,서울특별시 중구 장충동2가 193-319,37.5593413,127.0014348
4431,서울특별시 중구 장충동2가 193-321,37.5595067,127.0008546
4432,서울특별시 중구 장충동2가 193-323,37.5590448,127.0015159
4433,서울특별시 중구 장충동2가 193-339,37.5598773,127.0017600
4434,서울특별시 중구 장충동2가 193-341,37.5599023,127.0019856
4435,서울특별시 중구 장충동2가 193-345,37.5589802,127.0016787
4436,서울특별시 중구 장충동2가 193-346,37.5590335,127.0016830
4437,서울특별시 중구 장충동2가 193-347,37.5590772,127.0016854
4438,서울특별시 중구 장충동2가 193-348,37.5591889,127.0011167
4439,서울특별시 중구 장충동2가 193-352,37.5587492,127.0023427
4440,서울특별시 중구 장충동2가 193-355,37.5585138,127.0019949
4441,서울특별시 중구 장충동2가 193-359,37.5585421,127.0017942
4442,서울특별시 중구 장충동2가 193-360,37.5585474,127.0016363
4443,서울특별시 중구 장충동2가 193-364,37.5587362,127.0015842
4444,서울특별시 중구 장충동2가 193-365,37.5588013,127.0016347
4445,서울특별시 중구 장충동2가 193-366,37.5589629,127.0016206
4446,서울특별시 중구 장충동2가 193-367,37.5593894,127.0014906
4447,서울특별시 중구 장충동2가 193-369,37.5586719,127.0015170
4448,서울특별시 중구 장충동2가 193-370,37.5586365,127.0014450
4449,서울특별시 중구 장충동2가 193-371,37.5586145,127.0014179
4450,서울특별시 중구 장충동2가 193-372,37.5587011,127.0011047
4451,서울특별시 중구 장충동2가 193-375,37.5590319,127.0009531
4452,서울특별시 중구 장충동2가 193-377,37.5588648,127.0009046
4453,서울특별시 중구 장충동2가 193-378,37.5587646,127.0008799
4454,서울특별시 중구 장충동2가 193-379,37.5587635,127.0006992
4455,서울특별시 중구 장충동2가 193-380,37.5588713,127.0008674
4456,서울특별시 중구 장충동2가 193-383,37.5590168,127.0009031
4457,서울특별시 중구 장충동2가 193-384,37.5591757,127.0010690
4458,서울특별시 중구 장충동2가 193-387,37.5593732,127.0013929
4459,서울특별시 중구 장충동2가 193-388,37.5593468,127.0012805
4460,서울특별시 중구 장충동2가 193-389,37.5592175,127.0008372
4461,서울특별시 중구 장충동2가 193-393,37.5588646,127.0004833
4462,서울특별시 중구 장충동2가 193-395,37.5591201,127.0005709
4463,서울특별시 중구 장충동2가 193-396,37.5591544,127.0007145
4464,서울특별시 중구 장충동2가 193-397,37.5592286,127.0008026
4465,서울특별시 중구 장충동2가 193-399,37.5591447,127.0005162
4466,서울특별시 중구 장충동2가 193-401,37.5586575,127.0022934
4467,서울특별시 중구 장충동2가 193-402,37.5592395,127.0006436
4468,서울특별시 중구 장충동2가 193-403,37.5591986,127.0007663
4469,서울특별시 중구 장충동2가 193-404,37.5592941,127.0008446
4470,서울특별시 중구 장충동2가 193-405,37.5592722,127.0009490
4471,서울특별시 중구 장충동2가 193-406,37.5593142,127.0011884
4472,서울특별시 중구 장충동2가 193-407,37.5589683,127.0016355
4473,서울특별시 중구 장충동2가 193-408,37.5593139,127.0012924
4474,서울특별시 중구 장충동2가 193-409,37.5590766,127.0010570
4475,서울특별시 중구 장충동2가 193-410,37.5595535,127.0006885
4476,서울특별시 중구 장충동2가 193-411,37.5590714,127.0009405
4477,서울특별시 중구 장충동2가 193-412,37.5588596,127.0008844
4478,서울특별시 중구 장충동2가 193-413,37.5589196,127.0007416
4479,서울특별시 중구 장충동2가 193-414,37.5588808,127.0004506
4480,서울특별시 중구 장충동2가 193-415,37.5588504,127.0004925
4481,서울특별시 중구 장충동2가 193-416,37.5587895,127.0006215
4482,서울특별시 중구 장충동2가 193-417,37.5587411,127.0007953
4483,서울특별시 중구 장충동2가 193-418,37.5587157,127.0009399
4484,서울특별시 중구 장충동2가 193-419,37.5585634,127.0013184
4485,서울특별시 중구 장충동2가 193-420,37.5586468,127.0013887
4486,서울특별시 중구 장충동2가 193-421,37.5585255,127.0014642
4487,서울특별시 중구 장충동2가 193-425,37.5587115,127.0018168
4488,서울특별시 중구 장충동2가 193-426,37.5591291,127.0007468
4489,서울특별시 중구 장충동2가 193-427,37.5591776,127.0009100
4490,서울특별시 중구 장충동2가 193-428,37.5593925,127.0009823
4491,서울특별시 중구 장충동2가 193-429,37.5595291,127.0010807
4492,서울특별시 중구 장충동2가 193-432,37.5586858,127.0012134
4493,서울특별시 중구 장충동2가 193-433,37.5586416,127.0013044
4494,서울특별시 중구 장충동2가 193-437,37.5592720,127.0009031
4495,서울특별시 중구 장충동2가 193-438,37.5592670,127.0009630
4496,서울특별시 중구 장충동2가 193-439,37.5592642,127.0008857
4497,서울특별시 중구 장충동2가 193-441,37.5593369,127.0012523
4498,서울특별시 중구 장충동2가 193-453,37.5588618,127.0024629
4499,서울특별시 중구 장충동2가 193-454,37.5587832,127.0024194
4500,서울특별시 중구 장충동2가 193-456,37.5587151,127.0011475
4501,서울특별시 중구 장충동2가 193-470,37.5588057,127.0012824
4502,서울특별시 중구 장충동2가 193-474,37.5583172,127.0021138
4503,서울특별시 중구 장충동2가 193-484,37.5600090,127.0008606
4504,서울특별시 중구 장충동2가 193-486,37.5597255,127.0007571
4505,서울특별시 중구 장충동2가 193-490,37.5598190,127.0009779
4506,서울특별시 중구 장충동2가 193-491,37.5598220,127.0010686
4507,서울특별시 중구 장충동2가 193-492,37.5598214,127.0010853
4508,서울특별시 중구 장충동2가 196-2,37.5589898,127.0048449
4509,서울특별시 중구 장충동2가 197-24,37.5584465,127.0049151
4510,서울특별시 중구 장충동2가 197-26,37.5574926,127.0048667
4511,서울특별시 중구 장충동2가 197-33,37.5574580,127.0049551
4512,서울특별시 중구 장충동2가 198-1,37.5591586,127.0058069
4513,서울특별시 중구 장충동2가 198-4,37.5576126,127.0053578
4514,서울특별시 중구 장충동2가 198-5,37.5573272,127.0051804
4515,서울특별시 중구 장충동2가 198-7,37.5581709,127.0055694
4516,서울특별시 중구 장충동2가 198-8,37.5581923,127.0056747
4517,서울특별시 중구 장충동2가 198-9,37.5573098,127.0052188
4518,서울특별시 중구 장충동2가 199-2,37.5589069,127.0058984
4519,서울특별시 중구 장충동2가 199-3,37.5592255,127.0051248
4520,서울특별시 중구 장충동2가 199-4,37.5595015,127.0059104
4521,서울특별시 중구 장충동2가 200-88,37.5581558,127.0076991
4522,서울특별시 중구 장충동2가 200-89,37.5580615,127.0078660
4523,서울특별시 중구 장충동2가 200-90,37.5579651,127.0080317
4524,서울특별시 중구 장충동2가 200-99,37.5586608,127.0071381
4525,서울특별시 중구 장충동2가 200-100,37.5589791,127.0061795
4526,서울특별시 중구 장충동2가 200-101,37.5585366,127.0061357
4527,서울특별시 중구 장충동2가 200-104,37.5582138,127.0075991
4528,서울특별시 중구 장충동2가 200-105,37.5578932,127.0078974
4529,서울특별시 중구 장충동2가 200-106,37.5575985,127.0079475
4530,서울특별시 중구 장충동2가 201-7,37.5515025,127.0016604
4531,서울특별시 중구 장충동2가 201-8,37.5520595,127.0026090
4532,서울특별시 중구 장충동2가 201-9,37.5524271,127.0026411
4533,서울특별시 중구 장충동2가 201-10,37.5524193,127.0030890
4534,서울특별시 중구 장충동2가 201-11,37.5522330,127.0022764
4535,서울특별시 중구 장충동2가 201-12,37.5518913,127.0033356
4536,서울특별시 중구 장충동2가 201-13,37.5513758,127.0013446
4537,서울특별시 중구 장충동2가 201-14,37.5498346,126.9994613
4538,서울특별시 중구 장충동2가 201-15,37.5551221,127.0035386
4539,서울특별시 중구 장충동2가 201-17,37.5522798,127.0020980
4540,서울특별시 중구 장충동2가 208-6,37.5558768,127.0069008
4541,서울특별시 중구 장충동2가 208-7,37.5542993,127.0049317
4542,서울특별시 중구 장충동2가 208-8,37.5535521,127.0043400
4543,서울특별시 중구 장충동2가 208-9,37.5529437,127.0043347
4544,서울특별시 중구 장충동2가 211-1,37.5605115,127.0044230
4545,서울특별시 중구 장충동2가 212-0,37.5523392,127.0042870
4546,서울특별시 중구 장충동2가 4-5,37.5550894,127.0049972
4547,서울특별시 중구 장충동2가 4-34,37.5556357,127.0041471
4548,서울특별시 중구 장충동2가 4-35,37.5561511,127.0043096
4549,서울특별시 중구 장충동2가 4-36,37.5551087,127.0035697
4550,서울특별시 중구 장충동2가 4-49,37.5544074,127.0030958
4551,서울특별시 중구 장충동2가 4-54,37.5539333,127.0030777
4552,서울특별시 중구 장충동2가 4-55,37.5540141,127.0028340
4553,서울특별시 중구 장충동2가 4-61,37.5557751,127.0043329
4554,서울특별시 중구 장충동2가 4-63,37.5540594,127.0029205
4555,서울특별시 중구 장충동2가 4-64,37.5537953,127.0030643
4556,서울특별시 중구 장충동2가 4-87,37.5574637,127.0048471
4557,서울특별시 중구 장충동2가 4-93,37.5560980,127.0041887
4558,서울특별시 중구 장충동2가 5-2,37.5535409,127.0026243
4559,서울특별시 중구 장충동2가 5-5,37.5504376,127.0037167
4560,서울특별시 중구 장충동2가 5-7,37.5499487,126.9996484
4561,서울특별시 중구 장충동2가 5-11,37.5522202,127.0020721
4562,서울특별시 중구 장충동2가 5-12,37.5514053,127.0012146
4563,서울특별시 중구 장충동2가 5-15,37.5499315,127.0000687
4564,서울특별시 중구 장충동2가 5-17,37.5520403,127.0040681
4565,서울특별시 중구 장충동2가 5-18,37.5513502,127.0036818
4566,서울특별시 중구 장충동2가 5-21,37.5500967,126.9998212
4567,서울특별시 중구 장충동2가 5-27,37.5520792,127.0039764
4568,서울특별시 중구 장충동2가 5-28,37.5502586,126.9996865
4569,서울특별시 중구 장충동2가 5-29,37.5522675,127.0021948
4570,서울특별시 중구 장충동2가 5-30,37.5521095,127.0020718
4571,서울특별시 중구 장충동2가 5-31,37.5513431,127.0011875
4572,서울특별시 중구 장충동2가 5-33,37.5510657,127.0019192
4573,서울특별시 중구 장충동2가 5-34,37.5513575,127.0034127
4574,서울특별시 중구 장충동2가 5-35,37.5514045,127.0039167
4575,서울특별시 중구 장충동2가 5-36,37.5518570,127.0035617
4576,서울특별시 중구 장충동2가 5-37,37.5517598,127.0038180
4577,서울특별시 중구 장충동2가 5-39,37.5504796,127.0046404
4578,서울특별시 중구 장충동2가 5-40,37.5505925,127.0045772
4579,서울특별시 중구 장충동2가 14-3,37.5578726,126.9980212
4580,서울특별시 중구 장충동2가 14-12,37.5537846,126.9957189
4581,서울특별시 중구 장충동2가 14-20,37.5524036,127.0020672
4582,서울특별시 중구 장충동2가 14-21,37.5512204,126.9966168
4583,서울특별시 중구 장충동2가 14-43,37.5528080,126.9959856
4584,서울특별시 중구 장충동2가 14-44,37.5535940,126.9960156
4585,서울특별시 중구 장충동2가 14-46,37.5546761,126.9966457
4586,서울특별시 중구 장충동2가 14-47,37.5529536,126.9969861
4587,서울특별시 중구 장충동2가 14-48,37.5563022,126.9978884
4588,서울특별시 중구 장충동2가 14-51,37.5531705,126.9959469
4589,서울특별시 중구 장충동2가 14-55,37.5516684,127.0010357
4590,서울특별시 중구 장충동2가 14-56,37.5518588,127.0010966
4591,서울특별시 중구 장충동2가 14-57,37.5500007,126.9993733
4592,서울특별시 중구 장충동2가 14-58,37.5504621,126.9997727
4593,서울특별시 중구 장충동2가 14-59,37.5517530,127.0014241
4594,서울특별시 중구 장충동2가 14-61,37.5511830,127.0009335
4595,서울특별시 중구 장충동2가 14-63,37.5509985,127.0003807
4596,서울특별시 중구 장충동2가 14-64,37.5525036,127.0023367
4597,서울특별시 중구 장충동2가 14-67,37.5528946,127.0001508
4598,서울특별시 중구 장충동2가 14-68,37.5533063,127.0012351
4599,서울특별시 중구 장충동2가 14-69,37.5477349,126.9949788
4600,서울특별시 중구 장충동2가 14-70,37.5488277,126.9934768
4601,서울특별시 중구 장충동2가 14-71,37.5488283,126.9934034
4602,서울특별시 중구 장충동2가 14-72,37.5483291,126.9946320
4603,서울특별시 중구 장충동2가 14-73,37.5482594,126.9945470
4604,서울특별시 중구 장충동2가 14-74,37.5504989,126.9999037
4605,서울특별시 중구 장충동2가 14-75,37.5508538,127.0004148
4606,서울특별시 중구 장충동2가 14-77,37.5537536,127.0019343
4607,서울특별시 중구 장충동2가 14-80,37.5532852,127.0018013
4608,서울특별시 중구 장충동2가 14-81,37.5529384,127.0016760
4609,서울특별시 중구 장충동2가 14-82,37.5526108,127.0018825
4610,서울특별시 중구 장충동2가 14-83,37.5531160,127.0021977
4611,서울특별시 중구 장충동2가 14-84,37.5532155,127.0022199
4612,서울특별시 중구 장충동2가 14-85,37.5537606,127.0023575
4613,서울특별시 중구 장충동2가 14-91,37.5512343,127.0015259
4614,서울특별시 중구 장충동2가 14-93,37.5514311,127.0011827
4615,서울특별시 중구 장충동2가 14-94,37.5512856,127.0010552
4616,서울특별시 중구 장충동2가 14-95,37.5511644,127.0009799
4617,서울특별시 중구 장충동2가 14-96,37.5510734,127.0009488
4618,서울특별시 중구 장충동2가 14-97,37.5527322,127.0024510
4619,서울특별시 중구 장충동2가 14-98,37.5524278,127.0023330
4620,서울특별시 중구 장충동2가 14-99,37.5512377,127.0016150
4621,서울특별시 중구 장충동2가 14-100,37.5517424,127.0016799
4622,서울특별시 중구 장충동2가 14-101,37.5557693,126.9961906
4623,서울특별시 중구 장충동2가 14-102,37.5545018,126.9998318
4624,서울특별시 중구 장충동2가 14-103,37.5538784,127.0015932
4625,서울특별시 중구 장충동2가 14-104,37.5538852,126.9994028
4626,서울특별시 중구 장충동2가 14-105,37.5529766,126.9964363
4627,서울특별시 중구 광희동1가 1-2,37.5653769,127.0033031
4628,서울특별시 중구 광희동1가 20-2,37.5654819,127.0033791
4629,서울특별시 중구 광희동1가 20-7,37.5655446,127.0035497
4630,서울특별시 중구 광희동1가 21-2,37.5656062,127.0034611
4631,서울특별시 중구 광희동1가 21-3,37.5655717,127.0034828
4632,서울특별시 중구 광희동1가 23-2,37.5658078,127.0035877
4633,서울특별시 중구 광희동1가 35-1,37.5660338,127.0037083
4634,서울특별시 중구 광희동1가 36-2,37.5660392,127.0037512
4635,서울특별시 중구 광희동1가 46-5,37.5659231,127.0043720
4636,서울특별시 중구 광희동1가 49-1,37.5657042,127.0043151
4637,서울특별시 중구 광희동1가 51-4,37.5656818,127.0041329
4638,서울특별시 중구 광희동1가 55-3,37.5656391,127.0042235
4639,서울특별시 중구 광희동1가 55-4,37.5656252,127.0042860
4640,서울특별시 중구 광희동1가 63-8,37.5654866,127.0044928
4641,서울특별시 중구 광희동1가 63-14,37.5654218,127.0042234
4642,서울특별시 중구 광희동1가 63-16,37.5655252,127.0043174
4643,서울특별시 중구 광희동1가 63-18,37.5656154,127.0043450
4644,서울특별시 중구 광희동1가 63-22,37.5655523,127.0053067
4645,서울특별시 중구 광희동1가 63-23,37.5651583,127.0054049
4646,서울특별시 중구 광희동1가 64-5,37.5656459,127.0045721
4647,서울특별시 중구 광희동1가 64-6,37.5656249,127.0046692
4648,서울특별시 중구 광희동1가 65-2,37.5654500,127.0049332
4649,서울특별시 중구 광희동1가 65-5,37.5655927,127.0048802
4650,서울특별시 중구 광희동1가 65-6,37.5655799,127.0049496
4651,서울특별시 중구 광희동1가 66-4,37.5655690,127.0050154
4652,서울특별시 중구 광희동1가 68-5,37.5655500,127.0051366
4653,서울특별시 중구 광희동1가 71-1,37.5655204,127.0053311
4654,서울특별시 중구 광희동1가 72-1,37.5654522,127.0054426
4655,서울특별시 중구 광희동1가 73-4,37.5652646,127.0047253
4656,서울특별시 중구 광희동1가 74-1,37.5653668,127.0044683
4657,서울특별시 중구 광희동1가 82-2,37.5648939,127.0046071
4658,서울특별시 중구 광희동1가 83-5,37.5648863,127.0046535
4659,서울특별시 중구 광희동1가 83-6,37.5648875,127.0046418
4660,서울특별시 중구 광희동1가 85-2,37.5648792,127.0047046
4661,서울특별시 중구 광희동1가 86-3,37.5648567,127.0048529
4662,서울특별시 중구 광희동1가 86-4,37.5648658,127.0047936
4663,서울특별시 중구 광희동1가 87-5,37.5648348,127.0050128
4664,서울특별시 중구 광희동1가 87-6,37.5648488,127.0049141
4665,서울특별시 중구 광희동1가 88-2,37.5648215,127.0051008
4666,서울특별시 중구 광희동1가 89-2,37.5648135,127.0053595
4667,서울특별시 중구 광희동1가 89-5,37.5647804,127.0053477
4668,서울특별시 중구 광희동1가 90-1,37.5649379,127.0053835
4669,서울특별시 중구 광희동1가 98-1,37.5648893,127.0055137
4670,서울특별시 중구 광희동1가 102-2,37.5646766,127.0057239
4671,서울특별시 중구 광희동1가 103-2,37.5647517,127.0057984
4672,서울특별시 중구 광희동1가 103-3,37.5647614,127.0058065
4673,서울특별시 중구 광희동1가 105-1,37.5649807,127.0057967
4674,서울특별시 중구 광희동1가 107-1,37.5648676,127.0055513
4675,서울특별시 중구 광희동1가 108-1,37.5649495,127.0055702
4676,서울특별시 중구 광희동1가 109-3,37.5650087,127.0055853
4677,서울특별시 중구 광희동1가 110-1,37.5652614,127.0056314
4678,서울특별시 중구 광희동1가 111-6,37.5653339,127.0054464
4679,서울특별시 중구 광희동1가 111-7,37.5652842,127.0054335
4680,서울특별시 중구 광희동1가 111-8,37.5652896,127.0054351
4681,서울특별시 중구 광희동1가 112-2,37.5654246,127.0054728
4682,서울특별시 중구 광희동1가 112-5,37.5654639,127.0055901
4683,서울특별시 중구 광희동1가 122-1,37.5652637,127.0058120
4684,서울특별시 중구 광희동1가 130-1,37.5657332,127.0057814
4685,서울특별시 중구 광희동1가 134-1,37.5658015,127.0058097
4686,서울특별시 중구 광희동1가 142-3,37.5658040,127.0064711
4687,서울특별시 중구 광희동1가 142-4,37.5657437,127.0065756
4688,서울특별시 중구 광희동1가 145-1,37.5654218,127.0064848
4689,서울특별시 중구 광희동1가 146-5,37.5653284,127.0063196
4690,서울특별시 중구 광희동1가 152-2,37.5652525,127.0058692
4691,서울특별시 중구 광희동1가 152-3,37.5651652,127.0058946
4692,서울특별시 중구 광희동1가 154-3,37.5652870,127.0062883
4693,서울특별시 중구 광희동1가 156-4,37.5651709,127.0060767
4694,서울특별시 중구 광희동1가 158-2,37.5652025,127.0059590
4695,서울특별시 중구 광희동1가 164-1,37.5651030,127.0061615
4696,서울특별시 중구 광희동1가 169-1,37.5644368,127.0066903
4697,서울특별시 중구 광희동1가 171-0,37.5646246,127.0059535
4698,서울특별시 중구 광희동1가 176-1,37.5649002,127.0063431
4699,서울특별시 중구 광희동1가 180-0,37.5651563,127.0064307
4700,서울특별시 중구 광희동1가 181-0,37.5655686,127.0065498
4701,서울특별시 중구 광희동1가 181-1,37.5655703,127.0065311
4702,서울특별시 중구 광희동1가 182-2,37.5657334,127.0066752
4703,서울특별시 중구 광희동1가 182-4,37.5655887,127.0066333
4704,서울특별시 중구 광희동1가 182-5,37.5654860,127.0068766
4705,서울특별시 중구 광희동1가 182-29,37.5652422,127.0067306
4706,서울특별시 중구 광희동1가 182-45,37.5654244,127.0065561
4707,서울특별시 중구 광희동1가 182-46,37.5658023,127.0065167
4708,서울특별시 중구 광희동1가 186-6,37.5651105,127.0070630
4709,서울특별시 중구 광희동1가 186-17,37.5650730,127.0072505
4710,서울특별시 중구 광희동1가 186-18,37.5651493,127.0069531
4711,서울특별시 중구 광희동1가 188-10,37.5646059,127.0064005
4712,서울특별시 중구 광희동1가 192-1,37.5648032,127.0067501
4713,서울특별시 중구 광희동1가 192-2,37.5647702,127.0067298
4714,서울특별시 중구 광희동1가 194-7,37.5645572,127.0070087
4715,서울특별시 중구 광희동1가 195-1,37.5644782,127.0068449
4716,서울특별시 중구 광희동1가 196-0,37.5644098,127.0067925
4717,서울특별시 중구 광희동1가 197-0,37.5642771,127.0067006
4718,서울특별시 중구 광희동1가 198-1,37.5643176,127.0066958
4719,서울특별시 중구 광희동1가 200-0,37.5641460,127.0066180
4720,서울특별시 중구 광희동1가 201-0,37.5640716,127.0065894
4721,서울특별시 중구 광희동1가 202-5,37.5641472,127.0063133
4722,서울특별시 중구 광희동1가 203-0,37.5644902,127.0065691
4723,서울특별시 중구 광희동1가 206-1,37.5643062,127.0061529
4724,서울특별시 중구 광희동1가 207-2,37.5644805,127.0061452
4725,서울특별시 중구 광희동1가 211-1,37.5644944,127.0060824
4726,서울특별시 중구 광희동1가 211-2,37.5644903,127.0060607
4727,서울특별시 중구 광희동1가 219-3,37.5641005,127.0059869
4728,서울특별시 중구 광희동1가 219-4,37.5640777,127.0058942
4729,서울특별시 중구 광희동1가 219-5,37.5640747,127.0059830
4730,서울특별시 중구 광희동1가 220-2,37.5640371,127.0058267
4731,서울특별시 중구 광희동1가 222-4,37.5639963,127.0055730
4732,서울특별시 중구 광희동1가 233-3,37.5646025,127.0055721
4733,서울특별시 중구 광희동1가 235-3,37.5647885,127.0061409
4734,서울특별시 중구 광희동1가 235-4,37.5647358,127.0061723
4735,서울특별시 중구 광희동1가 235-5,37.5647415,127.0061609
4736,서울특별시 중구 광희동1가 235-6,37.5646558,127.0056069
4737,서울특별시 중구 광희동1가 235-7,37.5648208,127.0041634
4738,서울특별시 중구 광희동1가 235-8,37.5648510,127.0040513
4739,서울특별시 중구 광희동1가 235-14,37.5648494,127.0053886
4740,서울특별시 중구 광희동1가 235-15,37.5648377,127.0055155
4741,서울특별시 중구 광희동1가 235-16,37.5648257,127.0057057
4742,서울특별시 중구 광희동1가 235-17,37.5648053,127.0058280
4743,서울특별시 중구 광희동1가 235-18,37.5646842,127.0061350
4744,서울특별시 중구 광희동1가 235-19,37.5647499,127.0063479
4745,서울특별시 중구 광희동1가 235-20,37.5645717,127.0049253
4746,서울특별시 중구 광희동1가 235-21,37.5645968,127.0051782
4747,서울특별시 중구 광희동1가 235-22,37.5643162,127.0054249
4748,서울특별시 중구 광희동1가 235-23,37.5639625,127.0056922
4749,서울특별시 중구 광희동1가 235-25,37.5640992,127.0060674
4750,서울특별시 중구 광희동1가 237-1,37.5645993,127.0051951
4751,서울특별시 중구 광희동1가 237-2,37.5645026,127.0054376
4752,서울특별시 중구 광희동1가 248-2,37.5647233,127.0050546
4753,서울특별시 중구 광희동1가 256-2,37.5644407,127.0048894
4754,서울특별시 중구 광희동1가 256-4,37.5644380,127.0048737
4755,서울특별시 중구 광희동1가 256-5,37.5643983,127.0047401
4756,서울특별시 중구 광희동1가 259-2,37.5647378,127.0048795
4757,서울특별시 중구 광희동1가 260-2,37.5647240,127.0047585
4758,서울특별시 중구 광희동1가 262-2,37.5647687,127.0046359
4759,서울특별시 중구 광희동1가 263-5,37.5647147,127.0044650
4760,서울특별시 중구 광희동1가 265-0,37.5648024,127.0044940
4761,서울특별시 중구 광희동1가 266-2,37.5648096,127.0043988
4762,서울특별시 중구 광희동1가 266-3,37.5648457,127.0043584
4763,서울특별시 중구 광희동1가 280-1,37.5648676,127.0038087
4764,서울특별시 중구 광희동1가 281-2,37.5648281,127.0040159
4765,서울특별시 중구 광희동1가 285-3,37.5647700,127.0036639
4766,서울특별시 중구 광희동1가 296-2,37.5652112,127.0032038
4767,서울특별시 중구 광희동1가 296-9,37.5651477,127.0031796
4768,서울특별시 중구 광희동1가 296-10,37.5652132,127.0032221
4769,서울특별시 중구 광희동1가 296-11,37.5654071,127.0032926
4770,서울특별시 중구 광희동1가 296-12,37.5654069,127.0032669
4771,서울특별시 중구 광희동1가 299-4,37.5647738,127.0035925
4772,서울특별시 중구 광희동1가 300-2,37.5647778,127.0035111
4773,서울특별시 중구 광희동1가 300-3,37.5648298,127.0032057
4774,서울특별시 중구 광희동1가 300-4,37.5647591,127.0034809
4775,서울특별시 중구 광희동2가 1-1,37.5646064,127.0071539
4776,서울특별시 중구 광희동2가 2-1,37.5648115,127.0072029
4777,서울특별시 중구 광희동2가 2-2,37.5647818,127.0071737
4778,서울특별시 중구 광희동2가 2-3,37.5647620,127.0071823
4779,서울특별시 중구 광희동2가 5-1,37.5646334,127.0072086
4780,서울특별시 중구 광희동2가 9-0,37.5646990,127.0073262
4781,서울특별시 중구 광희동2가 13-4,37.5644692,127.0075658
4782,서울특별시 중구 광희동2가 17-1,37.5649260,127.0077082
4783,서울특별시 중구 광희동2가 21-0,37.5649383,127.0072609
4784,서울특별시 중구 광희동2가 21-1,37.5648506,127.0072195
4785,서울특별시 중구 광희동2가 21-2,37.5649329,127.0072382
4786,서울특별시 중구 광희동2가 21-4,37.5649419,127.0072837
4787,서울특별시 중구 광희동2가 22-2,37.5650625,127.0072977
4788,서울특별시 중구 광희동2가 22-4,37.5650538,127.0073442
4789,서울특별시 중구 광희동2가 22-5,37.5650675,127.0072844
4790,서울특별시 중구 광희동2가 23-0,37.5651218,127.0073643
4791,서울특별시 중구 광희동2가 24-0,37.5652037,127.0074051
4792,서울특별시 중구 광희동2가 25-2,37.5651030,127.0074563
4793,서울특별시 중구 광희동2가 25-3,37.5651076,127.0073966
4794,서울특별시 중구 광희동2가 25-4,37.5650391,127.0074391
4795,서울특별시 중구 광희동2가 25-5,37.5650421,127.0077264
4796,서울특별시 중구 광희동2가 43-6,37.5644756,127.0081414
4797,서울특별시 중구 광희동2가 43-7,37.5644789,127.0081319
4798,서울특별시 중구 광희동2가 43-8,37.5644554,127.0079670
4799,서울특별시 중구 광희동2가 44-0,37.5644389,127.0081003
4800,서울특별시 중구 광희동2가 54-1,37.5644027,127.0085253
4801,서울특별시 중구 광희동2가 55-4,37.5645507,127.0085585
4802,서울특별시 중구 광희동2가 55-6,37.5645999,127.0085299
4803,서울특별시 중구 광희동2가 55-7,37.5645857,127.0085735
4804,서울특별시 중구 광희동2가 55-8,37.5645458,127.0085003
4805,서울특별시 중구 광희동2가 56-0,37.5644853,127.0087269
4806,서울특별시 중구 광희동2가 56-1,37.5643881,127.0086529
4807,서울특별시 중구 광희동2가 58-1,37.5643697,127.0088347
4808,서울특별시 중구 광희동2가 60-0,37.5643877,127.0089950
4809,서울특별시 중구 광희동2가 62-0,37.5644302,127.0091802
4810,서울특별시 중구 광희동2가 65-2,37.5645748,127.0089374
4811,서울특별시 중구 광희동2가 67-1,37.5647220,127.0085455
4812,서울특별시 중구 광희동2가 75-2,37.5646291,127.0090656
4813,서울특별시 중구 광희동2가 81-2,37.5646712,127.0092704
4814,서울특별시 중구 광희동2가 82-1,37.5645527,127.0093474
4815,서울특별시 중구 광희동2가 87-0,37.5644789,127.0095420
4816,서울특별시 중구 광희동2가 90-2,37.5646433,127.0093645
4817,서울특별시 중구 광희동2가 91-2,37.5646559,127.0094479
4818,서울특별시 중구 광희동2가 97-0,37.5645982,127.0097745
4819,서울특별시 중구 광희동2가 97-1,37.5646048,127.0098077
4820,서울특별시 중구 광희동2가 104-1,37.5646218,127.0100904
4821,서울특별시 중구 광희동2가 104-2,37.5645687,127.0100936
4822,서울특별시 중구 광희동2가 105-3,37.5644681,127.0099999
4823,서울특별시 중구 광희동2가 105-6,37.5630391,127.0097310
4824,서울특별시 중구 광희동2가 105-8,37.5632706,127.0099150
4825,서울특별시 중구 광희동2가 106-1,37.5638545,127.0098287
4826,서울특별시 중구 광희동2가 106-2,37.5640895,127.0093215
4827,서울특별시 중구 광희동2가 106-3,37.5645610,127.0095951
4828,서울특별시 중구 광희동2가 106-4,37.5648432,127.0098512
4829,서울특별시 중구 광희동2가 106-5,37.5648053,127.0094438
4830,서울특별시 중구 광희동2가 106-7,37.5633564,127.0094759
4831,서울특별시 중구 광희동2가 106-8,37.5632749,127.0097493
4832,서울특별시 중구 광희동2가 106-9,37.5632501,127.0096873
4833,서울특별시 중구 광희동2가 106-10,37.5631768,127.0096917
4834,서울특별시 중구 광희동2가 119-1,37.5632728,127.0098394
4835,서울특별시 중구 광희동2가 123-3,37.5630607,127.0095864
4836,서울특별시 중구 광희동2가 124-7,37.5632542,127.0097196
4837,서울특별시 중구 광희동2가 125-6,37.5631364,127.0093353
4838,서울특별시 중구 광희동2가 125-7,37.5631217,127.0093315
4839,서울특별시 중구 광희동2가 140-5,37.5634402,127.0091490
4840,서울특별시 중구 광희동2가 158-1,37.5637660,127.0092252
4841,서울특별시 중구 광희동2가 159-1,37.5639022,127.0092795
4842,서울특별시 중구 광희동2가 164-3,37.5641643,127.0093507
4843,서울특별시 중구 광희동2가 178-1,37.5642824,127.0093582
4844,서울특별시 중구 광희동2가 179-1,37.5643336,127.0093557
4845,서울특별시 중구 광희동2가 182-1,37.5642091,127.0093118
4846,서울특별시 중구 광희동2가 192-2,37.5643033,127.0089951
4847,서울특별시 중구 광희동2가 211-4,37.5635185,127.0087778
4848,서울특별시 중구 광희동2가 217-10,37.5630908,127.0093524
4849,서울특별시 중구 광희동2가 240-1,37.5642686,127.0085830
4850,서울특별시 중구 광희동2가 244-1,37.5643124,127.0085372
4851,서울특별시 중구 광희동2가 254-0,37.5642901,127.0080735
4852,서울특별시 중구 광희동2가 257-0,37.5642105,127.0077518
4853,서울특별시 중구 광희동2가 257-1,37.5646960,127.0091697
4854,서울특별시 중구 광희동2가 257-4,37.5646697,127.0079971
4855,서울특별시 중구 광희동2가 257-5,37.5642783,127.0083375
4856,서울특별시 중구 광희동2가 257-7,37.5637158,127.0081197
4857,서울특별시 중구 광희동2가 257-8,37.5640806,127.0080149
4858,서울특별시 중구 광희동2가 284-3,37.5638633,127.0081146
4859,서울특별시 중구 광희동2가 293-8,37.5634897,127.0079110
4860,서울특별시 중구 광희동2가 303-6,37.5630589,127.0081475
4861,서울특별시 중구 광희동2가 303-23,37.5631132,127.0077581
4862,서울특별시 중구 광희동2가 303-42,37.5634522,127.0075557
4863,서울특별시 중구 광희동2가 305-5,37.5630246,127.0080429
4864,서울특별시 중구 광희동2가 308-2,37.5634522,127.0073611
4865,서울특별시 중구 광희동2가 308-4,37.5635224,127.0075833
4866,서울특별시 중구 광희동2가 309-2,37.5635734,127.0075343
4867,서울특별시 중구 광희동2가 317-1,37.5639406,127.0073008
4868,서울특별시 중구 광희동2가 324-1,37.5641104,127.0074122
4869,서울특별시 중구 광희동2가 328-0,37.5643259,127.0075890
4870,서울특별시 중구 광희동2가 334-0,37.5642907,127.0073109
4871,서울특별시 중구 광희동2가 338-2,37.5641902,127.0071487
4872,서울특별시 중구 광희동2가 338-3,37.5641608,127.0071251
4873,서울특별시 중구 광희동2가 339-3,37.5642007,127.0071122
4874,서울특별시 중구 광희동2가 341-0,37.5643303,127.0069641
4875,서울특별시 중구 광희동2가 344-3,37.5638277,127.0066664
4876,서울특별시 중구 광희동2가 345-0,37.5642114,127.0069007
4877,서울특별시 중구 광희동2가 345-1,37.5641658,127.0068577
4878,서울특별시 중구 광희동2가 345-2,37.5641670,127.0069166
4879,서울특별시 중구 광희동2가 346-0,37.5643116,127.0071226
4880,서울특별시 중구 광희동2가 349-0,37.5638130,127.0069425
4881,서울특별시 중구 광희동2가 351-3,37.5639649,127.0070476
4882,서울특별시 중구 광희동2가 351-4,37.5641022,127.0071222
4883,서울특별시 중구 광희동2가 352-2,37.5641078,127.0069179
4884,서울특별시 중구 광희동2가 352-4,37.5641013,127.0070007
4885,서울특별시 중구 광희동2가 353-2,37.5640684,127.0068563
4886,서울특별시 중구 광희동2가 364-1,37.5636715,127.0066282
4887,서울특별시 중구 쌍림동 2-2,37.5639469,127.0053174
4888,서울특별시 중구 쌍림동 4-2,37.5639223,127.0051020
4889,서울특별시 중구 쌍림동 15-2,37.5640635,127.0044746
4890,서울특별시 중구 쌍림동 17-2,37.5638989,127.0043768
4891,서울특별시 중구 쌍림동 18-5,37.5639101,127.0042236
4892,서울특별시 중구 쌍림동 22-12,37.5643033,127.0045227
4893,서울특별시 중구 쌍림동 22-22,37.5643575,127.0043311
4894,서울특별시 중구 쌍림동 25-9,37.5643357,127.0041122
4895,서울특별시 중구 쌍림동 25-17,37.5639206,127.0039786
4896,서울특별시 중구 쌍림동 34-4,37.5647774,127.0028526
4897,서울특별시 중구 쌍림동 34-12,37.5648497,127.0029299
4898,서울특별시 중구 쌍림동 91-11,37.5626573,127.0028369
4899,서울특별시 중구 쌍림동 91-12,37.5627071,127.0028351
4900,서울특별시 중구 쌍림동 91-13,37.5626780,127.0028358
4901,서울특별시 중구 쌍림동 92-0,37.5626727,127.0026565
4902,서울특별시 중구 쌍림동 93-0,37.5628920,127.0026792
4903,서울특별시 중구 쌍림동 95-1,37.5630071,127.0026141
4904,서울특별시 중구 쌍림동 102-0,37.5632401,127.0029189
4905,서울특별시 중구 쌍림동 103-0,37.5631665,127.0028977
4906,서울특별시 중구 쌍림동 103-1,37.5631930,127.0030483
4907,서울특별시 중구 쌍림동 104-3,37.5629855,127.0028850
4908,서울특별시 중구 쌍림동 104-6,37.5632246,127.0027199
4909,서울특별시 중구 쌍림동 111-8,37.5626319,127.0028241
4910,서울특별시 중구 쌍림동 111-15,37.5626268,127.0028357
4911,서울특별시 중구 쌍림동 111-16,37.5626431,127.0028354
4912,서울특별시 중구 쌍림동 111-17,37.5626121,127.0028411
4913,서울특별시 중구 쌍림동 112-1,37.5627666,127.0032193
4914,서울특별시 중구 쌍림동 112-2,37.5624742,127.0026357
4915,서울특별시 중구 쌍림동 112-3,37.5629319,127.0027455
4916,서울특별시 중구 쌍림동 112-4,37.5628224,127.0028936
4917,서울특별시 중구 쌍림동 119-5,37.5630211,127.0032459
4918,서울특별시 중구 쌍림동 120-1,37.5631759,127.0031008
4919,서울특별시 중구 쌍림동 121-1,37.5632285,127.0031930
4920,서울특별시 중구 쌍림동 146-16,37.5644443,127.0031524
4921,서울특별시 중구 쌍림동 146-43,37.5643146,127.0025949
4922,서울특별시 중구 쌍림동 146-44,37.5641532,127.0038665
4923,서울특별시 중구 쌍림동 148-4,37.5632981,127.0037189
4924,서울특별시 중구 쌍림동 151-7,37.5632340,127.0033440
4925,서울특별시 중구 쌍림동 151-33,37.5634847,127.0041395
4926,서울특별시 중구 쌍림동 151-43,37.5629491,127.0037969
4927,서울특별시 중구 쌍림동 151-89,37.5627223,127.0040154
4928,서울특별시 중구 쌍림동 151-114,37.5627374,127.0042706
4929,서울특별시 중구 쌍림동 151-121,37.5632435,127.0034490
4930,서울특별시 중구 쌍림동 151-136,37.5631294,127.0042967
4931,서울특별시 중구 쌍림동 151-157,37.5631275,127.0042513
4932,서울특별시 중구 쌍림동 151-161,37.5628048,127.0036827
4933,서울특별시 중구 쌍림동 156-2,37.5636922,127.0042352
4934,서울특별시 중구 쌍림동 157-5,37.5637604,127.0043509
4935,서울특별시 중구 쌍림동 158-2,37.5637769,127.0045000
4936,서울특별시 중구 쌍림동 162-1,37.5637193,127.0045689
4937,서울특별시 중구 쌍림동 165-0,37.5635987,127.0043499
4938,서울특별시 중구 쌍림동 168-2,37.5634175,127.0041650
4939,서울특별시 중구 쌍림동 169-1,37.5634611,127.0043835
4940,서울특별시 중구 쌍림동 171-5,37.5634785,127.0046047
4941,서울특별시 중구 쌍림동 182-5,37.5625722,127.0057356
4942,서울특별시 중구 쌍림동 182-12,37.5625488,127.0056369
4943,서울특별시 중구 쌍림동 182-35,37.5630872,127.0047932
4944,서울특별시 중구 쌍림동 182-50,37.5627687,127.0051427
4945,서울특별시 중구 쌍림동 182-59,37.5628325,127.0047162
4946,서울특별시 중구 쌍림동 182-88,37.5626623,127.0060028
4947,서울특별시 중구 쌍림동 182-90,37.5621600,127.0061667
4948,서울특별시 중구 쌍림동 182-93,37.5621571,127.0061686
4949,서울특별시 중구 쌍림동 186-2,37.5633142,127.0049615
4950,서울특별시 중구 쌍림동 189-3,37.5635804,127.0049425
4951,서울특별시 중구 쌍림동 192-4,37.5635325,127.0047806
4952,서울특별시 중구 쌍림동 192-5,37.5635055,127.0046779
4953,서울특별시 중구 쌍림동 193-0,37.5635493,127.0047388
4954,서울특별시 중구 쌍림동 195-0,37.5636762,127.0046797
4955,서울특별시 중구 쌍림동 197-0,37.5638495,127.0046426
4956,서울특별시 중구 쌍림동 197-3,37.5638162,127.0046656
4957,서울특별시 중구 쌍림동 200-1,37.5636319,127.0049949
4958,서울특별시 중구 쌍림동 200-4,37.5635920,127.0050224
4959,서울특별시 중구 쌍림동 202-0,37.5638007,127.0049182
4960,서울특별시 중구 쌍림동 204-0,37.5638047,127.0052377
4961,서울특별시 중구 쌍림동 205-1,37.5637683,127.0056658
4962,서울특별시 중구 쌍림동 205-2,37.5640490,127.0053935
4963,서울특별시 중구 쌍림동 205-3,37.5638922,127.0044862
4964,서울특별시 중구 쌍림동 205-5,37.5632991,127.0046582
4965,서울특별시 중구 쌍림동 205-6,37.5634066,127.0050452
4966,서울특별시 중구 쌍림동 210-3,37.5636785,127.0051587
4967,서울특별시 중구 쌍림동 235-1,37.5631781,127.0057589
4968,서울특별시 중구 쌍림동 244-2,37.5622969,127.0061643
4969,서울특별시 중구 쌍림동 245-3,37.5623519,127.0061147
4970,서울특별시 중구 쌍림동 248-3,37.5623494,127.0062556
4971,서울특별시 중구 쌍림동 250-1,37.5626474,127.0063154
4972,서울특별시 중구 쌍림동 250-4,37.5625571,127.0063902
4973,서울특별시 중구 쌍림동 252-0,37.5627861,127.0060043
4974,서울특별시 중구 쌍림동 253-1,37.5627593,127.0062208
4975,서울특별시 중구 쌍림동 255-3,37.5629255,127.0061389
4976,서울특별시 중구 쌍림동 255-5,37.5629193,127.0060755
4977,서울특별시 중구 쌍림동 261-1,37.5631996,127.0061753
4978,서울특별시 중구 쌍림동 268-1,37.5639517,127.0058748
4979,서울특별시 중구 쌍림동 270-5,37.5637232,127.0056125
4980,서울특별시 중구 쌍림동 270-8,37.5637234,127.0056203
4981,서울특별시 중구 쌍림동 271-0,37.5638221,127.0055137
4982,서울특별시 중구 쌍림동 273-1,37.5639876,127.0062911
4983,서울특별시 중구 쌍림동 276-7,37.5640061,127.0060780
4984,서울특별시 중구 쌍림동 279-0,37.5639738,127.0063578
4985,서울특별시 중구 쌍림동 280-5,37.5638216,127.0065931
4986,서울특별시 중구 쌍림동 280-6,37.5638954,127.0065927
4987,서울특별시 중구 쌍림동 281-0,37.5639901,127.0065279
4988,서울특별시 중구 쌍림동 281-4,37.5639472,127.0065591
4989,서울특별시 중구 쌍림동 282-2,37.5639319,127.0065131
4990,서울특별시 중구 쌍림동 282-4,37.5639399,127.0064948
4991,서울특별시 중구 쌍림동 282-6,37.5639192,127.0065311
4992,서울특별시 중구 쌍림동 284-5,37.5638972,127.0063423
4993,서울특별시 중구 쌍림동 289-1,37.5637391,127.0064904
4994,서울특별시 중구 쌍림동 291-1,37.5633875,127.0062812
4995,서울특별시 중구 쌍림동 291-2,37.5636505,127.0064091
4996,서울특별시 중구 쌍림동 292-1,37.5639962,127.0038242
4997,서울특별시 중구 을지로6가 1-2,37.5667449,127.0042460
4998,서울특별시 중구 을지로6가 1-43,37.5671347,127.0046001
4999,서울특별시 중구 을지로6가 16-5,37.5686185,127.0055109
