기준_년_코드,기준_분기_코드,상권_구분_코드,상권_구분_코드_명,상권_코드,상권_코드_명,총_직장_인구_수,남성_직장_인구_수,여성_직장_인구_수,연령대_10_직장_인구_수,연령대_20_직장_인구_수,연령대_30_직장_인구_수,연령대_40_직장_인구_수,연령대_50_직장_인구_수,연령대_60_이상_직장_인구_수,남성연령대_10_직장_인구_수,남성연령대_20_직장_인구_수,남성연령대_30_직장_인구_수,남성연령대_40_직장_인구_수,남성연령대_50_직장_인구_수,남성연령대_60_이상_직장_인구_수,여성연령대_10_직장_인구_수,여성연령대_20_직장_인구_수,여성연령대_30_직장_인구_수,여성연령대_40_직장_인구_수,여성연령대_50_직장_인구_수,여성연령대_60_이상_직장_인구_수
2020,4,A,골목상권,1001010,풍성로37가길,2748,1678,1070,6,410,594,684,640,414,2,264,372,393,389,258,4,146,222,291,251,156
2020,4,A,골목상권,1001009,천호옛길,6064,3635,2429,9,803,1428,1488,1645,691,5,447,723,830,1088,542,4,356,705,658,557,149
2020,4,A,골목상권,1001008,천호옛14길,2503,1310,1193,8,459,534,594,535,373,2,250,263,287,285,223,6,209,271,307,250,150
2020,4,A,골목상권,1001007,천호대로219길,966,662,304,0,107,187,231,268,173,0,53,131,167,183,128,0,54,56,64,85,45
2020,4,A,골목상권,1001006,천호대로197길,2122,1190,932,2,260,374,420,580,486,2,147,232,225,279,305,0,113,142,195,301,181
2020,4,A,골목상권,1001005,천호대로187길,4336,2078,2258,11,515,786,1018,1163,843,6,222,426,507,425,492,5,293,360,511,738,351
2020,4,A,골목상권,1001004,천호대로170길,5760,3089,2671,12,898,999,1127,1075,1649,7,329,496,608,593,1056,5,569,503,519,482,593
2020,4,A,골목상권,1001003,천호대로162길,3635,2072,1563,6,405,532,675,667,1350,2,221,281,341,374,853,4,184,251,334,293,497
2020,4,A,골목상권,1001002,천중로51길,3276,1938,1338,7,333,588,749,854,745,4,166,368,422,485,493,3,167,220,327,369,252
2020,4,A,골목상권,1001001,천중로39길,3291,2040,1251,8,289,596,840,816,742,3,142,371,504,519,501,5,147,225,336,297,241
2020,4,A,골목상권,1001000,진황도로47길,4044,1908,2136,15,481,761,994,1016,777,9,197,423,509,354,416,6,284,338,485,662,361
2020,4,A,골목상권,1000999,진황도로27길,5557,2819,2738,10,881,1020,1035,997,1614,7,261,431,524,506,1090,3,620,589,511,491,524
2020,4,A,골목상권,1000998,올림픽로98길,2188,1168,1020,1,236,349,409,380,813,1,88,201,227,228,423,0,148,148,182,152,390
2020,4,A,골목상권,1000997,올림픽로80길,1647,861,786,4,168,286,360,392,437,4,68,126,160,184,319,0,100,160,200,208,118
2020,4,A,골목상권,1000996,올림픽로78길,1673,923,750,7,229,286,342,370,439,5,101,146,176,191,304,2,128,140,166,179,135
2020,4,A,골목상권,1000995,올림픽로77길,1824,1010,814,9,219,358,425,396,417,5,104,187,227,203,284,4,115,171,198,193,133
2020,4,A,골목상권,1000994,올림픽로71길,2045,1077,968,9,263,450,478,425,420,5,106,212,261,215,278,4,157,238,217,210,142
2020,4,A,골목상권,1000993,올림픽로48길,21487,15997,5490,42,2391,5926,5023,4923,3182,17,1466,4348,3830,3837,2499,25,925,1578,1193,1086,683
2020,4,A,골목상권,1000992,양재대로96길,3572,1944,1628,10,449,761,838,872,642,9,218,411,470,420,416,1,231,350,368,452,226
2020,4,A,골목상권,1000991,양재대로95길,3064,1793,1271,11,337,586,735,730,665,9,196,372,436,375,405,2,141,214,299,355,260
2020,4,A,골목상권,1000990,양재대로91길,3486,2089,1397,12,425,714,818,829,688,10,215,433,480,480,471,2,210,281,338,349,217
2020,4,A,골목상권,1000989,양재대로133길,3249,1749,1500,13,410,679,812,756,579,2,171,377,420,405,374,11,239,302,392,351,205
2020,4,A,골목상권,1000988,양재대로124길,3733,2287,1446,9,349,663,834,966,912,5,198,420,489,584,591,4,151,243,345,382,321
2020,4,A,골목상권,1000987,양재대로116길,3352,1569,1783,11,364,503,762,986,726,7,191,305,370,330,366,4,173,198,392,656,360
2020,4,A,골목상권,1000986,양재대로101길,6685,3123,3562,24,1129,1353,1558,1517,1104,16,409,696,804,594,604,8,720,657,754,923,500
2020,4,A,골목상권,1000985,암사길,3278,1991,1287,6,444,762,786,823,457,1,218,474,449,539,310,5,226,288,337,284,147
2020,4,A,골목상권,1000984,성안로3길,15719,10725,4994,40,1806,3158,3398,4069,3248,17,1034,1960,2222,2972,2520,23,772,1198,1176,1097,728
2020,4,A,골목상권,1000983,성내로5길,16714,12021,4693,34,1884,5324,4452,3456,1564,14,1096,3858,3287,2564,1202,20,788,1466,1165,892,362
2020,4,A,골목상권,1000982,상일로5길,919,604,315,0,106,183,229,254,147,0,47,119,155,173,110,0,59,64,74,81,37
2020,4,A,골목상권,1000981,상암로5길,4232,1886,2346,5,425,706,904,1038,1154,4,181,380,436,379,506,1,244,326,468,659,648
2020,4,A,골목상권,1000980,상암로51길,2115,953,1162,2,209,386,517,550,451,0,64,187,233,234,235,2,145,199,284,316,216
2020,4,A,골목상권,1000979,상암로4길,2356,1216,1140,3,226,414,513,435,765,2,78,218,271,230,417,1,148,196,242,205,348
2020,4,A,골목상권,1000978,상암로14길,2439,1204,1235,1,252,422,520,471,773,1,82,217,260,224,420,0,170,205,260,247,353
2020,4,A,골목상권,1000977,명일로13길,2370,1260,1110,4,305,501,494,543,523,2,127,257,264,260,350,2,178,244,230,283,173
2020,4,A,골목상권,1000976,동남로85길,1560,790,770,0,154,294,388,398,326,0,61,149,173,196,211,0,93,145,215,202,115
2020,4,A,골목상권,1000975,동남로82길,736,264,472,0,84,156,183,205,108,0,16,53,68,75,52,0,68,103,115,130,56
2020,4,A,골목상권,1000974,동남로65길,862,441,421,1,73,196,209,284,99,1,32,75,97,157,79,0,41,121,112,127,20
2020,4,A,골목상권,1000973,구천면로42길,2512,1353,1159,6,222,495,639,643,507,1,73,225,334,368,352,5,149,270,305,275,155
2020,4,A,골목상권,1000972,구천면로41길,2634,1431,1203,6,283,554,649,636,506,2,100,261,348,366,354,4,183,293,301,270,152
2020,4,A,골목상권,1000971,구천면로36길,1476,794,682,2,133,234,306,342,459,2,46,101,142,159,344,0,87,133,164,183,115
2020,4,A,골목상권,1000970,고덕로61길,1417,657,760,0,141,288,399,394,195,0,55,130,168,181,123,0,86,158,231,213,72
2020,4,A,골목상권,1000969,고덕로25길,1210,622,588,3,114,166,214,296,417,1,42,87,90,125,277,2,72,79,124,171,140
2020,4,A,골목상권,1000968,고덕로10길,3507,1517,1990,3,312,511,710,863,1108,2,130,290,342,281,472,1,182,221,368,582,636
2020,4,A,골목상권,1000967,강동대로53길,4393,2785,1608,8,584,1064,1191,921,625,7,323,676,750,580,449,1,261,388,441,341,176
2020,4,A,골목상권,1000966,풍성로25길,2354,1231,1123,7,336,468,530,628,385,4,169,231,267,285,275,3,167,237,263,343,110
2020,4,A,골목상권,1000965,오금로46길,5777,3859,1918,17,613,1012,1039,1099,1997,13,360,664,635,635,1552,4,253,348,404,464,445
2020,4,A,골목상권,1000964,오금로36길,8762,6025,2737,22,1512,2571,2168,1644,845,13,867,1818,1582,1082,663,9,645,753,586,562,182
2020,4,A,골목상권,1000963,오금로11길,24198,13753,10445,51,3788,6203,5486,5235,3435,31,2092,3996,3291,2449,1894,20,1696,2207,2195,2786,1541
2020,4,A,골목상권,1000962,양재대로72길,22772,16675,6097,27,2845,5403,5734,5267,3496,13,1686,3711,4373,4341,2551,14,1159,1692,1361,926,945
2020,4,A,골목상권,1000961,양재대로71길,7301,5438,1863,18,603,1437,1906,2042,1295,14,301,932,1471,1612,1108,4,302,505,435,430,187
2020,4,A,골목상권,1000960,양재대로64길,14088,7953,6135,35,1591,3150,3034,2441,3837,16,726,1837,1925,1220,2229,19,865,1313,1109,1221,1608
2020,4,A,골목상권,1000959,양재대로62길,14774,8253,6521,33,2326,3507,3049,2730,3129,12,943,1946,1867,1367,2118,21,1383,1561,1182,1363,1011
2020,4,A,골목상권,1000958,송파대로30길,22655,13112,9543,70,3001,5092,5005,4472,5015,28,1367,3050,3223,2434,3010,42,1634,2042,1782,2038,2005
2020,4,A,골목상권,1000957,송이로36길,5749,3648,2101,10,864,1367,1427,1263,818,5,510,914,930,680,609,5,354,453,497,583,209
2020,4,A,골목상권,1000956,송이로32길,39353,30162,9191,23,3382,6782,10667,14138,4361,9,1993,4877,8225,11982,3076,14,1389,1905,2442,2156,1285
2020,4,A,골목상권,1000955,송이로23길,14254,7809,6445,69,1826,3028,2781,2547,4003,32,814,1709,1647,1186,2421,37,1012,1319,1134,1361,1582
2020,4,A,골목상권,1000954,삼전로13길,14756,9769,4987,37,2148,3337,3761,3234,2239,19,1136,2194,2607,2186,1627,18,1012,1143,1154,1048,612
2020,4,A,골목상권,1000953,백제고분로50길,17443,9418,8025,47,2805,3940,3800,4087,2764,34,1485,2586,2121,1690,1502,13,1320,1354,1679,2397,1262
2020,4,A,골목상권,1000952,백제고분로46길,16523,11352,5171,68,2506,4002,4361,3846,1740,50,1316,2694,3250,2744,1298,18,1190,1308,1111,1102,442
2020,4,A,골목상권,1000951,백제고분로45길,15378,8720,6658,29,2384,3918,3571,3343,2133,12,1032,2304,2283,1836,1253,17,1352,1614,1288,1507,880
2020,4,A,골목상권,1000950,백제고분로42길,8516,5295,3221,17,1073,2000,1949,1793,1684,4,500,1337,1292,1070,1092,13,573,663,657,723,592
2020,4,A,골목상권,1000949,백제고분로39길,4895,3304,1591,2,549,1286,1258,951,849,0,318,940,865,559,622,2,231,346,393,392,227
2020,4,A,골목상권,1000948,백제고분로34길,5206,3412,1794,15,645,1084,1272,1218,972,11,361,715,831,757,737,4,284,369,441,461,235
2020,4,A,골목상권,1000947,백제고분로33길,5340,3787,1553,11,566,969,1248,992,1554,8,281,596,841,687,1374,3,285,373,407,305,180
2020,4,A,골목상권,1000946,백제고분로32길,6694,4371,2323,13,959,1465,1444,1505,1308,11,566,984,950,922,938,2,393,481,494,583,370
2020,4,A,골목상권,1000945,백제고분로31길,13652,9597,4055,33,1722,2774,3329,2729,3065,28,1019,1936,2383,1827,2404,5,703,838,946,902,661
2020,4,A,골목상권,1000944,백제고분로22길,5641,3796,1845,13,865,1427,1288,1128,920,3,501,1019,906,707,660,10,364,408,382,421,260
2020,4,A,골목상권,1000943,백제고분로21길,14733,9943,4790,35,2165,3401,3692,3281,2159,21,1190,2315,2645,2234,1538,14,975,1086,1047,1047,621
2020,4,A,골목상권,1000942,마천로51길,1842,1001,841,1,175,392,515,491,268,0,100,222,246,225,208,1,75,170,269,266,60
2020,4,A,골목상권,1000941,동남로20길,4695,2916,1779,21,772,1191,1068,1071,572,17,453,774,664,598,410,4,319,417,404,473,162
2020,4,A,골목상권,1000940,거마로20길,1829,931,898,2,188,363,494,501,281,0,86,175,205,240,225,2,102,188,289,261,56
2020,4,A,골목상권,1000939,학동로77길,18382,7897,10485,81,3931,5147,4568,2902,1753,37,1378,2278,1797,1338,1069,44,2553,2869,2771,1564,684
2020,4,A,골목상권,1000938,학동로6길,12693,8132,4561,39,2720,4024,2934,1885,1091,26,1436,2695,2021,1219,735,13,1284,1329,913,666,356
2020,4,A,골목상권,1000937,학동로56길,14387,8425,5962,60,3263,4261,3139,2227,1437,29,1360,2374,2131,1487,1044,31,1903,1887,1008,740,393
2020,4,A,골목상권,1000936,학동로38길,25586,17465,8121,61,4794,7446,6044,3990,3251,17,2220,4888,4642,3174,2524,44,2574,2558,1402,816,727
2020,4,A,골목상권,1000935,테헤란로81길,55909,34430,21479,144,10080,21280,15399,6515,2491,56,4006,12817,11385,4644,1522,88,6074,8463,4014,1871,969
2020,4,A,골목상권,1000934,일원로9길,11032,3873,7159,31,3251,3561,2242,1333,614,3,670,1250,888,634,428,28,2581,2311,1354,699,186
2020,4,A,골목상권,1000933,일원로3길,3277,1943,1334,4,447,623,767,723,713,2,214,361,443,433,490,2,233,262,324,290,223
2020,4,A,골목상권,1000932,영동대로65길,35823,17183,18640,252,6607,8671,7946,7445,4902,110,3080,5179,4298,2640,1876,142,3527,3492,3648,4805,3026
2020,4,A,골목상권,1000931,영동대로112길,79440,60824,18616,152,15774,21126,21341,16831,4216,87,10103,15983,17682,14479,2490,65,5671,5143,3659,2352,1726
2020,4,A,골목상권,1000930,언주로81길,93504,56950,36554,187,17248,26811,24897,20075,4286,88,10236,18756,16178,8748,2944,99,7012,8055,8719,11327,1342
2020,4,A,골목상권,1000929,압구정로2길,12859,8055,4804,41,2476,3955,3398,2011,978,23,1102,2519,2284,1381,746,18,1374,1436,1114,630,232
2020,4,A,골목상권,1000928,선릉로18길,4438,2855,1583,57,877,1242,997,799,466,24,506,809,636,506,374,33,371,433,361,293,92
2020,4,A,골목상권,1000927,선릉로146길,21879,10989,10890,59,5999,7107,4597,2826,1291,15,1736,3412,2772,2148,906,44,4263,3695,1825,678,385
2020,4,A,골목상권,1000926,선릉로133길,21171,13647,7524,57,3803,6112,5428,3754,2017,13,1706,3650,3838,2839,1601,44,2097,2462,1590,915,416
2020,4,A,골목상권,1000925,선릉로132길,14797,8337,6460,62,2966,4134,3407,2601,1627,22,1265,2422,2118,1486,1024,40,1701,1712,1289,1115,603
2020,4,A,골목상권,1000924,선릉로121길,18000,11157,6843,53,3237,4976,4691,3250,1793,22,1435,2912,3203,2224,1361,31,1802,2064,1488,1026,432
2020,4,A,골목상권,1000923,삼성로75길,36407,23199,13208,154,5807,10785,10133,6080,3448,23,2523,6664,7248,4502,2239,131,3284,4121,2885,1578,1209
2020,4,A,골목상권,1000922,삼성로69길,8931,4633,4298,45,1557,2247,1999,1811,1272,28,693,1155,1038,925,794,17,864,1092,961,886,478
2020,4,A,골목상권,1000921,삼성로64길,35162,16304,18858,260,6558,8431,7767,7464,4682,105,3031,4961,4059,2487,1661,155,3527,3470,3708,4977,3021
2020,4,A,골목상권,1000920,삼성로63길,10667,5579,5088,41,1898,2740,2559,2177,1252,26,758,1441,1387,1197,770,15,1140,1299,1172,980,482
2020,4,A,골목상권,1000919,삼성로57길,6636,3581,3055,21,1190,1878,1701,1305,541,10,417,983,958,835,378,11,773,895,743,470,163
2020,4,A,골목상권,1000918,삼성로147길,12296,6043,6253,23,3433,3978,2326,1519,1017,7,1195,1958,1355,891,637,16,2238,2020,971,628,380
2020,4,A,골목상권,1000917,삼성로115길,13425,8468,4957,58,2827,3756,2883,1899,2002,22,1224,2494,2087,1222,1419,36,1603,1262,796,677,583
2020,4,A,골목상권,1000916,봉은사로68길,32233,21159,11074,60,4773,11509,9118,4497,2276,19,2142,7295,7189,3099,1415,41,2631,4214,1929,1398,861
2020,4,A,골목상권,1000915,봉은사로57길,9907,6461,3446,39,2215,3084,2106,1424,1039,25,1014,1834,1606,1150,832,14,1201,1250,500,274,207
2020,4,A,골목상권,1000914,봉은사로43길,24610,15242,9368,76,5118,7378,5787,3797,2454,32,2243,4420,3999,2674,1874,44,2875,2958,1788,1123,580
2020,4,A,골목상권,1000913,봉은사로29길,26224,16731,9493,70,5560,8193,6149,3958,2294,28,2449,5252,4379,2928,1695,42,3111,2941,1770,1030,599
2020,4,A,골목상권,1000912,봉은사로109길,24145,18222,5923,20,4868,7417,6774,4004,1062,6,2796,5509,5700,3406,805,14,2072,1908,1074,598,257
2020,4,A,골목상권,1000911,도산대로89길,15582,8941,6641,53,3591,4910,3627,2340,1061,25,1396,2918,2412,1412,778,28,2195,1992,1215,928,283
2020,4,A,골목상권,1000910,도산대로81길,27385,14619,12766,88,6799,9828,6003,3413,1254,32,2185,5140,3893,2419,950,56,4614,4688,2110,994,304
2020,4,A,골목상권,1000909,도산대로50길,22572,12409,10163,69,5440,7053,5252,3150,1608,22,1757,3485,3447,2427,1271,47,3683,3568,1805,723,337
2020,4,A,골목상권,1000908,도산대로38길,21627,12075,9552,49,4549,6686,5241,3289,1813,15,1620,3499,3348,2260,1333,34,2929,3187,1893,1029,480
2020,4,A,골목상권,1000907,도산대로30길,21588,11934,9654,79,5733,6495,4898,2782,1601,22,2154,3473,3199,1902,1184,57,3579,3022,1699,880,417
2020,4,A,골목상권,1000906,도산대로23길,14193,7539,6654,72,3880,4164,3152,1888,1037,21,1401,2263,1986,1139,729,51,2479,1901,1166,749,308
2020,4,A,골목상권,1000905,도산대로15길,11660,6658,5002,50,3189,3444,2432,1438,1107,14,1246,1951,1646,980,821,36,1943,1493,786,458,286
2020,4,A,골목상권,1000904,도곡로37길,35701,21132,14569,242,9630,10400,8608,4853,1968,84,4137,6467,5875,3069,1500,158,5493,3933,2733,1784,468
2020,4,A,골목상권,1000903,논현로8길,3256,2100,1156,4,503,741,725,654,629,1,248,485,459,431,476,3,255,256,266,223,153
2020,4,A,골목상권,1000902,논현로63길,36667,24758,11909,142,7242,9908,9605,7399,2371,42,2992,6291,7467,6076,1890,100,4250,3617,2138,1323,481
2020,4,A,골목상권,1000901,논현로28길,44952,23368,21584,229,8367,10518,13581,9175,3082,127,4058,6280,6374,4528,2001,102,4309,4238,7207,4647,1081
2020,4,A,골목상권,1000900,논현로26길,40746,21197,19549,210,7278,10726,12390,7170,2972,112,3624,6781,5771,2888,2021,98,3654,3945,6619,4282,951
2020,4,A,골목상권,1000899,논현로159길,7341,3388,3953,26,1678,2112,1628,1135,762,7,485,983,801,583,529,19,1193,1129,827,552,233
2020,4,A,골목상권,1000898,논현로139길,24381,14262,10119,100,6330,7345,5355,3137,2114,31,2532,4251,3691,2146,1611,69,3798,3094,1664,991,503
2020,4,A,골목상권,1000897,논현로123길,9592,5842,3750,41,2250,2774,2004,1467,1056,23,1098,1751,1356,890,724,18,1152,1023,648,577,332
2020,4,A,골목상권,1000896,논현로115길,23492,15502,7990,91,5412,7277,5283,3492,1937,49,2759,4778,3934,2581,1401,42,2653,2499,1349,911,536
2020,4,A,골목상권,1000895,논현로10길,5297,3312,1985,11,748,1190,1301,1096,951,3,375,745,791,659,739,8,373,445,510,437,212
2020,4,A,골목상권,1000894,논현로106길,13899,7758,6141,37,3054,4439,3228,1839,1302,14,1093,2548,2142,1076,885,23,1961,1891,1086,763,417
2020,4,A,골목상권,1000893,남부순환로365길,15923,10455,5468,81,2779,4396,4126,2593,1948,41,1329,3013,2997,1743,1332,40,1450,1383,1129,850,616
2020,4,A,골목상권,1000892,개포로82길,5032,3679,1353,5,764,1532,1246,879,606,3,466,1136,933,639,502,2,298,396,313,240,104
2020,4,A,골목상권,1000891,개포로28길,3568,2437,1131,10,596,991,913,613,445,3,294,656,675,423,386,7,302,335,238,190,59
2020,4,A,골목상권,1000890,개포로20길,12336,8232,4104,27,1910,3544,3270,2170,1415,11,988,2384,2354,1414,1081,16,922,1160,916,756,334
2020,4,A,골목상권,1000889,개포로17길,28812,12804,16008,106,4586,6834,9279,5716,2291,55,2221,3947,3251,1802,1528,51,2365,2887,6028,3914,763
2020,4,A,골목상권,1000888,강남대로140길,20953,11799,9154,51,4593,6512,4708,3179,1910,15,1631,3672,3101,1954,1426,36,2962,2840,1607,1225,484
2020,4,A,골목상권,1000887,강남대로136길,21883,13083,8800,48,4879,7114,5169,3066,1607,20,2064,4299,3523,2024,1153,28,2815,2815,1646,1042,454
2020,4,A,골목상권,1000886,강남대로118길,10604,6747,3857,61,2633,3254,2316,1419,921,42,1455,2142,1577,896,635,19,1178,1112,739,523,286
2020,4,A,골목상권,1000885,서초중앙로8길,38050,20954,17096,82,8143,9265,8034,10092,2434,24,2727,4762,4524,7107,1810,58,5416,4503,3510,2985,624
2020,4,A,골목상권,1000884,방배중앙로21길,16510,8458,8052,20,2629,4012,4628,2955,2266,7,832,1718,2309,1757,1835,13,1797,2294,2319,1198,431
2020,4,A,골목상권,1000883,효령로72길,24614,18420,6194,62,4386,8514,5977,4128,1547,23,2507,6534,4808,3459,1089,39,1879,1980,1169,669,458
2020,4,A,골목상권,1000882,효령로34길,9543,6126,3417,101,1530,2821,2430,1576,1085,32,778,1644,1705,1140,827,69,752,1177,725,436,258
2020,4,A,골목상권,1000881,효령로31길,10396,6972,3424,67,2283,3142,2320,1505,1079,54,1293,2175,1655,999,796,13,990,967,665,506,283
2020,4,A,골목상권,1000880,효령로23길,12360,8243,4117,70,2534,3561,2833,1887,1475,51,1396,2445,2027,1219,1105,19,1138,1116,806,668,370
2020,4,A,골목상권,1000879,청두곶길,13318,6766,6552,23,2174,3922,3771,2298,1130,8,761,1970,1855,1410,762,15,1413,1952,1916,888,368
2020,4,A,골목상권,1000878,주흥길,4434,2544,1890,5,758,1268,1079,818,506,1,301,746,698,452,346,4,457,522,381,366,160
2020,4,A,골목상권,1000877,주흥15길,8390,4402,3988,23,1897,2583,1908,1198,781,7,571,1379,1238,681,526,16,1326,1204,670,517,255
2020,4,A,골목상권,1000876,언남길,15684,10674,5010,57,2338,4446,4140,2875,1828,31,1297,3069,2963,1936,1378,26,1041,1377,1177,939,450
2020,4,A,골목상권,1000875,신반포로45길,9300,5414,3886,32,1924,2692,2293,1366,993,15,732,1544,1578,865,680,17,1192,1148,715,501,313
2020,4,A,골목상권,1000874,서초대로8길,8398,4185,4213,32,1337,2073,2131,1627,1198,17,529,1029,1017,810,783,15,808,1044,1114,817,415
2020,4,A,골목상권,1000873,서초대로64길,37600,20771,16829,57,7011,9434,8670,10586,1842,29,2689,5015,4514,7163,1361,28,4322,4419,4156,3423,481
2020,4,A,골목상권,1000872,서초대로4길,10140,4542,5598,28,1886,2617,2462,1862,1285,11,653,1116,1089,905,768,17,1233,1501,1373,957,517
2020,4,A,골목상권,1000871,서초대로25길,24314,16435,7879,106,4990,7269,5855,4164,1930,58,2305,4767,4433,3344,1528,48,2685,2502,1422,820,402
2020,4,A,골목상권,1000870,서초대로23길,14565,9691,4874,43,2337,3705,3867,3085,1528,22,1049,2314,2748,2370,1188,21,1288,1391,1119,715,340
2020,4,A,골목상권,1000869,서초대로15길,9192,5518,3674,30,1668,2228,2112,1684,1470,19,709,1313,1305,1049,1123,11,959,915,807,635,347
2020,4,A,골목상권,1000868,사평대로57길,9692,5277,4415,23,2181,2959,2377,1412,740,3,729,1591,1581,861,512,20,1452,1368,796,551,228
2020,4,A,골목상권,1000867,사평대로26길,8763,6278,2485,31,1301,2349,2263,1786,1033,13,701,1708,1772,1341,743,18,600,641,491,445,290
2020,4,A,골목상권,1000866,사평대로22길,83130,76093,7037,35,8034,17085,21932,32915,3129,16,6503,14918,20092,31859,2705,19,1531,2167,1840,1056,424
2020,4,A,골목상권,1000865,사임당로17길,18885,10560,8325,54,3095,5532,5094,3752,1358,32,1353,3183,2952,2067,973,22,1742,2349,2142,1685,385
2020,4,A,골목상권,1000864,방배로42길,19353,11886,7467,56,4076,5642,5020,3373,1186,21,1447,3361,3570,2531,956,35,2629,2281,1450,842,230
2020,4,A,골목상권,1000863,방배로35길,14040,8753,5287,45,2919,3994,3226,2662,1194,10,1039,2388,2311,2037,968,35,1880,1606,915,625,226
2020,4,A,골목상권,1000862,방배로18길,16840,11174,5666,81,3310,5220,4087,3098,1044,62,1567,3114,3035,2604,792,19,1743,2106,1052,494,252
2020,4,A,골목상권,1000861,반포대로9길,15176,11618,3558,15,1629,4660,4470,2975,1427,6,940,3607,3698,2393,974,9,689,1053,772,582,453
2020,4,A,골목상권,1000860,바우뫼로39길,39654,19271,20383,492,8808,9187,11046,6992,3129,236,4317,5422,4328,2604,2364,256,4491,3765,6718,4388,765
2020,4,A,골목상권,1000859,마방로2길,11756,8032,3724,54,1886,3149,2959,2368,1340,30,1016,2143,2116,1678,1049,24,870,1006,843,690,291
2020,4,A,골목상권,1000858,방배천로4안길,6670,3345,3325,11,1175,1741,1631,1195,917,3,392,798,816,709,627,8,783,943,815,486,290
2020,4,A,골목상권,1000857,동산로19길,14591,9621,4970,35,2268,4095,3799,2565,1829,17,1228,2718,2639,1669,1350,18,1040,1377,1160,896,479
2020,4,A,골목상권,1000856,동산로10길,9541,6026,3515,37,1657,2897,2324,1683,943,16,878,1823,1482,1116,711,21,779,1074,842,567,232
2020,4,A,골목상권,1000855,동광로39길,83553,76161,7392,42,8224,17347,22130,32757,3053,22,6604,15010,20184,31684,2657,20,1620,2337,1946,1073,396
2020,4,A,골목상권,1000854,동광로1길,18425,8873,9552,82,3241,4438,4954,3232,2478,67,997,1910,2270,1745,1884,15,2244,2528,2684,1487,594
2020,4,A,골목상권,1000853,동광로12길,16378,7732,8646,41,2860,3929,4673,3062,1813,19,968,1743,2280,1575,1147,22,1892,2186,2393,1487,666
2020,4,A,골목상권,1000852,논현로27길,43316,22358,20958,444,9311,10840,12210,7550,2961,214,4629,6597,5384,3167,2367,230,4682,4243,6826,4383,594
2020,4,A,골목상권,1000851,논현로1길,10640,6745,3895,39,2086,3148,2518,1816,1033,23,1269,2062,1534,1102,755,16,817,1086,984,714,278
2020,4,A,골목상권,1000850,남부순환로339길,10187,6065,4122,25,2320,3177,2368,1586,711,7,912,1974,1634,1031,507,18,1408,1203,734,555,204
2020,4,A,골목상권,1000849,남부순환로325길,21342,12721,8621,33,3446,6484,4846,4022,2511,12,1580,3541,3071,2698,1819,21,1866,2943,1775,1324,692
2020,4,A,골목상권,1000848,남부순환로317길,21593,13962,7631,26,3057,7074,5526,3765,2145,12,1416,4293,4011,2678,1552,14,1641,2781,1515,1087,593
2020,4,A,골목상권,1000847,고무래로8길,13873,8968,4905,51,1917,3635,3853,2761,1656,16,938,2304,2759,1866,1085,35,979,1331,1094,895,571
2020,4,A,골목상권,1000846,강남대로8길,28099,21600,6499,54,3219,6302,8273,8682,1569,26,1934,4597,6382,7416,1245,28,1285,1705,1891,1266,324
2020,4,A,골목상권,1000845,강남대로34길,19439,13196,6243,115,3510,5603,4524,3149,2538,57,1887,3958,3327,2118,1849,58,1623,1645,1197,1031,689
2020,4,A,골목상권,1000844,강남대로23길,17856,11217,6639,338,5243,5177,3755,2270,1073,156,2717,3479,2668,1415,782,182,2526,1698,1087,855,291
2020,4,A,골목상권,1000843,소담길,1287,662,625,0,188,300,337,255,207,0,66,145,154,137,160,0,122,155,183,118,47
2020,4,A,골목상권,1000842,원신길,810,406,404,8,99,206,220,189,88,2,29,89,125,91,70,6,70,117,95,98,18
2020,4,A,골목상권,1000841,양지길,354,148,206,2,30,61,112,93,56,1,5,15,49,44,34,1,25,46,63,49,22
2020,4,A,골목상권,1000840,양산길,658,370,288,1,97,127,198,167,68,0,47,70,118,92,43,1,50,57,80,75,25
2020,4,A,골목상권,1000839,호암로24길,2828,2180,648,5,419,643,839,667,255,2,283,486,669,544,196,3,136,157,170,123,59
2020,4,A,골목상권,1000838,호암로20길,2148,1594,554,8,357,601,628,393,161,1,240,436,498,294,125,7,117,165,130,99,36
2020,4,A,골목상권,1000837,행운길,6560,3975,2585,22,1181,1767,1468,1253,869,12,575,1123,909,722,634,10,606,644,559,531,235
2020,4,A,골목상권,1000836,행운1길,2989,1601,1388,16,488,629,710,702,444,10,208,318,380,387,298,6,280,311,330,315,146
2020,4,A,골목상권,1000835,청림3길,3726,2032,1694,5,570,1164,1162,590,235,4,250,635,647,337,159,1,320,529,515,253,76
2020,4,A,골목상권,1000834,청룡길,3032,1441,1591,7,506,751,716,533,519,3,132,305,363,308,330,4,374,446,353,225,189
2020,4,A,골목상권,1000833,청룡8길,2383,1069,1314,2,343,507,533,536,462,1,108,243,246,247,224,1,235,264,287,289,238
2020,4,A,골목상권,1000832,중앙길,2697,1260,1437,8,412,587,710,591,389,4,126,274,344,310,202,4,286,313,366,281,187
2020,4,A,골목상권,1000831,조원중앙로2길,6070,4212,1858,10,723,1022,1192,1113,2010,5,360,655,733,691,1768,5,363,367,459,422,242
2020,4,A,골목상권,1000830,조원로18길,6128,4664,1464,4,721,1400,1460,1014,1529,2,343,995,1136,762,1426,2,378,405,324,252,103
2020,4,A,골목상권,1000829,조원로10길,16779,9737,7042,39,3618,5716,4238,1962,1206,17,1555,3402,2671,1244,848,22,2063,2314,1567,718,358
2020,4,A,골목상권,1000828,장군봉2길,2452,1262,1190,4,370,521,484,571,502,2,128,264,257,288,323,2,242,257,227,283,179
2020,4,A,골목상권,1000827,장군봉1길,2517,1160,1357,2,375,556,567,551,466,1,126,266,274,269,224,1,249,290,293,282,242
2020,4,A,골목상권,1000826,인헌길,1704,889,815,7,274,443,484,355,141,4,127,246,248,161,103,3,147,197,236,194,38
2020,4,A,골목상권,1000825,은천로25길,1614,689,925,1,259,404,464,313,173,0,76,186,206,138,83,1,183,218,258,175,90
2020,4,A,골목상권,1000824,양녕로6길,2361,1110,1251,7,291,416,526,587,534,4,107,202,242,297,258,3,184,214,284,290,276
2020,4,A,골목상권,1000823,신원로3길,1829,969,860,5,172,307,365,418,562,0,82,163,207,212,305,5,90,144,158,206,257
2020,4,A,골목상권,1000822,신사로20길,2857,2160,697,1,454,818,905,519,160,1,216,615,773,439,116,0,238,203,132,80,44
2020,4,A,골목상권,1000821,신림로65길,2412,1329,1083,6,213,327,521,544,801,2,78,164,278,282,525,4,135,163,243,262,276
2020,4,A,골목상권,1000820,신림로64길,2304,913,1391,6,538,542,475,455,288,2,132,202,231,166,180,4,406,340,244,289,108
2020,4,A,골목상권,1000819,신림로48길,1224,556,668,6,173,227,241,296,281,1,75,122,119,108,131,5,98,105,122,188,150
2020,4,A,골목상권,1000818,신림로38길,1620,931,689,7,227,303,399,353,331,1,117,162,222,209,220,6,110,141,177,144,111
2020,4,A,골목상권,1000817,신림로28길,3185,2328,857,10,485,649,876,744,421,2,323,487,658,570,288,8,162,162,218,174,133
2020,4,A,골목상권,1000816,신림로11길,2928,2185,743,3,448,733,802,692,250,1,273,511,640,557,203,2,175,222,162,135,47
2020,4,A,골목상권,1000815,신림동길,2508,1472,1036,4,257,387,584,563,713,2,115,202,314,325,514,2,142,185,270,238,199
2020,4,A,골목상권,1000814,승방길,3114,2065,1049,7,575,763,809,576,384,5,304,522,561,400,273,2,271,241,248,176,111
2020,4,A,골목상권,1000813,서림7길,1807,1219,588,3,188,296,492,545,283,1,94,164,333,401,226,2,94,132,159,144,57
2020,4,A,골목상권,1000812,봉천로33길,4896,2257,2639,12,705,949,1077,1311,842,1,214,419,507,611,505,11,491,530,570,700,337
2020,4,A,골목상권,1000811,봉천로13길,2022,1107,915,4,267,425,445,460,421,1,114,220,243,242,287,3,153,205,202,218,134
2020,4,A,골목상권,1000810,복은길,1880,1060,820,8,275,361,475,394,367,2,138,188,251,236,245,6,137,173,224,158,122
2020,4,A,골목상권,1000809,법원단지길,767,374,393,10,102,156,168,202,129,7,39,77,79,92,80,3,63,79,89,110,49
2020,4,A,골목상권,1000808,법원단지9길,902,487,415,10,108,180,219,248,137,7,39,95,115,142,89,3,69,85,104,106,48
2020,4,A,골목상권,1000807,미성5길,1372,661,711,16,179,256,305,348,268,13,76,132,150,137,153,3,103,124,155,211,115
2020,4,A,골목상권,1000806,대학길,2550,2069,481,3,369,588,728,612,250,1,250,467,625,522,204,2,119,121,103,90,46
2020,4,A,골목상권,1000805,대학14길,1204,702,502,5,155,307,328,255,154,2,54,164,216,154,112,3,101,143,112,101,42
2020,4,A,골목상권,1000804,당곡길,3119,1744,1375,9,481,627,732,635,635,5,228,340,406,324,441,4,253,287,326,311,194
2020,4,A,골목상권,1000803,남현길,2714,1713,1001,0,391,639,718,504,462,0,171,393,485,315,349,0,220,246,233,189,113
2020,4,A,골목상권,1000802,남현3길,5523,3108,2415,8,1036,1416,1438,974,651,4,446,769,810,589,490,4,590,647,628,385,161
2020,4,A,골목상권,1000801,남현2길,3073,1912,1161,0,427,708,848,596,494,0,186,432,557,363,374,0,241,276,291,233,120
2020,4,A,골목상권,1000800,남부순환로248길,1853,971,882,9,291,518,486,332,217,7,104,267,245,173,175,2,187,251,241,159,42
2020,4,A,골목상권,1000799,남부순환로234길,4031,2679,1352,9,636,1259,802,714,611,6,309,864,515,479,506,3,327,395,287,235,105
2020,4,A,골목상권,1000798,남부순환로172길,1997,1171,826,1,280,526,428,417,345,1,124,298,254,264,230,0,156,228,174,153,115
2020,4,A,골목상권,1000797,남부순환로161길,4573,3124,1449,2,711,1290,1260,880,430,2,331,893,969,644,285,0,380,397,291,236,145
2020,4,A,골목상권,1000796,남부순환로151길,4734,3287,1447,6,738,1345,1363,927,355,4,350,948,1065,664,256,2,388,397,298,263,99
2020,4,A,골목상권,1000795,남부순환로142길,5112,3566,1546,18,457,846,934,918,1939,13,227,487,579,550,1710,5,230,359,355,368,229
2020,4,A,골목상권,1000794,난향길,1320,654,666,1,150,285,366,288,230,0,41,130,153,147,183,1,109,155,213,141,47
2020,4,A,골목상권,1000793,난우길,1334,638,696,21,163,273,289,354,234,16,67,117,125,168,145,5,96,156,164,186,89
2020,4,A,골목상권,1000792,난곡로74길,3239,2365,874,1,506,930,1014,595,193,1,239,690,834,464,137,0,267,240,180,131,56
2020,4,A,골목상권,1000791,난곡로34길,818,394,424,9,105,170,199,250,85,7,41,88,92,115,51,2,64,82,107,135,34
2020,4,A,골목상권,1000790,난곡로26길,1137,601,536,0,134,223,287,316,177,0,52,108,139,170,132,0,82,115,148,146,45
2020,4,A,골목상권,1000789,난곡로24길,1189,652,537,0,120,238,301,353,177,0,53,114,146,202,137,0,67,124,155,151,40
2020,4,A,골목상권,1000788,낙성대역길,5705,3605,2100,21,1084,1588,1265,940,807,11,500,1026,806,616,646,10,584,562,459,324,161
2020,4,A,골목상권,1000787,국회단지길,2886,1216,1670,14,430,565,664,833,380,2,117,248,322,288,239,12,313,317,342,545,141
2020,4,A,골목상권,1000786,구암길,1433,682,751,1,240,383,445,255,109,1,74,172,224,138,73,0,166,211,221,117,36
2020,4,A,골목상권,1000785,관천로22길,3943,2336,1607,8,544,963,1075,789,564,6,260,543,618,485,424,2,284,420,457,304,140
2020,4,A,골목상권,1000784,관천로15길,3272,2397,875,2,508,897,1026,641,198,2,245,663,829,518,140,0,263,234,197,123,58
2020,4,A,골목상권,1000783,관악로30길,3154,1519,1635,8,425,656,786,797,482,5,168,308,407,372,259,3,257,348,379,425,223
2020,4,A,골목상권,1000782,관악로28길,2354,1060,1294,7,280,460,567,648,392,4,95,189,275,291,206,3,185,271,292,357,186
2020,4,A,골목상권,1000781,관악로14길,6902,3781,3121,24,1181,2103,1553,1366,675,13,463,1100,860,849,496,11,718,1003,693,517,179
2020,4,A,골목상권,1000780,관악로10길,6564,4205,2359,15,997,2014,1505,1488,545,10,541,1285,942,1026,401,5,456,729,563,462,144
2020,4,A,골목상권,1000779,흑석로9길,670,368,302,1,107,148,180,141,93,0,48,87,98,71,64,1,59,61,82,70,29
2020,4,A,골목상권,1000778,흑석로13길,910,490,420,1,116,197,247,209,140,0,50,108,131,112,89,1,66,89,116,97,51
2020,4,A,골목상권,1000777,장승배기로27길,6829,3923,2906,19,976,2199,1812,1277,546,5,448,1164,1098,869,339,14,528,1035,714,408,207
2020,4,A,골목상권,1000776,장승배기로19길,2239,1229,1010,2,386,493,520,518,320,1,253,268,252,270,185,1,133,225,268,248,135
2020,4,A,골목상권,1000775,장승배기로10길,2989,1629,1360,14,453,643,709,723,447,8,284,369,374,340,254,6,169,274,335,383,193
2020,4,A,골목상권,1000774,여의대방로46길,6848,3977,2871,21,1161,2066,1822,1195,583,6,496,1267,1140,684,384,15,665,799,682,511,199
2020,4,A,골목상권,1000773,여의대방로24길,20339,12832,7507,53,3857,4058,3357,4807,4207,28,2884,3206,2158,2339,2217,25,973,852,1199,2468,1990
2020,4,A,골목상권,1000772,여의대방로22카길,18726,11820,6906,49,3543,3601,3077,4537,3919,25,2778,2902,1948,2136,2031,24,765,699,1129,2401,1888
2020,4,A,골목상권,1000771,여의대방로22나길,18445,11776,6669,50,3585,3615,2945,4402,3848,26,2813,2950,1896,2090,2001,24,772,665,1049,2312,1847
2020,4,A,골목상권,1000770,여의대방로22길,18481,11777,6704,51,3563,3569,2965,4450,3883,27,2804,2909,1894,2125,2018,24,759,660,1071,2325,1865
2020,4,A,골목상권,1000769,양녕로26길,1882,1191,691,3,208,407,440,527,297,2,106,241,296,399,147,1,102,166,144,128,150
2020,4,A,골목상권,1000768,신대방길,5744,3165,2579,19,1364,1446,1297,971,647,13,504,867,791,542,448,6,860,579,506,429,199
2020,4,A,골목상권,1000767,성대로29길,1658,762,896,2,224,316,366,429,321,1,97,153,150,202,159,1,127,163,216,227,162
2020,4,A,골목상권,1000766,성대로1길,1289,555,734,2,117,238,324,321,287,1,40,113,135,128,138,1,77,125,189,193,149
2020,4,A,골목상권,1000765,서달로8가길,403,153,250,1,52,56,103,110,81,0,11,18,38,40,46,1,41,38,65,70,35
2020,4,A,골목상권,1000764,서달로15길,594,279,315,1,66,104,168,155,100,0,16,40,81,78,64,1,50,64,87,77,36
2020,4,A,골목상권,1000763,서달로14길,539,257,282,1,64,98,142,136,98,0,19,40,63,71,64,1,45,58,79,65,34
2020,4,A,골목상권,1000762,서달로10길,654,357,297,0,96,152,157,148,101,0,55,95,81,69,57,0,41,57,76,79,44
2020,4,A,골목상권,1000761,상도로62길,1933,1117,816,1,153,362,550,527,340,0,61,169,314,311,262,1,92,193,236,216,78
2020,4,A,골목상권,1000760,상도로61길,3697,2231,1466,2,394,1053,1227,711,310,1,181,582,728,474,265,1,213,471,499,237,45
2020,4,A,골목상권,1000759,상도로47길,4010,2271,1739,9,727,1086,924,812,452,2,295,617,564,515,278,7,432,469,360,297,174
2020,4,A,골목상권,1000758,상도로37길,3599,2069,1530,10,672,958,800,740,419,2,280,566,495,470,256,8,392,392,305,270,163
2020,4,A,골목상권,1000757,상도로15길,1942,868,1074,3,243,407,492,433,364,1,97,191,200,190,189,2,146,216,292,243,175
2020,4,A,골목상권,1000756,사당로8길,3051,1713,1338,5,420,652,846,673,455,2,233,371,412,358,337,3,187,281,434,315,118
2020,4,A,골목상권,1000755,사당로30길,4369,2277,2092,10,835,1153,1133,825,413,3,260,553,638,536,287,7,575,600,495,289,126
2020,4,A,골목상권,1000754,사당로2차길,1302,661,641,1,117,247,369,351,217,0,51,97,163,189,161,1,66,150,206,162,56
2020,4,A,골목상권,1000753,사당로29길,2228,971,1257,8,346,546,597,423,308,2,115,239,240,179,196,6,231,307,357,244,112
2020,4,A,골목상권,1000752,사당로26길,2913,1431,1482,9,462,693,827,564,358,3,125,313,394,328,268,6,337,380,433,236,90
2020,4,A,골목상권,1000751,사당로23나길,812,325,487,6,86,151,226,231,112,2,31,64,86,83,59,4,55,87,140,148,53
2020,4,A,골목상권,1000750,사당로23길,2564,1477,1087,2,375,669,724,589,205,0,155,372,462,340,148,2,220,297,262,249,57
2020,4,A,골목상권,1000749,사당로20길,2063,1118,945,2,202,327,503,461,568,1,68,173,235,242,399,1,134,154,268,219,169
2020,4,A,골목상권,1000748,사당로16길,2477,1382,1095,5,230,400,562,527,753,4,89,206,258,287,538,1,141,194,304,240,215
2020,4,A,골목상권,1000747,사당로16가길,2654,1356,1298,4,250,442,656,587,715,1,100,198,276,290,491,3,150,244,380,297,224
2020,4,A,골목상권,1000746,만양로8길,3874,2130,1744,16,458,910,1022,916,552,12,220,525,600,457,316,4,238,385,422,459,236
2020,4,A,골목상권,1000745,만양로14길,2229,1309,920,5,276,620,582,441,305,3,124,366,376,257,183,2,152,254,206,184,122
2020,4,A,골목상권,1000744,등용로14길,7845,4648,3197,23,1135,2520,2134,1471,562,5,551,1437,1312,971,372,18,584,1083,822,500,190
2020,4,A,골목상권,1000743,동작대로7길,6637,3536,3101,14,1181,1731,1791,1201,719,5,378,879,981,748,545,9,803,852,810,453,174
2020,4,A,골목상권,1000742,동작대로35길,10962,4797,6165,17,1959,2951,3541,1891,603,7,626,1219,1646,977,322,10,1333,1732,1895,914,281
2020,4,A,골목상권,1000741,동작대로33길,11847,5006,6841,21,2065,3104,3615,2141,901,7,655,1273,1648,1003,420,14,1410,1831,1967,1138,481
2020,4,A,골목상권,1000740,동작대로29길,994,517,477,11,141,240,257,220,125,4,62,144,150,95,62,7,79,96,107,125,63
2020,4,A,골목상권,1000739,동작대로17길,5364,2626,2738,17,970,1213,1289,1038,837,7,293,560,624,565,577,10,677,653,665,473,260
2020,4,A,골목상권,1000738,대방동2길,17384,11015,6369,45,3429,3433,2729,4199,3549,24,2705,2797,1735,1952,1802,21,724,636,994,2247,1747
2020,4,A,골목상권,1000737,대방동27길,6476,4371,2105,8,1104,1427,1274,1795,868,4,608,983,873,1329,574,4,496,444,401,466,294
2020,4,A,골목상권,1000736,노량진로6길,6430,3598,2832,12,829,2037,1763,1276,513,3,377,1057,1021,823,317,9,452,980,742,453,196
2020,4,A,골목상권,1000735,국사봉길,1329,794,535,0,156,279,375,333,186,0,89,167,226,187,125,0,67,112,149,146,61
2020,4,A,골목상권,1000734,국사봉2길,16980,10887,6093,45,3354,3282,2656,4132,3511,24,2691,2728,1718,1933,1793,21,663,554,938,2199,1718
2020,4,A,골목상권,1000733,국사봉1길,1584,785,799,1,131,293,392,425,342,1,56,160,203,193,172,0,75,133,189,232,170
2020,4,A,골목상권,1000732,영신로9길,4324,2392,1932,35,628,983,987,1093,598,16,266,472,564,669,405,19,362,511,423,424,193
2020,4,A,골목상권,1000731,영등포로84길,3623,1678,1945,5,644,828,853,768,525,0,208,415,432,325,298,5,436,413,421,443,227
2020,4,A,골목상권,1000730,영등포로80길,3868,1857,2011,5,675,857,902,843,586,0,227,446,467,376,341,5,448,411,435,467,245
2020,4,A,골목상권,1000729,영등포로62길,1535,807,728,0,180,291,398,358,308,0,90,154,209,172,182,0,90,137,189,186,126
2020,4,A,골목상권,1000728,영등포로35길,3743,2275,1468,13,481,839,982,801,627,3,199,498,671,501,403,10,282,341,311,300,224
2020,4,A,골목상권,1000727,영등포로27길,5132,3063,2069,16,646,1200,1379,1042,849,7,257,654,882,657,606,9,389,546,497,385,243
2020,4,A,골목상권,1000726,영등포로25길,4637,2851,1786,11,528,977,1227,968,926,8,233,526,752,628,704,3,295,451,475,340,222
2020,4,A,골목상권,1000725,여의대방로61길,2949,1404,1545,7,608,751,745,478,360,1,203,349,366,243,242,6,405,402,379,235,118
2020,4,A,골목상권,1000724,여의대방로43나길,5885,4255,1630,6,967,1226,1133,1796,757,3,627,927,831,1350,517,3,340,299,302,446,240
2020,4,A,골목상권,1000723,여의대방로39길,4878,3529,1349,7,977,1162,986,1391,355,4,580,851,736,1108,250,3,397,311,250,283,105
2020,4,A,골목상권,1000722,여의대방로35길,3514,2250,1264,10,543,813,758,681,709,6,255,551,506,431,501,4,288,262,252,250,208
2020,4,A,골목상권,1000721,양평로28길,4121,2648,1473,9,479,886,1062,1067,618,5,262,568,640,676,497,4,217,318,422,391,121
2020,4,A,골목상권,1000720,양평로22라길,3947,2397,1550,9,528,912,1053,971,474,7,246,533,641,592,378,2,282,379,412,379,96
2020,4,A,골목상권,1000719,양평로19길,12312,6912,5400,37,2423,3545,3426,1789,1092,14,1069,2162,1915,964,788,23,1354,1383,1511,825,304
2020,4,A,골목상권,1000718,신길로60길,2096,1143,953,6,233,502,492,463,400,3,101,231,241,257,310,3,132,271,251,206,90
2020,4,A,골목상권,1000717,신길로42길,2009,1150,859,1,285,382,450,463,428,0,134,216,245,248,307,1,151,166,205,215,121
2020,4,A,골목상권,1000716,신길로42가길,2613,1392,1221,2,300,531,552,602,626,0,115,242,257,330,448,2,185,289,295,272,178
2020,4,A,골목상권,1000715,신길로39길,1624,885,739,3,153,276,372,412,408,3,56,129,191,217,289,0,97,147,181,195,119
2020,4,A,골목상권,1000714,신길로17길,2074,1208,866,10,201,480,645,489,249,6,111,294,326,293,178,4,90,186,319,196,71
2020,4,A,골목상권,1000713,선유서로28길,8052,4859,3193,42,1648,1899,1904,1475,1084,16,782,1211,1134,885,831,26,866,688,770,590,253
2020,4,A,골목상권,1000712,선유서로25길,5139,3803,1336,16,639,1291,1234,1015,944,8,380,982,931,738,764,8,259,309,303,277,180
2020,4,A,골목상권,1000711,선유서로24길,21565,11414,10151,134,5245,5295,4660,4210,2021,41,2258,3680,2454,1433,1548,93,2987,1615,2206,2777,473
2020,4,A,골목상권,1000710,선유로55길,11192,6156,5036,34,2214,3241,3133,1594,976,12,909,1925,1762,863,685,22,1305,1316,1371,731,291
2020,4,A,골목상권,1000709,디지털로74길,3431,1633,1798,8,825,802,852,647,297,5,236,391,415,370,216,3,589,411,437,277,81
2020,4,A,골목상권,1000708,디지털로57길,3660,2126,1534,6,365,498,748,904,1139,2,138,274,418,537,757,4,227,224,330,367,382
2020,4,A,골목상권,1000707,디지털로37길,4034,2188,1846,14,496,685,822,869,1148,4,168,334,424,498,760,10,328,351,398,371,388
2020,4,A,골목상권,1000706,도신로62길,2200,1144,1056,1,286,498,432,527,456,0,136,293,252,234,229,1,150,205,180,293,227
2020,4,A,골목상권,1000705,도신로60길,1226,653,573,0,195,316,261,240,214,0,101,172,136,130,114,0,94,144,125,110,100
2020,4,A,골목상권,1000704,도신로29길,1719,1132,587,6,200,400,496,391,226,4,96,271,345,264,152,2,104,129,151,127,74
2020,4,A,골목상권,1000703,도신로15길,2731,1586,1145,13,351,604,689,593,481,9,113,303,382,417,362,4,238,301,307,176,119
2020,4,A,골목상권,1000702,도림천로21길,16544,9657,6887,62,3622,5751,4140,1811,1158,25,1584,3459,2646,1167,776,37,2038,2292,1494,644,382
2020,4,A,골목상권,1000701,도림로63길,1116,737,379,1,109,196,295,301,214,1,67,121,196,185,167,0,42,75,99,116,47
2020,4,A,골목상권,1000700,도림로147길,7404,4074,3330,18,1114,1583,1783,1996,910,8,551,993,1053,914,555,10,563,590,730,1082,355
2020,4,A,골목상권,1000699,도림로112길,2150,1459,691,15,234,495,588,503,315,12,114,332,403,351,247,3,120,163,185,152,68
2020,4,A,골목상권,1000698,대림로8길,4605,2251,2354,2,1248,1295,964,692,404,2,397,692,541,364,255,0,851,603,423,328,149
2020,4,A,골목상권,1000697,대림로7길,4645,2570,2075,23,889,1417,1171,731,414,10,390,839,617,439,275,13,499,578,554,292,139
2020,4,A,골목상권,1000696,대림로44길,3546,2539,1007,12,462,923,1058,707,384,4,238,679,832,498,288,8,224,244,226,209,96
2020,4,A,골목상권,1000695,대림로34길,4794,3313,1481,17,573,1130,1337,1040,697,5,302,803,978,691,534,12,271,327,359,349,163
2020,4,A,골목상권,1000694,대림로31길,10368,6914,3454,23,1094,2203,2562,2468,2018,10,623,1669,1934,1500,1178,13,471,534,628,968,840
2020,4,A,골목상권,1000693,대림로29길,4656,2704,1952,8,477,756,1032,1146,1237,3,202,437,581,669,812,5,275,319,451,477,425
2020,4,A,골목상권,1000692,대림로22길,2553,1429,1124,4,346,439,576,665,523,0,120,239,318,379,373,4,226,200,258,286,150
2020,4,A,골목상권,1000691,당산로46길,8780,6183,2597,24,1222,2120,2253,1927,1234,7,607,1407,1660,1519,983,17,615,713,593,408,251
2020,4,A,골목상권,1000690,당산로38길,8580,5024,3556,27,1840,2474,1641,1561,1037,16,831,1378,1033,1030,736,11,1009,1096,608,531,301
2020,4,A,골목상권,1000689,당산로37길,15876,8761,7115,47,3483,4772,3765,2292,1517,19,1432,2703,2175,1412,1020,28,2051,2069,1590,880,497
2020,4,A,골목상권,1000688,당산로31길,10118,5475,4643,23,1984,2768,1970,1996,1377,12,921,1575,1172,1036,759,11,1063,1193,798,960,618
2020,4,A,골목상권,1000687,국회대로56길,7059,4101,2958,19,1498,1616,1611,1355,960,8,503,894,1064,912,720,11,995,722,547,443,240
2020,4,A,골목상권,1000686,경인로90길,8808,5069,3739,42,1724,2588,2335,1430,689,12,663,1422,1475,944,553,30,1061,1166,860,486,136
2020,4,A,골목상권,1000685,경인로80길,7895,4673,3222,27,1441,2116,2130,1375,806,12,590,1213,1330,869,659,15,851,903,800,506,147
2020,4,A,골목상권,1000684,경인로77길,9316,5310,4006,29,1778,2513,2454,1603,939,13,707,1384,1482,980,744,16,1071,1129,972,623,195
2020,4,A,골목상권,1000683,가마산로61길,1070,583,487,2,103,236,288,262,179,2,38,119,148,149,127,0,65,117,140,113,52
2020,4,A,골목상권,1000682,시흥대로94길,3087,1766,1321,5,376,577,670,873,586,1,181,319,357,475,433,4,195,258,313,398,153
2020,4,A,골목상권,1000681,시흥대로84길,2024,1141,883,7,263,457,509,515,273,7,154,272,276,239,193,0,109,185,233,276,80
2020,4,A,골목상권,1000680,시흥대로68길,3004,1558,1446,17,589,756,680,628,334,12,262,413,337,291,243,5,327,343,343,337,91
2020,4,A,골목상권,1000679,시흥대로63길,4531,2302,2229,14,696,1219,1043,1045,514,9,287,547,499,618,342,5,409,672,544,427,172
2020,4,A,골목상권,1000678,시흥대로62가길,1944,884,1060,7,319,366,487,501,264,6,131,171,219,198,159,1,188,195,268,303,105
2020,4,A,골목상권,1000677,시흥대로36길,6991,3889,3102,12,537,1047,1616,1813,1966,3,263,660,896,911,1156,9,274,387,720,902,810
2020,4,A,골목상권,1000676,시흥대로22길,7401,4380,3021,13,527,1004,1703,1940,2214,4,281,663,978,1049,1405,9,246,341,725,891,809
2020,4,A,골목상권,1000675,시흥대로153길,2904,1507,1397,14,271,410,599,654,956,3,147,225,331,361,440,11,124,185,268,293,516
2020,4,A,골목상권,1000674,시흥대로150길,2340,1417,923,11,307,444,603,596,379,2,156,255,331,374,299,9,151,189,272,222,80
2020,4,A,골목상권,1000673,시흥대로141길,2749,1758,991,11,335,507,624,710,562,1,182,304,358,472,441,10,153,203,266,238,121
2020,4,A,골목상권,1000672,시흥대로138길,1885,1086,799,3,234,356,463,464,365,2,140,212,278,251,203,1,94,144,185,213,162
2020,4,A,골목상권,1000671,시흥대로120길,2685,1613,1072,5,314,444,570,715,637,2,180,268,334,415,414,3,134,176,236,300,223
2020,4,A,골목상권,1000670,벚꽃로56길,44541,28679,15862,163,9094,13920,10927,6197,4240,105,4666,9107,7715,4003,3083,58,4428,4813,3212,2194,1157
2020,4,A,골목상권,1000669,범안로17길,8980,5829,3151,19,545,998,1226,1814,4378,17,335,683,803,1147,2844,2,210,315,423,667,1534
2020,4,A,골목상권,1000668,범안로11길,24441,16601,7840,68,2868,5378,5207,4561,6359,51,1714,3778,3789,3075,4194,17,1154,1600,1418,1486,2165
2020,4,A,골목상권,1000667,문성로5길,4518,3205,1313,5,299,651,854,812,1897,4,173,355,505,470,1698,1,126,296,349,342,199
2020,4,A,골목상권,1000666,독산로85길,1373,751,622,0,160,246,286,380,301,0,102,161,153,181,154,0,58,85,133,199,147
2020,4,A,골목상권,1000665,독산로78다길,1317,707,610,0,120,198,249,349,401,0,74,119,119,165,230,0,46,79,130,184,171
2020,4,A,골목상권,1000664,독산로70길,1667,951,716,1,164,263,322,430,487,0,89,139,159,241,323,1,75,124,163,189,164
2020,4,A,골목상권,1000663,독산로64길,1552,838,714,1,188,284,316,426,337,0,104,110,124,234,266,1,84,174,192,192,71
2020,4,A,골목상권,1000662,독산로50길,969,596,373,9,148,191,288,236,97,6,89,132,169,128,72,3,59,59,119,108,25
2020,4,A,골목상권,1000661,독산로40길,1493,907,586,13,224,305,427,378,146,10,140,213,255,180,109,3,84,92,172,198,37
2020,4,A,골목상권,1000660,독산로108길,5051,3636,1415,3,382,851,963,951,1901,2,222,511,600,604,1697,1,160,340,363,347,204
2020,4,A,골목상권,1000659,남부순환로112길,3662,2186,1476,10,389,688,793,691,1091,6,223,423,513,447,574,4,166,265,280,244,517
2020,4,A,골목상권,1000658,금하로24길,1694,977,717,6,190,373,401,418,306,6,101,216,209,248,197,0,89,157,192,170,109
2020,4,A,골목상권,1000657,금하로1길,1309,861,448,13,192,244,273,324,263,11,121,165,185,179,200,2,71,79,88,145,63
2020,4,A,골목상권,1000656,금하로14길,1288,607,681,2,125,205,348,360,248,1,49,93,161,171,132,1,76,112,187,189,116
2020,4,A,골목상권,1000655,가산로5길,9154,5413,3741,23,1390,2300,2163,1803,1475,18,787,1411,1336,1023,838,5,603,889,827,780,637
2020,4,A,골목상권,1000654,가산로3길,23895,16021,7874,85,4033,6853,5823,4192,2909,51,2156,4728,4260,2809,2017,34,1877,2125,1563,1383,892
2020,4,A,골목상권,1000653,중앙로1길,4765,2842,1923,4,529,1030,1138,1158,906,3,272,559,578,685,745,1,257,471,560,473,161
2020,4,A,골목상권,1000652,중앙로15길,1933,1250,683,4,260,436,459,525,249,2,164,302,293,302,187,2,96,134,166,223,62
2020,4,A,골목상권,1000651,우마길,5342,3270,2072,25,833,1287,1361,1038,798,17,423,788,849,644,549,8,410,499,512,394,249
2020,4,A,골목상권,1000650,오류로8길,3811,2518,1293,0,495,828,1007,944,537,0,343,518,637,630,390,0,152,310,370,314,147
2020,4,A,골목상권,1000649,신도림로13길,4873,3666,1207,8,483,1532,1346,976,528,7,274,1166,1084,739,396,1,209,366,262,237,132
2020,4,A,골목상권,1000648,새말로18길,4598,2651,1947,27,706,1196,1260,917,492,22,309,679,715,580,346,5,397,517,545,337,146
2020,4,A,골목상권,1000647,부일로1길,1888,1465,423,18,192,326,368,542,442,18,141,226,251,420,409,0,51,100,117,122,33
2020,4,A,골목상권,1000646,부일로15길,1310,802,508,5,102,218,319,369,297,3,47,111,192,236,213,2,55,107,127,133,84
2020,4,A,골목상권,1000645,부일로11길,1720,1024,696,5,168,338,435,483,291,2,80,194,255,302,191,3,88,144,180,181,100
2020,4,A,골목상권,1000644,디지털로32길,31052,18997,12055,82,6292,10839,8243,3635,1961,41,3001,6929,5356,2275,1395,41,3291,3910,2887,1360,566
2020,4,A,골목상권,1000643,디지털로32가길,30685,18890,11795,91,6090,10431,8067,3738,2268,44,2879,6638,5296,2379,1654,47,3211,3793,2771,1359,614
2020,4,A,골목상권,1000642,디지털로27길,25237,17450,7787,110,5318,8414,6118,3275,2002,74,2853,5869,4654,2327,1673,36,2465,2545,1464,948,329
2020,4,A,골목상권,1000641,도림로6길,6429,3922,2507,27,1035,1625,1619,1139,984,17,516,990,1001,717,681,10,519,635,618,422,303
2020,4,A,골목상권,1000640,도림로12길,4678,3284,1394,31,973,1404,1228,671,371,25,611,1005,911,451,281,6,362,399,317,220,90
2020,4,A,골목상권,1000639,남부순환로97길,6429,3568,2861,39,1174,1596,1362,1449,809,20,683,1075,689,609,492,19,491,521,673,840,317
2020,4,A,골목상권,1000638,구로중앙로8길,3151,2084,1067,3,289,590,787,902,580,2,135,345,514,657,431,1,154,245,273,245,149
2020,4,A,골목상권,1000637,구로중앙로7길,2087,1421,666,5,155,309,476,695,447,4,69,168,321,517,342,1,86,141,155,178,105
2020,4,A,골목상권,1000636,구로중앙로42길,8795,6396,2399,17,795,2277,2343,1997,1366,12,449,1687,1744,1454,1050,5,346,590,599,543,316
2020,4,A,골목상권,1000635,구로중앙로34길,4585,2949,1636,10,784,1122,1177,922,570,5,474,763,783,561,363,5,310,359,394,361,207
2020,4,A,골목상권,1000634,구로중앙로28길,11038,7181,3857,17,1421,2453,2823,2514,1810,11,859,1802,1962,1466,1081,6,562,651,861,1048,729
2020,4,A,골목상권,1000633,구로중앙로19길,5187,2873,2314,7,627,1401,1218,1332,602,3,283,752,655,825,355,4,344,649,563,507,247
2020,4,A,골목상권,1000632,구로동로8길,1826,1008,818,8,227,363,411,392,425,5,109,206,208,203,277,3,118,157,203,189,148
2020,4,A,골목상권,1000631,구로동로7길,10253,7086,3167,39,1979,3388,2613,1445,789,26,1082,2345,1916,1080,637,13,897,1043,697,365,152
2020,4,A,골목상권,1000630,구로동로42길,4570,2045,2525,17,721,1027,1027,1117,661,6,260,393,430,567,389,11,461,634,597,550,272
2020,4,A,골목상권,1000629,구로동로41길,1500,697,803,4,173,249,328,434,312,2,70,131,172,153,169,2,103,118,156,281,143
2020,4,A,골목상권,1000628,구로동로38길,4541,2539,2002,7,562,1227,1055,1197,493,3,265,649,588,744,290,4,297,578,467,453,203
2020,4,A,골목상권,1000627,구로동로28길,4421,2563,1858,7,555,1246,1028,1084,501,3,246,655,557,765,337,4,309,591,471,319,164
2020,4,A,골목상권,1000626,구로동로15길,9924,6864,3060,40,1967,3389,2578,1344,606,26,1065,2359,1911,1002,501,14,902,1030,667,342,105
2020,4,A,골목상권,1000625,공원로6가길,6922,4441,2481,32,1107,1791,1942,1338,712,25,618,1156,1274,878,490,7,489,635,668,460,222
2020,4,A,골목상권,1000624,고척로52길,5315,3889,1426,9,400,1118,1534,1736,518,8,220,818,1142,1346,355,1,180,300,392,390,163
2020,4,A,골목상권,1000623,고척로27다길,1272,690,582,2,130,300,292,316,232,0,67,141,129,171,182,2,63,159,163,145,50
2020,4,A,골목상권,1000622,고척로27길,1596,885,711,1,163,351,388,405,288,0,84,177,178,219,227,1,79,174,210,186,61
2020,4,A,골목상권,1000621,고척로21나길,2229,1322,907,6,254,485,526,593,365,1,143,291,294,322,271,5,111,194,232,271,94
2020,4,A,골목상권,1000620,경인로47길,3644,2363,1281,2,400,761,863,902,716,2,204,446,507,589,615,0,196,315,356,313,101
2020,4,A,골목상권,1000619,경인로35길,3129,1831,1298,12,258,628,829,788,614,10,132,353,463,446,427,2,126,275,366,342,187
2020,4,A,골목상권,1000618,경인로31길,1321,763,558,3,145,345,328,294,206,2,72,197,167,165,160,1,73,148,161,129,46
2020,4,A,골목상권,1000617,경인로15길,1956,1167,789,6,166,351,482,573,378,5,82,195,271,328,286,1,84,156,211,245,92
2020,4,A,골목상권,1000616,개봉로3길,1322,779,543,1,198,272,305,307,239,1,89,152,174,189,174,0,109,120,131,118,65
2020,4,A,골목상권,1000615,개봉로2길,5631,2907,2724,35,1132,1548,1201,1212,503,17,640,1025,577,408,240,18,492,523,624,804,263
2020,4,A,골목상권,1000614,개봉로23가길,7606,3974,3632,10,649,1443,1959,2251,1294,6,369,795,938,1066,800,4,280,648,1021,1185,494
2020,4,A,골목상권,1000613,개봉로20길,6983,3822,3161,39,1217,1718,1520,1607,882,20,698,1124,756,688,536,19,519,594,764,919,346
2020,4,A,골목상권,1000612,개봉로1길,1291,852,439,1,188,309,317,260,216,1,87,216,219,170,159,0,101,93,98,90,57
2020,4,A,골목상권,1000611,개봉로17다길,5444,3013,2431,39,1161,1422,1168,1064,590,20,647,952,554,430,410,19,514,470,614,634,180
2020,4,A,골목상권,1000610,개봉로17길,4721,2485,2236,38,1140,1373,992,856,322,20,640,925,436,272,192,18,500,448,556,584,130
2020,4,A,골목상권,1000609,개봉로11길,2872,1300,1572,8,426,520,734,793,391,6,221,284,279,271,239,2,205,236,455,522,152
2020,4,A,골목상권,1000608,화곡로64길,13331,7853,5478,57,2469,3328,2997,2781,1699,22,1004,2243,2108,1478,998,35,1465,1085,889,1303,701
2020,4,A,골목상권,1000607,화곡로59길,11331,6520,4811,40,1642,2904,2786,2885,1074,12,758,1821,1740,1562,627,28,884,1083,1046,1323,447
2020,4,A,골목상권,1000606,화곡로44나길,5789,3797,1992,7,665,1442,1348,1460,867,3,304,817,856,1079,738,4,361,625,492,381,129
2020,4,A,골목상권,1000605,화곡로31길,4177,2189,1988,5,936,866,839,823,708,2,261,447,439,500,540,3,675,419,400,323,168
2020,4,A,골목상권,1000604,화곡로20길,2589,1431,1158,2,298,541,572,670,506,1,151,319,306,360,294,1,147,222,266,310,212
2020,4,A,골목상권,1000603,화곡로13길,1740,973,767,0,175,324,466,509,266,0,88,167,239,280,199,0,87,157,227,229,67
2020,4,A,골목상권,1000602,초원로16길,3604,1800,1804,11,311,461,647,1096,1078,4,143,281,387,446,539,7,168,180,260,650,539
2020,4,A,골목상권,1000601,초록마을로8길,1780,1021,759,8,205,404,487,444,232,6,98,257,294,223,143,2,107,147,193,221,89
2020,4,A,골목상권,1000600,초록마을로3길,4067,2605,1462,5,851,847,792,820,752,1,292,509,512,627,664,4,559,338,280,193,88
2020,4,A,골목상권,1000599,월정로20길,1930,1221,709,16,185,388,520,593,228,14,101,241,326,364,175,2,84,147,194,229,53
2020,4,A,골목상권,1000598,우장산로6길,1666,914,752,0,263,279,400,447,277,0,121,145,190,247,211,0,142,134,210,200,66
2020,4,A,골목상권,1000597,양천로73가길,3841,2556,1285,6,468,916,933,886,632,5,216,579,604,617,535,1,252,337,329,269,97
2020,4,A,골목상권,1000596,양천로71길,12540,4429,8111,21,2025,4005,3917,1801,771,9,628,1414,1004,748,626,12,1397,2591,2913,1053,145
2020,4,A,골목상권,1000595,양천로49길,5710,3599,2111,14,619,1180,1278,1459,1160,8,317,748,781,891,854,6,302,432,497,568,306
2020,4,A,골목상권,1000594,양천로26길,1360,872,488,2,176,295,335,366,186,1,97,186,187,243,158,1,79,109,148,123,28
2020,4,A,골목상권,1000593,양천로24길,1923,1097,826,6,242,403,499,508,265,5,130,249,270,267,176,1,112,154,229,241,89
2020,4,A,골목상권,1000592,양천로24가길,3150,2066,1084,10,315,559,942,851,473,8,176,349,645,541,347,2,139,210,297,310,126
2020,4,A,골목상권,1000591,양천로14길,3079,2104,975,7,260,550,863,863,536,5,152,337,608,574,428,2,108,213,255,289,108
2020,4,A,골목상권,1000590,방화대로6라길,1476,921,555,1,151,323,422,380,199,0,75,205,270,236,135,1,76,118,152,144,64
2020,4,A,골목상권,1000589,방화대로21길,4053,2046,2007,9,399,636,737,1110,1162,2,171,370,450,466,587,7,228,266,287,644,575
2020,4,A,골목상권,1000588,등촌로5길,2909,1351,1558,1,685,836,638,492,257,0,154,367,327,300,203,1,531,469,311,192,54
2020,4,A,골목상권,1000587,등촌로55길,2946,1834,1112,12,417,636,755,673,453,6,182,401,449,436,360,6,235,235,306,237,93
2020,4,A,골목상권,1000586,등촌로51길,2282,1364,918,6,305,436,562,553,420,2,122,234,317,346,343,4,183,202,245,207,77
2020,4,A,골목상권,1000585,등촌로39길,3594,2050,1544,2,439,705,865,921,662,1,209,366,530,552,392,1,230,339,335,369,270
2020,4,A,골목상권,1000584,등촌로13길,1203,700,503,1,108,234,301,339,220,1,43,137,149,206,164,0,65,97,152,133,56
2020,4,A,골목상권,1000583,남부순환로11길,1314,880,434,1,137,302,376,307,191,0,65,187,249,219,160,1,72,115,127,88,31
2020,4,A,골목상권,1000582,까치산로4길,3059,1643,1416,17,504,787,803,634,314,13,203,444,433,368,182,4,301,343,370,266,132
2020,4,A,골목상권,1000581,국회대로7길,3300,1523,1777,3,685,796,697,710,409,2,176,352,364,372,257,1,509,444,333,338,152
2020,4,A,골목상권,1000580,공항대로8길,1968,1203,765,5,230,409,479,485,360,1,96,238,291,308,269,4,134,171,188,177,91
2020,4,A,골목상권,1000579,공항대로61길,4789,3049,1740,16,648,1117,1101,1068,839,12,278,664,694,742,659,4,370,453,407,326,180
2020,4,A,골목상권,1000578,공항대로59다길,6422,4014,2408,16,810,1474,1724,1593,805,12,342,868,1122,1036,634,4,468,606,602,557,171
2020,4,A,골목상권,1000577,공항대로59길,5310,3325,1985,18,847,1253,1193,1161,838,13,380,761,731,777,663,5,467,492,462,384,175
2020,4,A,골목상권,1000576,공항대로55길,9865,6181,3684,31,1979,2664,2300,1763,1128,17,724,1698,1692,1235,815,14,1255,966,608,528,313
2020,4,A,골목상권,1000575,공항대로42길,3316,1427,1889,1,310,526,643,669,1167,0,105,248,294,275,505,1,205,278,349,394,662
2020,4,A,골목상권,1000574,공항대로38길,3757,1683,2074,5,359,584,714,748,1347,3,140,299,351,300,590,2,219,285,363,448,757
2020,4,A,골목상권,1000573,곰달래로60길,3810,1592,2218,2,835,1029,833,744,367,1,201,419,386,358,227,1,634,610,447,386,140
2020,4,A,골목상권,1000572,곰달래로53길,1091,644,447,6,124,230,256,292,183,3,64,138,139,170,130,3,60,92,117,122,53
2020,4,A,골목상권,1000571,곰달래로47길,2067,1097,970,8,272,603,564,430,190,5,138,324,274,230,126,3,134,279,290,200,64
2020,4,A,골목상권,1000570,곰달래로31길,2412,1359,1053,7,336,644,672,497,256,6,167,356,345,309,176,1,169,288,327,188,80
2020,4,A,골목상권,1000569,곰달래로25길,1684,862,822,4,226,323,432,439,260,4,93,173,200,216,176,0,133,150,232,223,84
2020,4,A,골목상권,1000568,개화동로25길,32037,16958,15079,3,5511,10823,8819,5927,954,0,1268,4466,5153,5250,821,3,4243,6357,3666,677,133
2020,4,A,골목상권,1000567,개화동로23길,33039,17452,15587,6,5602,10936,8956,6162,1377,3,1294,4523,5237,5403,992,3,4308,6413,3719,759,385
2020,4,A,골목상권,1000566,강서로8길,2287,1239,1048,7,267,470,599,607,337,6,107,274,315,309,228,1,160,196,284,298,109
2020,4,A,골목상권,1000565,강서로5라길,1890,1096,794,2,190,367,491,500,340,2,100,215,266,260,253,0,90,152,225,240,87
2020,4,A,골목상권,1000564,강서로5나길,2286,1480,806,16,205,464,622,688,291,14,108,299,404,432,223,2,97,165,218,256,68
2020,4,A,골목상권,1000563,강서로5가길,2258,1213,1045,14,236,427,598,647,336,14,110,260,336,316,177,0,126,167,262,331,159
2020,4,A,골목상권,1000562,강서로47라길,1942,898,1044,3,163,335,537,634,270,1,67,145,191,295,199,2,96,190,346,339,71
2020,4,A,골목상권,1000561,강서로47길,1969,880,1089,2,184,371,567,584,261,0,65,170,200,256,189,2,119,201,367,328,72
2020,4,A,골목상권,1000560,강서로45다길,5741,3586,2155,10,725,1321,1435,1418,832,8,394,860,870,833,621,2,331,461,565,585,211
2020,4,A,골목상권,1000559,강서로45길,5233,3255,1978,11,661,1237,1345,1320,659,7,374,831,801,751,491,4,287,406,544,569,168
2020,4,A,골목상권,1000558,강서로35길,2339,1233,1106,3,315,457,541,584,439,2,120,244,274,298,295,1,195,213,267,286,144
2020,4,A,골목상권,1000557,강서로29길,2908,1388,1520,8,437,616,661,679,507,5,155,333,333,310,252,3,282,283,328,369,255
2020,4,A,골목상권,1000556,강서로18길,3094,1910,1184,8,395,789,840,724,338,6,204,465,465,506,264,2,191,324,375,218,74
2020,4,A,골목상권,1000555,강서로17가길,1813,1078,735,5,151,300,482,566,309,3,65,172,258,359,221,2,86,128,224,207,88
2020,4,A,골목상권,1000554,강서로15길,3243,2104,1139,16,288,577,845,1038,479,14,156,350,503,697,384,2,132,227,342,341,95
2020,4,A,골목상권,1000553,가로공원로80길,2802,1680,1122,7,268,522,665,806,534,4,127,316,384,519,330,3,141,206,281,287,204
2020,4,A,골목상권,1000552,가로공원로76가길,2785,1828,957,5,213,451,706,945,465,3,113,266,432,654,360,2,100,185,274,291,105
2020,4,A,골목상권,1000551,화곡로4길,2028,986,1042,0,243,472,465,510,338,0,79,193,198,269,247,0,164,279,267,241,91
2020,4,A,골목상권,1000550,화곡로3길,1610,737,873,7,235,411,427,385,145,4,83,171,183,194,102,3,152,240,244,191,43
2020,4,A,골목상권,1000549,지양로7길,2827,1640,1187,3,253,384,528,705,954,3,148,238,319,415,517,0,105,146,209,290,437
2020,4,A,골목상권,1000548,중앙로55길,2507,1271,1236,9,217,443,656,756,426,8,101,261,324,332,245,1,116,182,332,424,181
2020,4,A,골목상권,1000547,중앙로51길,3024,1674,1350,13,263,472,809,831,636,10,146,264,390,418,446,3,117,208,419,413,190
2020,4,A,골목상권,1000546,중앙로47길,3972,3000,972,4,365,821,893,526,1363,1,161,497,664,384,1293,3,204,324,229,142,70
2020,4,A,골목상권,1000545,중앙로45길,3498,2631,867,7,219,369,584,690,1629,2,100,196,307,489,1537,5,119,173,277,201,92
2020,4,A,골목상권,1000544,중앙로36길,791,390,401,2,98,168,182,188,153,1,34,74,76,101,104,1,64,94,106,87,49
2020,4,A,골목상권,1000543,중앙로32길,8051,4620,3431,28,1512,2034,1907,1652,918,24,525,1230,1141,1015,685,4,987,804,766,637,233
2020,4,A,골목상권,1000542,중앙로25길,7155,4352,2803,28,946,1851,2058,1487,785,23,504,1161,1353,798,513,5,442,690,705,689,272
2020,4,A,골목상권,1000541,은행정로7길,3893,2310,1583,12,838,600,564,661,1218,5,255,285,302,379,1084,7,583,315,262,282,134
2020,4,A,골목상권,1000540,은행정로5길,1327,635,692,2,144,276,287,361,257,1,64,127,122,161,160,1,80,149,165,200,97
2020,4,A,골목상권,1000539,오목로5길,2561,1546,1015,4,195,376,587,789,610,2,85,207,321,472,459,2,110,169,266,317,151
2020,4,A,골목상권,1000538,오목로3길,2742,1990,752,4,147,302,554,918,817,1,67,167,346,666,743,3,80,135,208,252,74
2020,4,A,골목상권,1000537,오목로30길,4088,2402,1686,10,840,599,639,729,1271,4,255,300,329,403,1111,6,585,299,310,326,160
2020,4,A,골목상권,1000536,오목로23길,3264,1648,1616,17,848,638,695,686,380,12,275,352,381,355,273,5,573,286,314,331,107
2020,4,A,골목상권,1000535,신월로20길,1527,957,570,4,142,247,376,387,371,1,63,127,219,235,312,3,79,120,157,152,59
2020,4,A,골목상권,1000534,신월로15길,2407,1676,731,3,127,263,503,781,730,1,55,139,295,540,646,2,72,124,208,241,84
2020,4,A,골목상권,1000533,신목로6길,12839,7152,5687,66,2407,4118,3253,2274,721,31,945,2195,1983,1461,537,35,1462,1923,1270,813,184
2020,4,A,골목상권,1000532,신목로5길,16076,9739,6337,89,2806,5277,4081,2815,1008,66,1341,3237,2618,1825,652,23,1465,2040,1463,990,356
2020,4,A,골목상권,1000531,신목로2길,12127,6779,5348,66,2275,3961,3073,2106,646,31,881,2114,1895,1374,484,35,1394,1847,1178,732,162
2020,4,A,골목상권,1000530,목동중앙서로8가길,3429,1541,1888,4,775,990,813,625,222,2,162,421,430,357,169,2,613,569,383,268,53
2020,4,A,골목상권,1000529,목동중앙서로7길,3933,2050,1883,5,799,1056,935,771,367,1,207,513,540,490,299,4,592,543,395,281,68
2020,4,A,골목상권,1000528,목동중앙북로8길,5137,3009,2128,3,654,1082,1257,1263,878,1,306,610,760,777,555,2,348,472,497,486,323
2020,4,A,골목상권,1000527,목동중앙북로16길,4358,2547,1811,4,563,963,1287,1088,453,3,237,480,842,697,288,1,326,483,445,391,165
2020,4,A,골목상권,1000526,목동중앙본로7길,1797,936,861,4,178,368,433,510,304,4,74,204,205,262,187,0,104,164,228,248,117
2020,4,A,골목상권,1000525,목동중앙로3길,2498,1211,1287,5,284,548,763,592,306,3,124,269,308,274,233,2,160,279,455,318,73
2020,4,A,골목상권,1000524,목동중앙로13나길,1935,1252,683,3,235,575,543,388,191,2,117,338,357,309,129,1,118,237,186,79,62
2020,4,A,골목상권,1000523,목동중앙남로3가길,1936,1069,867,4,198,454,465,515,300,4,84,266,236,278,201,0,114,188,229,237,99
2020,4,A,골목상권,1000522,목동로9길,3502,1840,1662,9,474,817,876,787,539,6,193,430,467,419,325,3,281,387,409,368,214
2020,4,A,골목상권,1000521,목동로19길,4271,2529,1742,5,433,753,802,903,1375,2,127,341,390,513,1156,3,306,412,412,390,219
2020,4,A,골목상권,1000520,목동동로8길,7239,4481,2758,17,1024,2056,1883,1549,710,7,587,1395,1220,855,417,10,437,661,663,694,293
2020,4,A,골목상권,1000519,목동동로12길,18134,10297,7837,113,3684,5643,4400,2944,1350,79,1501,3168,2724,1900,925,34,2183,2475,1676,1044,425
2020,4,A,골목상권,1000518,목동남로4길,2104,1223,881,7,250,507,529,468,343,4,135,297,283,263,241,3,115,210,246,205,102
2020,4,A,골목상권,1000517,남부순환로88길,1848,1273,575,3,104,257,445,634,405,0,44,151,292,462,324,3,60,106,153,172,81
2020,4,A,골목상권,1000516,남부순환로79길,1692,1022,670,2,120,245,415,542,368,0,52,135,225,326,284,2,68,110,190,216,84
2020,4,A,골목상권,1000515,남부순환로70길,3594,2662,932,4,319,506,739,1074,952,2,174,321,493,818,854,2,145,185,246,256,98
2020,4,A,골목상권,1000514,남부순환로58길,1480,847,633,5,182,327,383,415,168,2,95,187,217,232,114,3,87,140,166,183,54
2020,4,A,골목상권,1000513,남부순환로40길,1841,1020,821,1,202,347,410,483,398,0,76,153,193,291,307,1,126,194,217,192,91
2020,4,A,골목상권,1000512,남부순환로33길,2613,1436,1177,1,269,561,577,680,525,1,123,285,299,393,335,0,146,276,278,287,190
2020,4,A,골목상권,1000511,곰달래로5길,2566,1425,1141,4,268,481,549,681,583,2,114,246,271,409,383,2,154,235,278,272,200
2020,4,A,골목상권,1000510,곰달래로3길,2129,1259,870,4,211,408,549,685,272,2,109,227,303,420,198,2,102,181,246,265,74
2020,4,A,골목상권,1000509,곰달래로2길,2257,1536,721,7,230,371,520,739,390,3,127,237,340,512,317,4,103,134,180,227,73
2020,4,A,골목상권,1000508,곰달래로10길,2455,1620,835,7,239,416,579,788,426,4,126,267,371,520,332,3,113,149,208,268,94
2020,4,A,골목상권,1000507,가로공원로58길,1014,585,429,0,101,169,214,309,221,0,36,63,107,199,180,0,65,106,107,110,41
2020,4,A,골목상권,1000506,효창원로93길,2738,1473,1265,2,542,627,683,599,285,2,280,380,336,297,178,0,262,247,347,302,107
2020,4,A,골목상권,1000505,토정로37길,13888,8500,5388,13,2141,3321,3206,2759,2448,9,1058,2025,2191,1716,1501,4,1083,1296,1015,1043,947
2020,4,A,골목상권,1000504,월드컵로8길,11509,5833,5676,65,2414,3563,2751,1693,1023,44,994,1657,1451,962,725,21,1420,1906,1300,731,298
2020,4,A,골목상권,1000503,월드컵로7길,4418,2232,2186,10,765,1063,1090,828,662,5,284,491,597,448,407,5,481,572,493,380,255
2020,4,A,골목상권,1000502,월드컵로36길,2648,1228,1420,9,317,493,697,735,397,5,115,244,323,308,233,4,202,249,374,427,164
2020,4,A,골목상권,1000501,월드컵로25길,1959,1087,872,2,220,387,547,456,347,1,108,213,284,253,228,1,112,174,263,203,119
2020,4,A,골목상권,1000500,월드컵로19길,3830,2335,1495,6,552,727,826,640,1079,4,245,377,435,391,883,2,307,350,391,249,196
2020,4,A,골목상권,1000499,월드컵로16길,5122,2926,2196,8,667,1007,1290,994,1156,6,275,518,675,560,892,2,392,489,615,434,264
2020,4,A,골목상권,1000498,월드컵로11길,3309,1814,1495,5,567,778,860,607,492,3,240,408,469,357,337,2,327,370,391,250,155
2020,4,A,골목상권,1000497,월드컵로10길,6092,3082,3010,13,1002,1583,1610,1144,740,9,385,750,851,614,473,4,617,833,759,530,267
2020,4,A,골목상권,1000496,와우산로3길,3074,1839,1235,31,670,929,704,480,260,20,304,547,460,315,193,11,366,382,244,165,67
2020,4,A,골목상권,1000495,와우산로29길,3716,1999,1717,20,767,935,869,695,430,12,394,551,457,325,260,8,373,384,412,370,170
2020,4,A,골목상권,1000494,와우산로29가길,5051,3328,1723,21,803,1159,1271,1061,736,13,427,759,872,692,565,8,376,400,399,369,171
2020,4,A,골목상권,1000493,양화진길,3858,2187,1671,6,650,1068,1001,766,367,5,243,557,643,507,232,1,407,511,358,259,135
2020,4,A,골목상권,1000492,양화로1길,4275,2265,2010,10,759,1169,1058,771,508,7,296,545,634,448,335,3,463,624,424,323,173
2020,4,A,골목상권,1000491,양화로11길,10929,5400,5529,63,2297,3451,2604,1577,937,44,939,1550,1336,868,663,19,1358,1901,1268,709,274
2020,4,A,골목상권,1000490,신촌로30길,1379,724,655,2,346,446,283,177,125,1,133,247,148,106,89,1,213,199,135,71,36
2020,4,A,골목상권,1000489,신촌로28가길,752,296,456,1,103,194,203,152,99,1,32,69,62,63,69,0,71,125,141,89,30
2020,4,A,골목상권,1000488,신촌로12길,3946,1781,2165,10,815,883,900,792,546,3,354,427,403,298,296,7,461,456,497,494,250
2020,4,A,골목상권,1000487,숭문길,6842,4186,2656,89,1444,1619,1501,1382,807,34,700,979,985,950,538,55,744,640,516,432,269
2020,4,A,골목상권,1000486,숭문8길,2735,1664,1071,0,255,423,605,849,603,0,76,246,380,560,402,0,179,177,225,289,201
2020,4,A,골목상권,1000485,성지3길,3664,2180,1484,10,552,1062,1011,686,343,8,213,554,666,485,254,2,339,508,345,201,89
2020,4,A,골목상권,1000484,성산로4길,7479,4521,2958,22,897,1523,1696,2154,1187,12,500,1039,1117,1133,720,10,397,484,579,1021,467
2020,4,A,골목상권,1000483,성미산로32길,2558,1512,1046,6,463,625,587,513,364,5,196,354,324,336,297,1,267,271,263,177,67
2020,4,A,골목상권,1000482,성미산로1길,7338,4500,2838,19,916,1345,1544,1879,1635,11,463,915,1012,927,1172,8,453,430,532,952,463
2020,4,A,골목상권,1000481,성미산로11길,4046,2664,1382,13,538,998,1026,845,626,11,263,603,695,608,484,2,275,395,331,237,142
2020,4,A,골목상권,1000480,백범로16길,11843,6682,5161,92,2239,2925,2945,2427,1215,37,1118,1683,1682,1366,796,55,1121,1242,1263,1061,419
2020,4,A,골목상권,1000479,방울내로9안길,5395,3168,2227,19,670,1008,1186,1654,858,10,361,737,806,762,492,9,309,271,380,892,366
2020,4,A,골목상권,1000478,모래내로7길,1886,1205,681,3,178,335,447,527,396,2,80,176,294,372,281,1,98,159,153,155,115
2020,4,A,골목상권,1000477,매봉산로2길,7758,4869,2889,7,1643,2988,2130,779,211,4,769,1962,1426,552,156,3,874,1026,704,227,55
2020,4,A,골목상권,1000476,망원로2길,3573,1970,1603,12,911,970,773,517,390,5,529,512,375,277,272,7,382,458,398,240,118
2020,4,A,골목상권,1000475,망원로11길,6899,4290,2609,16,825,1251,1414,1794,1599,8,432,864,941,892,1153,8,393,387,473,902,446
2020,4,A,골목상권,1000474,만리재옛길,7898,4890,3008,27,1351,2535,2248,1325,412,3,689,1516,1496,931,255,24,662,1019,752,394,157
2020,4,A,골목상권,1000473,마포대로4길,12997,8041,4956,19,1972,3107,3139,2694,2066,14,945,1877,2168,1723,1314,5,1027,1230,971,971,752
2020,4,A,골목상권,1000472,마포대로20길,6189,3402,2787,3,1075,2041,1828,915,327,2,565,1167,973,506,189,1,510,874,855,409,138
2020,4,A,골목상권,1000471,마포대로12길,16374,9997,6377,89,3461,4980,4450,2701,693,33,1440,2797,3042,2155,530,56,2021,2183,1408,546,163
2020,4,A,골목상권,1000470,동교로38길,4017,2115,1902,12,763,1016,954,794,478,8,301,513,522,438,333,4,462,503,432,356,145
2020,4,A,골목상권,1000469,동교로27길,7445,4120,3325,26,1274,1892,1719,1388,1146,18,516,1053,1063,794,676,8,758,839,656,594,470
2020,4,A,골목상권,1000468,동교로25길,8136,4596,3540,29,1403,2144,1878,1494,1188,21,558,1182,1203,898,734,8,845,962,675,596,454
2020,4,A,골목상권,1000467,동교로19길,7995,4255,3740,21,1245,2157,2011,1503,1058,16,468,1122,1242,803,604,5,777,1035,769,700,454
2020,4,A,골목상권,1000466,동교로17길,9387,5193,4194,24,1595,2393,2243,1567,1565,15,606,1172,1268,928,1204,9,989,1221,975,639,361
2020,4,A,골목상권,1000465,독막로8길,3879,2189,1690,16,779,1135,970,653,326,8,300,606,606,432,237,8,479,529,364,221,89
2020,4,A,골목상권,1000464,독막로32길,5866,3312,2554,13,738,1526,1597,1417,575,10,314,725,890,950,423,3,424,801,707,467,152
2020,4,A,골목상권,1000463,독막로22길,2658,1530,1128,5,344,594,712,599,404,2,126,277,409,394,322,3,218,317,303,205,82
2020,4,A,골목상권,1000462,도화길,17974,9976,7998,28,3098,4346,4235,3811,2456,16,1498,2609,2619,1790,1444,12,1600,1737,1616,2021,1012
2020,4,A,골목상권,1000461,도화4길,16876,9892,6984,39,2983,3895,3920,3784,2255,21,1543,2617,2510,1864,1337,18,1440,1278,1410,1920,918
2020,4,A,골목상권,1000460,대흥로28길,947,375,572,2,105,198,264,236,142,1,26,55,84,118,91,1,79,143,180,118,51
2020,4,A,골목상권,1000459,대흥로21길,5558,2516,3042,66,2280,1294,799,703,416,23,848,602,358,411,274,43,1432,692,441,292,142
2020,4,A,골목상권,1000458,광성로6길,4309,2311,1998,8,585,1137,1113,1048,418,5,221,510,610,672,293,3,364,627,503,376,125
2020,4,A,골목상권,1000457,홍제내길,1474,745,729,1,180,256,379,425,233,1,74,127,203,209,131,0,106,129,176,216,102
2020,4,A,골목상권,1000456,홍연길,2909,1921,988,55,808,746,494,546,260,30,461,584,302,346,198,25,347,162,192,200,62
2020,4,A,골목상권,1000455,통일로39길,1448,749,699,3,167,225,380,479,194,1,48,109,194,270,127,2,119,116,186,209,67
2020,4,A,골목상권,1000454,통일로37길,1828,904,924,3,190,271,490,592,282,1,55,136,237,310,165,2,135,135,253,282,117
2020,4,A,골목상권,1000453,통일로11길,1521,816,705,4,161,295,393,422,246,2,53,134,211,250,166,2,108,161,182,172,80
2020,4,A,골목상권,1000452,충정로6길,21254,12909,8345,55,3567,6876,5753,3722,1281,25,1596,4024,3722,2578,964,30,1971,2852,2031,1144,317
2020,4,A,골목상권,1000451,충정로4길,10911,6497,4414,17,1800,3206,2959,2041,888,11,900,1947,1794,1228,617,6,900,1259,1165,813,271
2020,4,A,골목상권,1000450,증가로6길,2897,2017,880,35,517,820,647,602,276,30,323,586,463,407,208,5,194,234,184,195,68
2020,4,A,골목상권,1000449,증가로23나길,3726,1805,1921,9,539,808,864,920,586,4,162,387,432,471,349,5,377,421,432,449,237
2020,4,A,골목상권,1000448,증가로20가길,2033,1107,926,1,239,515,577,488,213,0,83,293,306,266,159,1,156,222,271,222,54
2020,4,A,골목상권,1000447,증가로10길,3090,1973,1117,30,543,972,736,605,204,27,332,651,463,354,146,3,211,321,273,251,58
2020,4,A,골목상권,1000446,응암로1길,3491,1774,1717,7,541,903,813,720,507,3,175,500,462,351,283,4,366,403,351,369,224
2020,4,A,골목상권,1000445,연희로10길,7041,5233,1808,4,896,1621,1470,2337,713,1,563,1074,991,2003,601,3,333,547,479,334,112
2020,4,A,골목상권,1000444,신촌로37길,3846,2292,1554,2,702,1092,944,679,427,1,330,659,579,444,279,1,372,433,365,235,148
2020,4,A,골목상권,1000443,수색로8길,2218,1603,615,0,96,232,309,462,1119,0,38,113,136,297,1019,0,58,119,173,165,100
2020,4,A,골목상권,1000442,세무서길,1599,845,754,5,180,231,420,513,250,1,46,119,204,309,166,4,134,112,216,204,84
2020,4,A,골목상권,1000441,세무서2길,1768,917,851,4,192,268,468,568,268,2,55,142,231,312,175,2,137,126,237,256,93
2020,4,A,골목상권,1000440,세검정로1길,7951,1661,6290,3,250,578,2095,3756,1269,1,93,194,366,496,511,2,157,384,1729,3260,758
2020,4,A,골목상권,1000439,북아현로4길,4173,2515,1658,3,713,1133,1023,806,495,1,334,709,630,512,329,2,379,424,393,294,166
2020,4,A,골목상권,1000438,모래내로15길,5054,3015,2039,12,419,756,963,1282,1622,8,251,488,593,697,978,4,168,268,370,585,644
2020,4,A,골목상권,1000437,명지대길,3551,2329,1222,30,580,1061,886,691,303,26,350,746,591,413,203,4,230,315,295,278,100
2020,4,A,골목상권,1000436,독립문로8길,4382,2674,1708,6,482,812,1071,1165,846,3,222,487,686,712,564,3,260,325,385,453,282
2020,4,A,골목상권,1000435,가재울로6길,888,539,349,0,77,134,240,276,161,0,36,70,145,173,115,0,41,64,95,103,46
2020,4,A,골목상권,1000434,통일로92길,2182,1011,1171,7,335,535,557,460,288,5,118,274,240,197,177,2,217,261,317,263,111
2020,4,A,골목상권,1000433,통일로87길,2146,1024,1122,9,346,519,538,443,291,6,121,268,251,200,178,3,225,251,287,243,113
2020,4,A,골목상권,1000432,통일로78길,3460,1707,1753,7,332,481,609,702,1329,2,143,252,274,297,739,5,189,229,335,405,590
2020,4,A,골목상권,1000431,통일로69길,1346,637,709,8,153,255,386,330,214,7,69,128,175,134,124,1,84,127,211,196,90
2020,4,A,골목상권,1000430,진흥로1길,3173,1417,1756,4,333,557,870,870,539,0,110,254,400,372,281,4,223,303,470,498,258
2020,4,A,골목상권,1000429,진흥로12길,2905,1340,1565,8,388,754,791,621,343,6,145,313,368,289,219,2,243,441,423,332,124
2020,4,A,골목상권,1000428,증산서길,2915,2010,905,0,232,477,547,595,1064,0,102,264,283,399,962,0,130,213,264,196,102
2020,4,A,골목상권,1000427,증산로9길,2163,1494,669,2,280,583,607,471,220,2,139,419,427,332,175,0,141,164,180,139,45
2020,4,A,골목상권,1000426,증산로5길,2072,1401,671,0,258,547,578,460,229,0,121,397,406,324,153,0,137,150,172,136,76
2020,4,A,골목상권,1000425,증산로21길,2416,1375,1041,1,253,492,645,577,448,1,133,247,349,321,324,0,120,245,296,256,124
2020,4,A,골목상권,1000424,증산로17길,1533,971,562,1,158,267,349,407,351,1,105,154,187,236,288,0,53,113,162,171,63
2020,4,A,골목상권,1000423,증산로15길,1952,1466,486,3,198,393,502,526,330,3,141,289,360,382,291,0,57,104,142,144,39
2020,4,A,골목상권,1000422,증산로13길,2140,1515,625,3,216,497,551,539,334,3,112,344,398,384,274,0,104,153,153,155,60
2020,4,A,골목상권,1000421,응암로34길,2471,1323,1148,3,276,441,524,582,645,2,123,210,269,282,437,1,153,231,255,300,208
2020,4,A,골목상권,1000420,응암로22길,1297,807,490,1,145,210,288,366,287,1,79,121,163,219,224,0,66,89,125,147,63
2020,4,A,골목상권,1000419,응암로14길,1013,417,596,1,128,206,284,266,128,0,35,71,108,122,81,1,93,135,176,144,47
2020,4,A,골목상권,1000418,응암로13길,1445,689,756,2,130,245,361,401,306,1,40,79,135,204,230,1,90,166,226,197,76
2020,4,A,골목상권,1000417,응암로12길,1435,563,872,1,166,271,408,394,195,0,45,84,145,163,126,1,121,187,263,231,69
2020,4,A,골목상권,1000416,은평로8길,2497,1530,967,3,244,406,580,610,654,2,113,215,332,354,514,1,131,191,248,256,140
2020,4,A,골목상권,1000415,은평로3길,2891,1471,1420,3,254,536,804,767,527,1,96,257,390,370,357,2,158,279,414,397,170
2020,4,A,골목상권,1000414,은평로20길,3249,1745,1504,5,395,859,865,854,271,3,193,415,422,525,187,2,202,444,443,329,84
2020,4,A,골목상권,1000413,은평로13길,4882,2635,2247,11,464,981,1167,1295,964,5,204,443,579,730,674,6,260,538,588,565,290
2020,4,A,골목상권,1000412,은평로10길,2810,1504,1306,6,287,449,620,714,734,4,131,216,311,338,504,2,156,233,309,376,230
2020,4,A,골목상권,1000411,연서로5길,3063,1436,1627,3,492,601,791,742,434,1,202,274,346,323,290,2,290,327,445,419,144
2020,4,A,골목상권,1000410,연서로41길,2016,1078,938,1,100,185,246,350,1134,0,42,105,102,176,653,1,58,80,144,174,481
2020,4,A,골목상권,1000409,연서로3길,2341,1159,1182,5,259,448,668,606,355,2,111,227,323,264,232,3,148,221,345,342,123
2020,4,A,골목상권,1000408,연서로34길,2541,1241,1300,4,149,280,401,486,1221,2,53,139,160,202,685,2,96,141,241,284,536
2020,4,A,골목상권,1000407,연서로33길,2718,1375,1343,3,170,344,389,525,1287,1,57,190,184,226,717,2,113,154,205,299,570
2020,4,A,골목상권,1000406,연서로29길,2086,818,1268,9,331,486,525,473,262,6,84,193,201,183,151,3,247,293,324,290,111
2020,4,A,골목상권,1000405,연서로28길,2622,1207,1415,11,448,580,692,556,335,6,144,281,297,265,214,5,304,299,395,291,121
2020,4,A,골목상권,1000404,연서로27길,2703,1310,1393,12,373,580,685,599,454,7,109,276,302,294,322,5,264,304,383,305,132
2020,4,A,골목상권,1000403,연서로21길,4079,2411,1668,10,316,591,958,1350,854,6,125,324,486,850,620,4,191,267,472,500,234
2020,4,A,골목상권,1000402,연서로17길,4262,2441,1821,10,328,658,981,1413,872,3,130,338,493,861,616,7,198,320,488,552,256
2020,4,A,골목상권,1000401,연서로16길,3513,1430,2083,12,551,724,911,861,454,3,172,291,372,331,261,9,379,433,539,530,193
2020,4,A,골목상권,1000400,연서로13길,4099,2157,1942,11,554,694,881,1307,652,2,181,304,429,794,447,9,373,390,452,513,205
2020,4,A,골목상권,1000399,연서로11길,2285,1161,1124,10,456,477,497,471,374,3,193,221,235,256,253,7,263,256,262,215,121
2020,4,A,골목상권,1000398,역말로9길,2151,1132,1019,3,261,472,592,464,359,3,101,238,301,230,259,0,160,234,291,234,100
2020,4,A,골목상권,1000397,수색로18길,570,385,185,0,61,95,137,169,108,0,25,54,96,122,88,0,36,41,41,47,20
2020,4,A,골목상권,1000396,서오릉로8길,2126,1123,1003,11,274,456,566,478,341,8,113,217,290,250,245,3,161,239,276,228,96
2020,4,A,골목상권,1000395,서오릉로21길,2587,1706,881,2,196,423,582,951,433,0,71,199,318,750,368,2,125,224,264,201,65
2020,4,A,골목상권,1000394,불광천길,1739,1013,726,2,175,341,436,474,311,2,94,177,240,274,226,0,81,164,196,200,85
2020,4,A,골목상권,1000393,갈현로7길,2513,1162,1351,8,465,592,616,529,303,2,160,291,307,215,187,6,305,301,309,314,116
2020,4,A,골목상권,1000392,갈현로41길,1687,960,727,7,251,413,396,381,239,4,139,253,226,189,149,3,112,160,170,192,90
2020,4,A,골목상권,1000391,갈현로33길,1587,732,855,5,210,381,379,418,194,2,90,175,175,167,123,3,120,206,204,251,71
2020,4,A,골목상권,1000390,갈현로1길,1825,900,925,6,304,414,399,358,344,1,100,195,204,167,233,5,204,219,195,191,111
2020,4,A,골목상권,1000389,가좌로7길,2176,1151,1025,0,223,439,587,577,350,0,87,234,282,302,246,0,136,205,305,275,104
2020,4,A,골목상권,1000388,한글비석로44길,1614,800,814,3,101,158,255,416,681,2,45,84,104,182,383,1,56,74,151,234,298
2020,4,A,골목상권,1000387,한글비석로24길,1357,635,722,6,134,222,327,384,284,2,41,105,152,179,156,4,93,117,175,205,128
2020,4,A,골목상권,1000386,한글비석로22길,1955,947,1008,7,220,393,505,492,338,2,81,195,259,208,202,5,139,198,246,284,136
2020,4,A,골목상권,1000385,석계로1길,1699,812,887,4,181,273,422,477,342,2,66,112,183,225,224,2,115,161,239,252,118
2020,4,A,골목상권,1000384,상계로9가길,1790,778,1012,6,219,309,471,494,291,4,76,161,196,203,138,2,143,148,275,291,153
2020,4,A,골목상권,1000383,상계로1길,1710,765,945,3,199,318,434,471,285,0,74,174,195,192,130,3,125,144,239,279,155
2020,4,A,골목상권,1000382,상계로12길,2778,1526,1252,15,390,539,719,680,435,11,153,297,366,381,318,4,237,242,353,299,117
2020,4,A,골목상권,1000381,동일로242길,1655,907,748,4,185,318,384,419,345,4,87,188,203,233,192,0,98,130,181,186,153
2020,4,A,골목상권,1000380,동일로192길,2933,1744,1189,7,250,389,576,757,954,3,125,174,285,514,643,4,125,215,291,243,311
2020,4,A,골목상권,1000379,동일로173가길,4507,2423,2084,7,423,581,929,1317,1250,3,198,330,466,658,768,4,225,251,463,659,482
2020,4,A,골목상권,1000378,공릉로58길,3479,2325,1154,5,354,680,894,1015,531,2,168,397,576,768,414,3,186,283,318,247,117
2020,4,A,골목상권,1000377,해등로16길,6159,3977,2182,2,696,1378,1486,1288,1309,0,374,978,1050,696,879,2,322,400,436,592,430
2020,4,A,골목상권,1000376,우이천로4다길,1311,783,528,4,134,226,369,393,185,1,50,132,220,253,127,3,84,94,149,140,58
2020,4,A,골목상권,1000375,우이천로32길,1433,692,741,0,202,304,375,355,197,0,60,133,156,173,170,0,142,171,219,182,27
2020,4,A,골목상권,1000374,시루봉로23길,2007,1393,614,7,171,326,422,562,519,5,88,210,238,396,456,2,83,116,184,166,63
2020,4,A,골목상권,1000373,삼양로144길,721,298,423,0,103,108,183,165,162,0,19,38,81,65,95,0,84,70,102,100,67
2020,4,A,골목상권,1000372,방학로6가길,941,461,480,1,99,154,245,255,187,1,50,76,111,123,100,0,49,78,134,132,87
2020,4,A,골목상권,1000371,방학로5길,1988,902,1086,4,311,470,491,452,260,2,93,231,236,191,149,2,218,239,255,261,111
2020,4,A,골목상권,1000370,방학로15길,2236,1446,790,7,437,536,516,461,279,7,294,319,346,250,230,0,143,217,170,211,49
2020,4,A,골목상권,1000369,방학로10길,1322,623,699,3,143,331,353,297,195,2,49,153,162,134,123,1,94,178,191,163,72
2020,4,A,골목상권,1000368,도봉산길,1275,888,387,0,43,90,247,427,468,0,15,52,178,333,310,0,28,38,69,94,158
2020,4,A,골목상권,1000367,도봉산4길,1096,811,285,0,23,63,199,380,431,0,9,36,157,317,292,0,14,27,42,63,139
2020,4,A,골목상권,1000366,도봉로181길,749,388,361,0,59,110,179,202,199,0,13,51,75,106,143,0,46,59,104,96,56
2020,4,A,골목상권,1000365,도봉로169나길,1230,878,352,2,64,188,229,399,348,1,24,106,144,296,307,1,40,82,85,103,41
2020,4,A,골목상권,1000364,도봉로156길,1281,929,352,1,66,160,250,386,418,0,22,92,148,293,374,1,44,68,102,93,44
2020,4,A,골목상권,1000363,도봉로152가길,1287,838,449,2,75,174,250,407,379,1,22,83,135,283,314,1,53,91,115,124,65
2020,4,A,골목상권,1000362,도봉로147길,2653,1366,1287,6,287,448,600,920,392,2,150,267,298,428,221,4,137,181,302,492,171
2020,4,A,골목상권,1000361,도봉로143길,1706,982,724,5,215,362,408,444,272,4,97,219,241,254,167,1,118,143,167,190,105
2020,4,A,골목상권,1000360,도봉로114길,1941,1023,918,5,269,361,447,514,345,1,92,141,236,305,248,4,177,220,211,209,97
2020,4,A,골목상권,1000359,도봉로109길,3318,1622,1696,7,603,745,790,742,431,4,153,339,417,416,293,3,450,406,373,326,138
2020,4,A,골목상권,1000358,도당로29길,2804,1527,1277,6,275,496,683,858,486,5,150,329,325,355,363,1,125,167,358,503,123
2020,4,A,골목상권,1000357,도당로19길,1552,583,969,3,174,260,433,537,145,3,86,151,140,127,76,0,88,109,293,410,69
2020,4,A,골목상권,1000356,도당로13바길,1045,467,578,0,92,205,263,215,270,0,37,93,114,102,121,0,55,112,149,113,149
2020,4,A,골목상권,1000355,도당로13가길,742,396,346,1,86,149,193,177,136,1,41,79,88,97,90,0,45,70,105,80,46
2020,4,A,골목상권,1000354,덕릉로60길,1084,606,478,2,100,216,311,274,181,1,31,122,184,148,120,1,69,94,127,126,61
2020,4,A,골목상권,1000353,노해로63다길,5926,3931,1995,6,637,1379,1476,1182,1246,4,352,984,1046,677,868,2,285,395,430,505,378
2020,4,A,골목상권,1000352,노해로60길,2005,1119,886,7,258,399,475,517,349,4,89,178,266,326,256,3,169,221,209,191,93
2020,4,A,골목상권,1000351,한천로140길,3507,1801,1706,6,375,859,910,874,483,5,143,394,473,511,275,1,232,465,437,363,208
2020,4,A,골목상권,1000350,한천로139가길,3365,1468,1897,10,307,680,719,776,873,8,97,267,327,445,324,2,210,413,392,331,549
2020,4,A,골목상권,1000349,한천로132길,4083,2319,1764,7,454,1047,975,1035,565,6,199,551,552,683,328,1,255,496,423,352,237
2020,4,A,골목상권,1000348,한천로130길,1159,597,562,1,133,204,272,293,256,1,41,90,149,145,171,0,92,114,123,148,85
2020,4,A,골목상권,1000347,한천로124나길,1582,1052,530,0,241,388,333,398,222,0,121,259,215,305,152,0,120,129,118,93,70
2020,4,A,골목상권,1000346,한천로109길,1731,911,820,10,206,332,401,448,334,7,68,155,215,251,215,3,138,177,186,197,119
2020,4,A,골목상권,1000345,인수봉로79길,2108,1156,952,6,278,520,511,519,274,6,117,278,273,275,207,0,161,242,238,244,67
2020,4,A,골목상권,1000344,인수봉로72길,3985,2568,1417,0,249,550,888,1099,1199,0,80,281,601,772,834,0,169,269,287,327,365
2020,4,A,골목상권,1000343,인수봉로56길,2237,1341,896,0,190,405,586,707,349,0,63,185,366,456,271,0,127,220,220,251,78
2020,4,A,골목상권,1000342,오패산로67길,3448,1963,1485,8,408,621,684,869,858,4,167,359,360,538,535,4,241,262,324,331,323
2020,4,A,골목상권,1000341,오패산로52길,1713,1004,709,2,181,340,484,464,242,2,88,176,274,293,171,0,93,164,210,171,71
2020,4,A,골목상권,1000340,오패산로30길,1173,548,625,8,119,172,341,288,245,6,52,74,144,127,145,2,67,98,197,161,100
2020,4,A,골목상권,1000339,수유로12길,3114,1486,1628,5,344,454,641,822,848,1,84,188,264,398,551,4,260,266,377,424,297
2020,4,A,골목상권,1000338,솔샘로65길,1680,791,889,8,123,270,394,410,475,7,33,99,167,220,265,1,90,171,227,190,210
2020,4,A,골목상권,1000337,솔매로50길,2145,1151,994,8,231,442,606,562,296,7,91,188,300,340,225,1,140,254,306,222,71
2020,4,A,골목상권,1000336,솔매로45길,1602,867,735,3,192,330,439,424,214,1,78,149,251,252,136,2,114,181,188,172,78
2020,4,A,골목상권,1000335,솔매로41길,1599,892,707,1,186,336,458,426,192,0,83,170,253,259,127,1,103,166,205,167,65
2020,4,A,골목상권,1000334,삼양로93길,2583,1532,1051,0,221,467,693,790,412,0,66,225,438,496,307,0,155,242,255,294,105
2020,4,A,골목상권,1000333,삼양로77길,1258,524,734,1,124,256,353,391,133,0,45,102,142,156,79,1,79,154,211,235,54
2020,4,A,골목상권,1000332,삼양로54길,1233,592,641,2,94,151,242,315,429,2,29,62,121,168,210,0,65,89,121,147,219
2020,4,A,골목상권,1000331,삼양로41길,1030,584,446,5,119,193,245,241,227,3,52,86,124,148,171,2,67,107,121,93,56
2020,4,A,골목상권,1000330,삼양로27길,1407,729,678,1,238,381,422,238,127,0,94,204,231,110,90,1,144,177,191,128,37
2020,4,A,골목상권,1000329,삼양로24길,1095,702,393,2,75,180,273,290,275,1,35,88,154,196,228,1,40,92,119,94,47
2020,4,A,골목상권,1000328,삼양로20길,5023,2590,2433,416,1990,1284,666,420,247,177,890,703,373,240,207,239,1100,581,293,180,40
2020,4,A,골목상권,1000327,삼각산로28길,4686,2178,2508,9,400,813,913,1212,1339,8,129,336,409,677,619,1,271,477,504,535,720
2020,4,A,골목상권,1000326,도봉로99길,1726,787,939,1,383,412,412,379,139,0,101,196,193,201,96,1,282,216,219,178,43
2020,4,A,골목상권,1000325,도봉로8길,860,355,505,3,132,188,214,200,123,2,33,68,83,88,81,1,99,120,131,112,42
2020,4,A,골목상권,1000324,도봉로76길,4137,2376,1761,5,482,796,901,1078,875,1,210,455,513,657,540,4,272,341,388,421,335
2020,4,A,골목상권,1000323,도봉로67길,1676,842,834,3,218,339,441,433,242,1,78,158,230,231,144,2,140,181,211,202,98
2020,4,A,골목상권,1000322,도봉로45길,1984,992,992,1,190,389,536,486,382,1,82,178,276,282,173,0,108,211,260,204,209
2020,4,A,골목상권,1000321,도봉로18길,1442,705,737,7,132,243,417,378,265,6,39,87,162,199,212,1,93,156,255,179,53
2020,4,A,골목상권,1000320,도봉로13길,931,573,358,1,93,187,219,267,164,1,37,98,126,181,130,0,56,89,93,86,34
2020,4,A,골목상권,1000319,덕릉로41길,4574,2478,2096,10,512,1051,1028,1202,771,8,199,522,530,774,445,2,313,529,498,428,326
2020,4,A,골목상권,1000318,덕릉로40길,981,475,506,2,125,130,270,309,145,0,52,61,101,172,89,2,73,69,169,137,56
2020,4,A,골목상권,1000317,노해로33길,1032,522,510,1,143,197,273,255,163,0,44,97,126,133,122,1,99,100,147,122,41
2020,4,A,골목상권,1000316,노해로23길,1488,1041,447,2,136,183,370,533,264,0,57,103,259,417,205,2,79,80,111,116,59
2020,4,A,골목상권,1000315,노해로17길,3379,1488,1891,5,286,662,736,802,888,4,89,266,337,462,330,1,197,396,399,340,558
2020,4,A,골목상권,1000314,화랑로40길,2188,1476,712,1,140,177,301,419,1150,0,52,85,162,259,918,1,88,92,139,160,232
2020,4,A,골목상권,1000313,화랑로32길,1528,947,581,4,186,373,394,357,214,0,71,233,235,238,170,4,115,140,159,119,44
2020,4,A,골목상권,1000312,화랑로1길,3846,2556,1290,6,357,646,771,887,1179,3,178,396,449,596,934,3,179,250,322,291,245
2020,4,A,골목상권,1000311,화랑로19길,1924,1083,841,4,339,477,528,372,204,1,153,280,296,204,149,3,186,197,232,168,55
2020,4,A,골목상권,1000310,화랑로14길,3348,2039,1309,3,554,1083,785,586,337,0,266,704,461,360,248,3,288,379,324,226,89
2020,4,A,골목상권,1000309,화랑로13길,3666,2389,1277,1,489,1018,810,696,652,0,231,675,508,447,528,1,258,343,302,249,124
2020,4,A,골목상권,1000308,한천로76길,1061,657,404,2,138,204,254,283,180,0,66,104,141,203,143,2,72,100,113,80,37
2020,4,A,골목상권,1000307,한천로101가길,700,312,388,6,87,145,201,154,107,4,36,61,84,55,72,2,51,84,117,99,35
2020,4,A,골목상권,1000306,창경궁로43길,6137,3067,3070,30,812,1435,1729,1420,711,19,288,670,898,770,422,11,524,765,831,650,289
2020,4,A,골목상권,1000305,지봉로20길,7371,5614,1757,7,803,2211,1513,1469,1368,2,447,1781,1218,1191,975,5,356,430,295,278,393
2020,4,A,골목상권,1000304,종암로5길,976,488,488,0,107,230,308,227,104,0,37,97,153,139,62,0,70,133,155,88,42
2020,4,A,골목상권,1000303,종암로24가길,1829,1059,770,2,233,409,426,551,208,0,115,271,248,336,89,2,118,138,178,215,119
2020,4,A,골목상권,1000302,종암로21길,21348,11507,9841,61,1725,5284,7395,5936,947,12,757,1915,3385,4717,721,49,968,3369,4010,1219,226
2020,4,A,골목상권,1000301,종암로19길,19081,9789,9292,57,1523,4879,6999,5431,192,13,621,1616,3100,4314,125,44,902,3263,3899,1117,67
2020,4,A,골목상권,1000300,종암로16길,1435,562,873,3,196,255,347,385,249,1,61,104,137,147,112,2,135,151,210,238,137
2020,4,A,골목상권,1000299,정릉로8길,1934,1384,550,15,321,601,450,314,233,14,185,439,354,247,145,1,136,162,96,67,88
2020,4,A,골목상권,1000298,정릉로27길,2503,1119,1384,2,395,517,679,574,336,0,110,215,269,295,230,2,285,302,410,279,106
2020,4,A,골목상권,1000297,정릉로26길,1495,568,927,1,255,373,406,316,144,0,62,153,129,131,93,1,193,220,277,185,51
2020,4,A,골목상권,1000296,장위로50길,2540,1674,866,6,201,300,339,457,1237,2,67,159,170,269,1007,4,134,141,169,188,230
2020,4,A,골목상권,1000295,장월로1길,3837,2383,1454,5,671,1155,920,721,365,1,334,778,573,433,264,4,337,377,347,288,101
2020,4,A,골목상권,1000294,인촌로6길,7167,5526,1641,11,781,2081,1360,1419,1515,5,480,1723,1109,1120,1089,6,301,358,251,299,426
2020,4,A,골목상권,1000293,인촌로5길,3744,2001,1743,8,384,927,1023,1089,313,2,132,383,542,741,201,6,252,544,481,348,112
2020,4,A,골목상권,1000292,인촌로24길,3279,2060,1219,3,363,782,950,756,425,0,148,448,603,521,340,3,215,334,347,235,85
2020,4,A,골목상권,1000291,개운사길,1657,853,804,1,198,454,562,333,109,0,70,197,309,202,75,1,128,257,253,131,34
2020,4,A,골목상권,1000290,인촌로1길,5136,2931,2205,11,550,1230,1246,1337,762,3,244,628,732,871,453,8,306,602,514,466,309
2020,4,A,골목상권,1000289,인촌로17가길,1215,677,538,1,241,377,311,175,110,0,115,240,168,88,66,1,126,137,143,87,44
2020,4,A,골목상권,1000288,오패산로4길,4408,2833,1575,4,583,1149,982,932,758,2,286,749,590,605,601,2,297,400,392,327,157
2020,4,A,골목상권,1000287,오패산로3길,2850,1845,1005,4,209,352,537,564,1184,4,84,169,284,372,932,0,125,183,253,192,252
2020,4,A,골목상권,1000286,오패산로19길,1435,649,786,8,205,309,385,334,194,7,70,129,176,158,109,1,135,180,209,176,85
2020,4,A,골목상권,1000285,안암로5길,4306,2796,1510,12,544,890,945,942,973,5,289,608,638,609,647,7,255,282,307,333,326
2020,4,A,골목상권,1000284,아리랑로4길,2365,1201,1164,21,341,481,540,576,406,16,110,203,273,322,277,5,231,278,267,254,129
2020,4,A,골목상권,1000283,솔샘로6길,912,567,345,0,69,143,230,271,199,0,25,73,132,188,149,0,44,70,98,83,50
2020,4,A,골목상권,1000282,성북로8길,4182,2354,1828,23,494,912,1411,968,374,12,211,482,771,591,287,11,283,430,640,377,87
2020,4,A,골목상권,1000281,삼양로8길,5716,2840,2876,421,2108,1423,856,565,343,178,934,772,460,247,249,243,1174,651,396,318,94
2020,4,A,골목상권,1000280,삼선교로16가길,2374,1509,865,2,288,621,698,570,195,0,104,382,484,420,119,2,184,239,214,150,76
2020,4,A,골목상권,1000279,삼선교로10다길,2140,1279,861,3,162,256,647,619,453,0,60,121,380,400,318,3,102,135,267,219,135
2020,4,A,골목상권,1000278,삼선교로10길,2448,1319,1129,4,222,314,722,727,459,2,76,134,409,421,277,2,146,180,313,306,182
2020,4,A,골목상권,1000277,보문로32길,3795,2025,1770,12,402,961,1025,1093,302,5,150,395,543,737,195,7,252,566,482,356,107
2020,4,A,골목상권,1000276,보문로31길,6816,3595,3221,9,765,1759,2112,1724,447,2,270,782,1077,1187,277,7,495,977,1035,537,170
2020,4,A,골목상권,1000275,보문로26길,1538,813,725,1,285,437,401,268,146,0,127,270,209,121,86,1,158,167,192,147,60
2020,4,A,골목상권,1000274,보문로13길,6379,4803,1576,7,521,1743,1183,1318,1607,1,318,1444,946,1014,1080,6,203,299,237,304,527
2020,4,A,골목상권,1000273,보국문로16길,1473,809,664,2,134,166,324,455,392,0,44,77,162,269,257,2,90,89,162,186,135
2020,4,A,골목상권,1000272,동소문로6길,3075,1751,1324,11,285,567,1022,837,353,4,130,325,582,467,243,7,155,242,440,370,110
2020,4,A,골목상권,1000271,동소문로2길,2629,1268,1361,8,361,575,735,574,376,5,162,334,362,209,196,3,199,241,373,365,180
2020,4,A,골목상권,1000270,동소문로26가길,2325,1062,1263,23,336,488,529,546,403,11,90,178,233,281,269,12,246,310,296,265,134
2020,4,A,골목상권,1000269,동소문로15길,13122,7940,5182,60,2012,3087,4057,2407,1499,26,932,1807,2691,1751,733,34,1080,1280,1366,656,766
2020,4,A,골목상권,1000268,동소문로13길,15530,8923,6607,61,2321,3756,4947,2768,1677,27,1042,2114,3047,1895,798,34,1279,1642,1900,873,879
2020,4,A,골목상권,1000267,돌곶이로8길,1501,991,510,3,168,348,339,377,266,0,78,211,198,280,224,3,90,137,141,97,42
2020,4,A,골목상권,1000266,돌곶이로41길,578,281,297,5,93,145,159,113,63,3,42,78,81,42,35,2,51,67,78,71,28
2020,4,A,골목상권,1000265,돌곶이로28길,2464,1679,785,6,192,251,323,451,1241,1,75,134,182,273,1014,5,117,117,141,178,227
2020,4,A,골목상권,1000264,돌곶이로27길,1146,638,508,1,113,202,254,253,323,0,35,95,119,131,258,1,78,107,135,122,65
2020,4,A,골목상권,1000263,돌곶이로22길,2523,1745,778,4,227,361,362,436,1133,0,104,229,227,270,915,4,123,132,135,166,218
2020,4,A,골목상권,1000262,돌곶이로14길,1130,729,401,3,138,285,273,289,142,0,69,183,170,195,112,3,69,102,103,94,30
2020,4,A,골목상권,1000261,길음로7길,2033,690,1343,9,643,584,388,269,140,0,112,217,147,119,95,9,531,367,241,150,45
2020,4,A,골목상권,1000260,중랑천로10길,3242,2165,1077,11,329,735,995,928,244,10,150,453,692,689,171,1,179,282,303,239,73
2020,4,A,골목상권,1000259,용마산로94길,1479,1008,471,1,135,212,335,428,368,0,46,122,218,335,287,1,89,90,117,93,81
2020,4,A,골목상권,1000258,용마산로118길,1833,1219,614,3,134,257,368,560,511,1,50,110,200,400,458,2,84,147,168,160,53
2020,4,A,골목상권,1000257,용마산로112길,1061,691,370,3,77,147,200,352,282,1,29,62,111,243,245,2,48,85,89,109,37
2020,4,A,골목상권,1000256,용마산로100길,1375,864,511,0,108,178,316,388,385,0,39,93,188,261,283,0,69,85,128,127,102
2020,4,A,골목상권,1000255,신내로7가길,2885,1702,1183,7,421,599,614,650,594,4,252,346,321,339,440,3,169,253,293,311,154
2020,4,A,골목상권,1000254,사가정로54길,2447,1561,886,4,257,394,587,682,523,4,98,209,351,486,413,0,159,185,236,196,110
2020,4,A,골목상권,1000253,사가정로42길,1480,984,496,2,143,326,437,379,193,2,79,194,297,268,144,0,64,132,140,111,49
2020,4,A,골목상권,1000252,봉화산로56길,6034,3615,2419,7,777,1325,1309,1525,1091,6,404,672,687,972,874,1,373,653,622,553,217
2020,4,A,골목상권,1000251,봉화산로4길,1177,649,528,7,163,237,282,241,247,6,79,99,141,134,190,1,84,138,141,107,57
2020,4,A,골목상권,1000250,봉화산로30길,2185,1269,916,11,274,462,498,523,417,10,120,230,272,306,331,1,154,232,226,217,86
2020,4,A,골목상권,1000249,봉우재로33길,2885,1792,1093,6,408,726,863,553,329,3,226,499,471,322,271,3,182,227,392,231,58
2020,4,A,골목상권,1000248,면목로78길,2567,1467,1100,3,353,606,757,571,277,0,176,401,378,294,218,3,177,205,379,277,59
2020,4,A,골목상권,1000247,면목로56길,2604,1612,992,5,254,532,633,676,504,0,94,286,378,479,375,5,160,246,255,197,129
2020,4,A,골목상권,1000246,면목로55길,2381,1425,956,4,284,506,594,560,433,1,120,285,316,372,331,3,164,221,278,188,102
2020,4,A,골목상권,1000245,면목로49길,2892,1746,1146,6,325,625,796,681,459,3,139,346,451,460,347,3,186,279,345,221,112
2020,4,A,골목상권,1000244,면목로48길,2802,1706,1096,6,308,506,636,752,594,2,99,241,361,531,472,4,209,265,275,221,122
2020,4,A,골목상권,1000243,면목로45길,2478,1502,976,5,260,477,642,635,459,2,95,236,362,453,354,3,165,241,280,182,105
2020,4,A,골목상권,1000242,면목로33길,1771,1210,561,3,146,273,467,639,243,2,61,154,307,496,190,1,85,119,160,143,53
2020,4,A,골목상권,1000241,면목로21길,1619,1149,470,1,128,228,394,595,273,1,63,138,260,478,209,0,65,90,134,117,64
2020,4,A,골목상권,1000240,망우로73길,1580,995,585,2,129,243,331,503,372,1,48,97,162,350,337,1,81,146,169,153,35
2020,4,A,골목상권,1000239,망우로68길,1840,1024,816,11,182,275,356,549,467,2,56,90,174,333,369,9,126,185,182,216,98
2020,4,A,골목상권,1000238,동일로163길,1116,609,507,1,113,238,281,312,171,1,33,124,148,186,117,0,80,114,133,126,54
2020,4,A,골목상권,1000237,동일로157길,2828,1746,1082,2,371,654,717,740,344,2,195,416,418,482,233,0,176,238,299,258,111
2020,4,A,골목상권,1000236,동일로149길,1644,1148,496,1,250,431,408,418,136,1,160,301,274,311,101,0,90,130,134,107,35
2020,4,A,골목상권,1000235,동일로140길,2688,1741,947,1,373,630,649,637,398,1,212,366,386,448,328,0,161,264,263,189,70
2020,4,A,골목상권,1000234,동일로139길,1911,1335,576,2,290,481,447,429,262,2,182,319,296,333,203,0,108,162,151,96,59
2020,4,A,골목상권,1000233,동일로139가길,2323,1520,803,2,338,578,560,546,299,2,202,364,338,382,232,0,136,214,222,164,67
2020,4,A,골목상권,1000232,동일로130길,1739,907,832,0,221,381,428,392,317,0,80,163,212,207,245,0,141,218,216,185,72
2020,4,A,골목상권,1000231,동일로123길,2657,1671,986,4,253,497,628,611,664,2,112,252,362,403,540,2,141,245,266,208,124
2020,4,A,골목상권,1000230,동일로112길,4163,2571,1592,5,455,878,1184,921,720,0,216,554,654,565,582,5,239,324,530,356,138
2020,4,A,골목상권,1000229,동일로101길,1342,738,604,2,111,223,316,394,296,1,38,102,165,210,222,1,73,121,151,184,74
2020,4,A,골목상권,1000228,동일로100길,3062,1918,1144,5,382,644,840,712,479,1,186,437,469,435,390,4,196,207,371,277,89
2020,4,A,골목상권,1000227,답십리로75길,1647,1158,489,2,146,269,413,594,223,1,61,158,284,477,177,1,85,111,129,117,46
2020,4,A,골목상권,1000226,공릉로2길,1693,846,847,0,190,354,448,430,271,0,59,167,211,219,190,0,131,187,237,211,81
2020,4,A,골목상권,1000225,공릉로12가길,1387,675,712,5,120,302,379,375,206,1,41,141,168,184,140,4,79,161,211,191,66
2020,4,A,골목상권,1000224,겸재로54길,1723,989,734,2,149,360,435,489,288,0,52,182,235,314,206,2,97,178,200,175,82
2020,4,A,골목상권,1000223,겸재로36길,1894,1125,769,2,224,410,491,451,316,1,99,235,263,282,245,1,125,175,228,169,71
2020,4,A,골목상권,1000222,겸재로29길,2514,1442,1072,3,356,591,717,548,299,0,154,393,354,299,242,3,202,198,363,249,57
2020,4,A,골목상권,1000221,휘경로3길,1648,978,670,1,105,240,504,490,308,1,31,114,291,337,204,0,74,126,213,153,104
2020,4,A,골목상권,1000220,휘경로2길,3049,1311,1738,1,618,820,765,547,298,0,109,292,374,339,197,1,509,528,391,208,101
2020,4,A,골목상권,1000219,휘경로23길,614,320,294,1,67,110,160,169,107,1,22,58,78,92,69,0,45,52,82,77,38
2020,4,A,골목상권,1000218,휘경로14길,1479,863,616,2,157,276,399,372,273,0,59,153,246,256,149,2,98,123,153,116,124
2020,4,A,골목상권,1000217,한천로46길,2745,1664,1081,7,257,609,744,699,429,4,108,329,405,450,368,3,149,280,339,249,61
2020,4,A,골목상권,1000216,한천로40길,3901,2396,1505,42,1579,638,549,630,463,24,890,432,324,364,362,18,689,206,225,266,101
2020,4,A,골목상권,1000215,한천로33길,3866,2281,1585,44,1555,669,619,604,375,25,889,443,365,303,256,19,666,226,254,301,119
2020,4,A,골목상권,1000214,한천로14길,4755,3015,1740,10,482,875,1053,1151,1184,8,265,564,729,724,725,2,217,311,324,427,459
2020,4,A,골목상권,1000213,천호대로97길,2965,1783,1182,3,272,446,561,649,1034,1,124,255,305,374,724,2,148,191,256,275,310
2020,4,A,골목상권,1000212,천호대로77길,7115,4648,2467,42,1435,1733,1428,1183,1294,11,692,1167,993,781,1004,31,743,566,435,402,290
2020,4,A,골목상권,1000211,천호대로45길,3003,1572,1431,4,394,735,773,837,260,3,173,340,347,530,179,1,221,395,426,307,81
2020,4,A,골목상권,1000210,천호대로17길,6749,4474,2275,19,1205,1945,1500,1062,1018,8,649,1242,1040,758,777,11,556,703,460,304,241
2020,4,A,골목상권,1000209,천호대로12길,7588,3791,3797,17,654,1869,2390,2008,650,5,311,1118,1104,826,427,12,343,751,1286,1182,223
2020,4,A,골목상권,1000208,천장산로7길,1507,887,620,1,143,268,481,414,200,1,46,118,281,284,157,0,97,150,200,130,43
2020,4,A,골목상권,1000207,제기로5길,935,590,345,1,67,174,296,222,175,1,33,90,177,153,136,0,34,84,119,69,39
2020,4,A,골목상권,1000206,제기로21길,2839,1722,1117,3,462,786,682,637,269,2,167,399,457,465,232,1,295,387,225,172,37
2020,4,A,골목상권,1000205,전농로4길,4531,3351,1180,21,816,1152,1084,816,642,20,613,873,800,557,488,1,203,279,284,259,154
2020,4,A,골목상권,1000204,전농로3길,5028,2106,2922,6,712,1005,1480,1452,373,3,484,665,450,279,225,3,228,340,1030,1173,148
2020,4,A,골목상권,1000203,전농로29길,2714,1526,1188,4,365,562,704,736,343,1,149,259,429,454,234,3,216,303,275,282,109
2020,4,A,골목상권,1000202,장한로8길,5023,3212,1811,13,542,925,1072,1109,1362,9,274,576,665,701,987,4,268,349,407,408,375
2020,4,A,골목상권,1000201,장한로5길,5323,3412,1911,16,511,879,1104,1211,1602,12,281,571,744,755,1049,4,230,308,360,456,553
2020,4,A,골목상권,1000200,장한로27길,5011,2537,2474,51,1855,967,882,799,457,31,974,542,372,353,265,20,881,425,510,446,192
2020,4,A,골목상권,1000199,장한로27가길,5462,2697,2765,50,1892,1073,1078,938,431,31,977,583,448,388,270,19,915,490,630,550,161
2020,4,A,골목상권,1000198,장한로26길,4475,2559,1916,13,776,1044,1177,953,512,9,415,600,587,556,392,4,361,444,590,397,120
2020,4,A,골목상권,1000197,장한로26가길,3157,1546,1611,2,436,691,837,757,434,1,156,334,371,389,295,1,280,357,466,368,139
2020,4,A,골목상권,1000196,장한로25길,2822,1232,1590,11,422,622,742,672,353,8,155,291,285,291,202,3,267,331,457,381,151
2020,4,A,골목상권,1000195,장한로14길,2657,1721,936,1,344,567,590,714,441,0,183,363,374,464,337,1,161,204,216,250,104
2020,4,A,골목상권,1000194,이문로42길,1875,896,979,2,236,373,458,469,337,1,77,189,213,209,207,1,159,184,245,260,130
2020,4,A,골목상권,1000193,왕산로43길,2884,1522,1362,2,423,750,539,578,592,2,174,472,259,286,329,0,249,278,280,292,263
2020,4,A,골목상권,1000192,왕산로33길,1277,685,592,3,165,207,251,351,300,2,71,118,146,162,186,1,94,89,105,189,114
2020,4,A,골목상권,1000191,왕산로32길,2790,1398,1392,4,356,682,704,775,269,3,136,293,297,488,181,1,220,389,407,287,88
2020,4,A,골목상권,1000190,약령시로17길,1197,647,550,0,100,194,256,364,283,0,47,96,132,171,201,0,53,98,124,193,82
2020,4,A,골목상권,1000189,서울시립대로4길,1374,920,454,5,205,281,370,322,191,3,135,171,236,225,150,2,70,110,134,97,41
2020,4,A,골목상권,1000188,서울시립대로29길,2817,1495,1322,5,375,592,640,678,527,2,120,239,337,390,407,3,255,353,303,288,120
2020,4,A,골목상권,1000187,서울시립대로16길,1212,705,507,2,157,239,338,315,161,1,73,132,206,200,93,1,84,107,132,115,68
2020,4,A,골목상권,1000186,사가정로2길,5921,2739,3182,6,842,1281,1651,1543,598,1,558,846,593,346,395,5,284,435,1058,1197,203
2020,4,A,골목상권,1000185,사가정로23가길,2757,1624,1133,7,243,514,745,769,479,4,107,272,387,451,403,3,136,242,358,318,76
2020,4,A,골목상권,1000184,사가정로13길,3844,2135,1709,3,409,833,1054,1019,526,1,191,398,597,596,352,2,218,435,457,423,174
2020,4,A,골목상권,1000183,무학로45길,3892,2514,1378,6,635,942,861,797,651,1,265,586,560,574,528,5,370,356,301,223,123
2020,4,A,골목상권,1000182,무학로16길,6673,4996,1677,44,537,1158,1534,2228,1172,30,339,869,1214,1655,889,14,198,289,320,573,283
2020,4,A,골목상권,1000181,망우로21길,2985,1539,1446,4,476,624,771,769,341,1,138,335,448,437,180,3,338,289,323,332,161
2020,4,A,골목상권,1000180,망우로18길,3637,1908,1729,3,523,764,946,984,417,1,160,354,548,589,256,2,363,410,398,395,161
2020,4,A,골목상권,1000179,망우로18가길,1678,939,739,2,157,343,451,474,251,0,74,131,251,308,175,2,83,212,200,166,76
2020,4,A,골목상권,1000178,답십리로72길,4692,2705,1987,14,840,1135,1265,971,467,10,456,674,650,563,352,4,384,461,615,408,115
2020,4,A,골목상권,1000177,답십리로69길,2975,1406,1569,4,394,595,796,749,437,2,133,276,322,362,311,2,261,319,474,387,126
2020,4,A,골목상권,1000176,답십리로68길,4296,2087,2209,10,547,830,982,1006,921,9,238,431,475,481,453,1,309,399,507,525,468
2020,4,A,골목상권,1000175,답십리로64길,3592,1860,1732,14,351,550,734,948,995,11,178,315,412,456,488,3,173,235,322,492,507
2020,4,A,골목상권,1000174,답십리로63길,3950,2081,1869,49,1679,741,663,541,277,31,917,445,284,227,177,18,762,296,379,314,100
2020,4,A,골목상권,1000173,답십리로60길,2814,1528,1286,10,218,367,546,730,943,8,104,213,339,376,488,2,114,154,207,354,455
2020,4,A,골목상권,1000172,답십리로56길,1642,966,676,7,193,331,415,414,282,5,84,182,226,261,208,2,109,149,189,153,74
2020,4,A,골목상권,1000171,답십리로23길,621,354,267,0,53,109,142,155,162,0,36,69,95,81,73,0,17,40,47,74,89
2020,4,A,골목상권,1000170,난계로30길,11888,6465,5423,26,1011,2333,3278,3040,2200,15,518,1425,1712,1450,1345,11,493,908,1566,1590,855
2020,4,A,골목상권,1000169,경희대로4길,2471,851,1620,1,635,796,539,319,181,1,118,263,205,132,132,0,517,533,334,187,49
2020,4,A,골목상권,1000168,경희대로3길,1887,985,902,3,421,627,363,278,195,2,150,306,216,169,142,1,271,321,147,109,53
2020,4,A,골목상권,1000167,천호대로129길,4015,2458,1557,57,613,763,1054,994,534,25,326,456,705,595,351,32,287,307,349,399,183
2020,4,A,골목상권,1000166,천호대로123길,3663,2023,1640,12,472,752,948,854,625,4,247,428,501,410,433,8,225,324,447,444,192
2020,4,A,골목상권,1000165,천호대로109길,4122,2443,1679,12,675,953,1056,806,620,7,368,568,606,448,446,5,307,385,450,358,174
2020,4,A,골목상권,1000164,자양번영로3길,2410,1751,659,5,268,492,717,699,229,3,184,349,521,521,173,2,84,143,196,178,56
2020,4,A,골목상권,1000163,자양로53길,3133,1922,1211,7,338,584,936,852,416,3,155,354,590,521,299,4,183,230,346,331,117
2020,4,A,골목상권,1000162,자양로50길,3389,2111,1278,55,516,563,871,921,463,24,288,333,588,579,299,31,228,230,283,342,164
2020,4,A,골목상권,1000161,자양로45길,3528,1956,1572,18,389,699,906,884,632,8,170,399,508,438,433,10,219,300,398,446,199
2020,4,A,골목상권,1000160,자양로26길,11120,9301,1819,8,645,1498,3166,4721,1082,7,395,1137,2640,4179,943,1,250,361,526,542,139
2020,4,A,골목상권,1000159,자양로15길,14033,10711,3322,15,963,2057,3878,5600,1520,11,438,1259,3031,4713,1259,4,525,798,847,887,261
2020,4,A,골목상권,1000158,자양로11길,4146,2273,1873,13,510,846,1120,1097,560,9,194,432,630,617,391,4,316,414,490,480,169
2020,4,A,골목상권,1000157,용마산로3길,3963,2259,1704,12,592,827,1025,859,648,4,333,474,558,438,452,8,259,353,467,421,196
2020,4,A,골목상권,1000156,용마산로21길,3266,1755,1511,52,500,666,824,773,451,6,177,324,426,465,357,46,323,342,398,308,94
2020,4,A,골목상권,1000155,아차산로78길,13980,8708,5272,179,4372,3794,2639,2038,958,56,2128,2558,1845,1418,703,123,2244,1236,794,620,255
2020,4,A,골목상권,1000154,아차산로65길,5416,3292,2124,9,825,1240,1171,1078,1093,3,489,877,821,559,543,6,336,363,350,519,550
2020,4,A,골목상권,1000153,아차산로55길,6399,3241,3158,11,462,1050,1872,2133,871,8,211,550,1006,966,500,3,251,500,866,1167,371
2020,4,A,골목상권,1000152,아차산로51길,14145,10878,3267,14,898,2236,3957,5628,1412,11,462,1418,3051,4759,1177,3,436,818,906,869,235
2020,4,A,골목상권,1000151,아차산로40길,2465,1497,968,8,381,560,656,533,327,5,188,318,401,323,262,3,193,242,255,210,65
2020,4,A,골목상권,1000150,면목로17길,1926,1424,502,3,185,382,468,611,277,0,108,283,338,487,208,3,77,99,130,124,69
2020,4,A,골목상권,1000149,뚝섬로64길,3109,1715,1394,4,279,676,816,901,433,1,128,384,446,452,304,3,151,292,370,449,129
2020,4,A,골목상권,1000148,뚝섬로58길,3129,1834,1295,13,357,640,850,913,356,9,224,372,481,482,266,4,133,268,369,431,90
2020,4,A,골목상권,1000147,뚝섬로54길,2167,1408,759,14,469,477,538,459,210,10,355,322,305,250,166,4,114,155,233,209,44
2020,4,A,골목상권,1000146,뚝섬로48길,2096,1462,634,7,385,414,538,518,234,4,273,293,365,350,177,3,112,121,173,168,57
2020,4,A,골목상권,1000145,뚝섬로24길,764,520,244,5,87,139,162,166,205,4,47,93,102,107,167,1,40,46,60,59,38
2020,4,A,골목상권,1000144,뚝섬로23길,1254,788,466,9,148,237,279,287,294,8,75,133,167,179,226,1,73,104,112,108,68
2020,4,A,골목상권,1000143,동일로24길,3094,2015,1079,13,419,693,812,642,515,6,211,440,547,411,400,7,208,253,265,231,115
2020,4,A,골목상권,1000142,동일로18길,4424,2913,1511,26,523,877,1104,1066,828,20,262,551,712,743,625,6,261,326,392,323,203
2020,4,A,골목상권,1000141,능동로4길,2258,1685,573,7,267,584,648,542,210,2,189,451,491,398,154,5,78,133,157,144,56
2020,4,A,골목상권,1000140,능동로3길,2129,1681,448,9,225,532,590,525,248,5,165,433,476,408,194,4,60,99,114,117,54
2020,4,A,골목상권,1000139,능동로34길,4493,2629,1864,9,675,1001,1143,949,716,4,373,577,667,509,499,5,302,424,476,440,217
2020,4,A,골목상권,1000138,능동로19길,1993,1264,729,2,200,302,497,650,342,0,76,165,320,437,266,2,124,137,177,213,76
2020,4,A,골목상권,1000137,능동로13길,4553,2803,1750,7,669,1058,1229,1063,527,3,315,632,803,641,409,4,354,426,426,422,118
2020,4,A,골목상권,1000136,긴고랑로9길,1980,983,997,53,378,344,489,433,283,6,118,181,232,239,207,47,260,163,257,194,76
2020,4,A,골목상권,1000135,긴고랑로8길,5420,2611,2809,79,1401,1029,1086,1266,559,25,598,551,538,502,397,54,803,478,548,764,162
2020,4,A,골목상권,1000134,긴고랑로7길,3060,1768,1292,53,541,661,682,674,449,6,214,383,383,426,356,47,327,278,299,248,93
2020,4,A,골목상권,1000133,긴고랑로20길,3283,1719,1564,57,615,678,815,706,412,10,280,394,410,366,259,47,335,284,405,340,153
2020,4,A,골목상권,1000132,광나루로52길,9838,5349,4489,11,1019,1942,2434,2779,1653,6,585,1271,1501,1178,808,5,434,671,933,1601,845
2020,4,A,골목상권,1000131,광나루로40길,1969,1079,890,3,238,444,549,492,243,1,97,227,302,276,176,2,141,217,247,216,67
2020,4,A,골목상권,1000130,광나루로37길,1980,1078,902,2,219,408,502,523,326,1,76,190,254,301,256,1,143,218,248,222,70
2020,4,A,골목상권,1000129,광나루로36길,2682,1763,919,3,398,720,634,630,297,1,216,459,407,436,244,2,182,261,227,194,53
2020,4,A,골목상권,1000128,광나루로24길,1255,912,343,2,99,164,339,443,208,0,47,108,239,342,176,2,52,56,100,101,32
2020,4,A,골목상권,1000127,광나루로12길,3398,1952,1446,4,531,874,868,700,421,1,268,518,526,340,299,3,263,356,342,360,122
2020,4,A,골목상권,1000126,한림말길,13906,9816,4090,21,1965,4373,4011,2983,553,15,733,2938,3234,2518,378,6,1232,1435,777,465,175
2020,4,A,골목상권,1000125,한림말3길,4514,1697,2817,5,1162,1329,1012,717,289,0,285,463,467,332,150,5,877,866,545,385,139
2020,4,A,골목상권,1000124,청계천로10나길,8716,5845,2871,46,796,1707,2077,2834,1256,33,441,1062,1400,2005,904,13,355,645,677,829,352
2020,4,A,골목상권,1000123,장터길,934,408,526,1,110,227,249,238,109,0,28,86,114,112,68,1,82,141,135,126,41
2020,4,A,골목상권,1000122,용답중앙길,5789,2733,3056,7,815,1244,1633,1519,571,2,560,857,601,343,370,5,255,387,1032,1176,201
2020,4,A,골목상권,1000121,용답29길,8662,5091,3571,27,1495,2040,2283,1941,876,22,1118,1520,1135,669,627,5,377,520,1148,1272,249
2020,4,A,골목상권,1000120,왕십리로6길,7264,4704,2560,27,1259,1744,1605,1402,1227,19,714,1132,1034,944,861,8,545,612,571,458,366
2020,4,A,골목상권,1000119,왕십리로31길,3548,2008,1540,18,697,788,769,756,520,6,205,443,526,502,326,12,492,345,243,254,194
2020,4,A,골목상권,1000118,왕십리로26길,6654,3331,3323,18,1042,1228,1446,1783,1137,4,381,706,866,893,481,14,661,522,580,890,656
2020,4,A,골목상권,1000117,왕십리로21길,1515,781,734,1,187,321,403,404,199,0,71,141,204,221,144,1,116,180,199,183,55
2020,4,A,골목상권,1000116,왕십리로14길,5086,3544,1542,18,769,999,1018,1140,1142,14,450,658,670,835,917,4,319,341,348,305,225
2020,4,A,골목상권,1000115,아차산로5길,9775,6281,3494,38,1502,2414,2298,1907,1616,25,865,1548,1526,1214,1103,13,637,866,772,693,513
2020,4,A,골목상권,1000114,아차산로15길,12223,8023,4200,52,1906,3102,3255,2484,1424,41,1007,2064,2204,1616,1091,11,899,1038,1051,868,333
2020,4,A,골목상권,1000113,아차산로11길,17999,11757,6242,66,3025,4638,4518,3640,2112,48,1693,3158,3070,2212,1576,18,1332,1480,1448,1428,536
2020,4,A,골목상권,1000112,송정4가길,5430,3327,2103,9,898,1444,1399,1020,660,3,455,898,890,601,480,6,443,546,509,419,180
2020,4,A,골목상권,1000111,송정12라길,841,408,433,1,94,153,198,229,166,0,29,73,91,109,106,1,65,80,107,120,60
2020,4,A,골목상권,1000110,성수일로6길,19921,12818,7103,79,3614,5323,4621,3601,2683,56,2042,3547,3112,2240,1821,23,1572,1776,1509,1361,862
2020,4,A,골목상권,1000109,성수이로7길,15268,9362,5906,70,3328,4144,3343,2613,1770,44,1645,2669,2210,1538,1256,26,1683,1475,1133,1075,514
2020,4,A,골목상권,1000108,성수이로18길,19110,12036,7074,144,3817,4756,4454,3682,2257,89,1922,3107,2991,2302,1625,55,1895,1649,1463,1380,632
2020,4,A,골목상권,1000107,성덕정길,2631,1722,909,3,239,473,607,782,527,2,125,317,393,540,345,1,114,156,214,242,182
2020,4,A,골목상권,1000106,성덕정17길,4785,3353,1432,79,805,1244,1217,956,484,39,481,882,887,680,384,40,324,362,330,276,100
2020,4,A,골목상권,1000105,서울숲2길,2591,1654,937,5,386,534,625,594,447,4,159,321,384,419,367,1,227,213,241,175,80
2020,4,A,골목상권,1000104,상원길,7684,5001,2683,33,1293,1930,1773,1442,1213,23,766,1276,1185,958,793,10,527,654,588,484,420
2020,4,A,골목상권,1000103,상원12길,4697,3328,1369,19,695,908,930,1048,1097,14,419,634,651,746,864,5,276,274,279,302,233
2020,4,A,골목상권,1000102,사근동길,2512,1782,730,2,144,443,815,743,365,2,54,289,563,579,295,0,90,154,252,164,70
2020,4,A,골목상권,1000101,무학봉길,1081,535,546,1,139,248,287,259,147,1,52,115,138,124,105,0,87,133,149,135,42
2020,4,A,골목상권,1000100,무학봉28길,3725,2164,1561,12,559,795,870,897,592,2,212,465,548,574,363,10,347,330,322,323,229
2020,4,A,골목상권,1000099,무학로6길,5587,2607,2980,19,915,985,1139,1446,1083,4,332,567,644,620,440,15,583,418,495,826,643
2020,4,A,골목상권,1000098,무수막길,679,380,299,0,75,129,163,160,152,0,25,60,89,90,116,0,50,69,74,70,36
2020,4,A,골목상권,1000097,매봉길,1094,570,524,1,102,264,300,308,119,0,29,126,178,163,74,1,73,138,122,145,45
2020,4,A,골목상권,1000096,마조로1길,3520,2522,998,0,245,654,1049,1086,486,0,99,435,752,862,374,0,146,219,297,224,112
2020,4,A,골목상권,1000095,마조로16길,1505,918,587,1,177,277,358,417,275,1,78,162,206,264,207,0,99,115,152,153,68
2020,4,A,골목상권,1000094,마장로39길,1481,987,494,1,145,233,349,437,316,1,87,154,216,291,238,0,58,79,133,146,78
2020,4,A,골목상권,1000093,마장로27길,8509,5092,3417,39,917,1342,1816,2804,1591,29,425,861,1213,1670,894,10,492,481,603,1134,697
2020,4,A,골목상권,1000092,뚝섬로5길,8814,5702,3112,35,1634,2623,2123,1448,951,20,875,1689,1433,989,696,15,759,934,690,459,255
2020,4,A,골목상권,1000091,둘레9길,3374,2333,1041,7,364,796,895,832,480,5,211,628,643,554,292,2,153,168,252,278,188
2020,4,A,골목상권,1000090,금호산길,1475,833,642,2,190,354,362,303,264,2,63,180,206,184,198,0,127,174,156,119,66
2020,4,A,골목상권,1000089,금호산2길,2853,1176,1677,16,339,857,1053,394,194,1,108,294,448,187,138,15,231,563,605,207,56
2020,4,A,골목상권,1000088,고산자로6길,4971,2984,1987,12,659,1084,1372,1214,630,2,206,570,863,850,493,10,453,514,509,364,137
2020,4,A,골목상권,1000087,후암로28길,3499,2332,1167,5,330,605,1151,1006,402,4,135,345,844,725,279,1,195,260,307,281,123
2020,4,A,골목상권,1000086,효창원로39길,6649,4579,2070,21,1208,1796,1823,1289,512,14,670,1302,1313,906,374,7,538,494,510,383,138
2020,4,A,골목상권,1000085,회나무로13길,1052,594,458,2,137,281,267,205,160,0,63,144,136,121,130,2,74,137,131,84,30
2020,4,A,골목상권,1000084,한남대로20길,18863,14261,4602,39,2876,5155,4808,5107,878,31,1410,3407,3963,4709,741,8,1466,1748,845,398,137
2020,4,A,골목상권,1000083,한강대로88길,3952,1815,2137,11,649,1471,1056,506,259,4,167,568,572,327,177,7,482,903,484,179,82
2020,4,A,골목상권,1000082,한강대로7길,9300,5247,4053,15,1043,2286,3042,2124,790,7,453,1206,1646,1405,530,8,590,1080,1396,719,260
2020,4,A,골목상권,1000081,한강대로62길,15932,7729,8203,61,3485,5114,4374,2273,625,30,1377,2333,2253,1355,381,31,2108,2781,2121,918,244
2020,4,A,골목상권,1000080,한강대로52길,25834,9922,15912,128,6440,8327,7146,2984,809,54,2309,3034,2590,1432,503,74,4131,5293,4556,1552,306
2020,4,A,골목상권,1000079,한강대로43길,27127,10372,16755,153,7139,9391,7217,2423,804,71,2574,3620,2609,980,518,82,4565,5771,4608,1443,286
2020,4,A,골목상권,1000078,한강대로15길,8277,4527,3750,11,827,1963,2797,1995,684,6,309,971,1448,1323,470,5,518,992,1349,672,214
2020,4,A,골목상권,1000077,한강대로104길,36052,21422,14630,180,11153,11590,7342,3944,1843,24,3407,7445,5886,3240,1420,156,7746,4145,1456,704,423
2020,4,A,골목상권,1000076,청파로73길,4721,2547,2174,10,913,1365,965,784,684,5,300,628,566,511,537,5,613,737,399,273,147
2020,4,A,골목상권,1000075,청파로71길,6797,3510,3287,8,1504,1964,1330,1123,868,3,431,888,775,731,682,5,1073,1076,555,392,186
2020,4,A,골목상권,1000074,청파로47나길,6480,3174,3306,11,1149,1831,1425,1178,886,6,301,709,739,749,670,5,848,1122,686,429,216
2020,4,A,골목상권,1000073,청파로47길,7345,4142,3203,31,1393,2513,1795,1096,517,14,618,1336,1078,735,361,17,775,1177,717,361,156
2020,4,A,골목상권,1000072,장문로45길,4115,2951,1164,32,578,1180,1192,829,304,22,313,825,916,643,232,10,265,355,276,186,72
2020,4,A,골목상권,1000071,이태원로54길,12930,8355,4575,42,2700,4776,3105,1813,494,23,1251,2857,2315,1566,343,19,1449,1919,790,247,151
2020,4,A,골목상권,1000070,이태원로27길,17872,8709,9163,49,4899,6777,3836,1789,522,28,1439,3078,2376,1391,397,21,3460,3699,1460,398,125
2020,4,A,골목상권,1000069,이촌로22길,3232,2176,1056,11,493,860,915,676,277,4,252,552,689,507,172,7,241,308,226,169,105
2020,4,A,골목상권,1000068,원효로89길,8896,6141,2755,41,1655,2966,2333,1332,569,16,888,1947,1799,1072,419,25,767,1019,534,260,150
2020,4,A,골목상권,1000067,원효로53길,5634,3975,1659,25,859,1695,1558,892,605,18,526,1240,1133,617,441,7,333,455,425,275,164
2020,4,A,골목상권,1000066,원효로41길,6829,4947,1882,28,1098,2181,1898,1182,442,15,626,1544,1466,944,352,13,472,637,432,238,90
2020,4,A,골목상권,1000065,원효로19길,8012,5809,2203,31,1316,2537,2176,1373,579,15,750,1802,1695,1091,456,16,566,735,481,282,123
2020,4,A,골목상권,1000064,우사단로4길,2880,1830,1050,3,448,948,794,491,196,2,133,579,586,385,145,1,315,369,208,106,51
2020,4,A,골목상권,1000063,우사단로14길,5875,3406,2469,31,1371,2016,1430,723,304,16,503,1093,1025,555,214,15,868,923,405,168,90
2020,4,A,골목상권,1000062,우사단로10길,4890,2621,2269,26,907,1656,1262,703,336,10,249,845,824,501,192,16,658,811,438,202,144
2020,4,A,골목상권,1000061,신흥로20길,2563,1659,904,2,324,477,813,752,195,2,118,274,586,545,134,0,206,203,227,207,61
2020,4,A,골목상권,1000060,소월로20길,2112,1428,684,0,196,392,707,673,144,0,77,220,527,502,102,0,119,172,180,171,42
2020,4,A,골목상권,1000059,서빙고로71길,5642,3293,2349,2,725,1658,2088,833,336,0,250,673,1464,674,232,2,475,985,624,159,104
2020,4,A,골목상권,1000058,백범로90길,5637,3729,1908,38,1004,1627,1387,992,589,23,564,1101,985,658,398,15,440,526,402,334,191
2020,4,A,골목상권,1000057,백범로79길,4502,2899,1603,22,667,1156,1105,895,657,13,361,755,740,584,446,9,306,401,365,311,211
2020,4,A,골목상권,1000056,두텁바위로1길,8157,4692,3465,19,1343,2358,2180,1545,712,8,412,1114,1467,1139,552,11,931,1244,713,406,160
2020,4,A,골목상권,1000055,대사관로34길,5784,4038,1746,52,932,1551,1468,1050,731,39,528,1057,1090,782,542,13,404,494,378,268,189
2020,4,A,골목상권,1000054,녹사평대로46길,9993,4025,5968,16,3300,4161,1822,524,170,5,776,1717,997,398,132,11,2524,2444,825,126,38
2020,4,A,골목상권,1000053,녹사평대로40나길,2385,1253,1132,6,316,719,598,567,179,5,113,319,313,371,132,1,203,400,285,196,47
2020,4,A,골목상권,1000052,녹사평대로32길,2868,1497,1371,14,486,847,659,621,241,11,177,375,350,402,182,3,309,472,309,219,59
2020,4,A,골목상권,1000051,녹사평대로26길,6173,3582,2591,31,1164,1704,1560,1176,538,18,527,929,944,791,373,13,637,775,616,385,165
2020,4,A,골목상권,1000050,녹사평대로11길,2064,1125,939,2,295,517,651,378,221,0,90,266,388,247,134,2,205,251,263,131,87
2020,4,A,골목상권,1000049,퇴계로90길,2340,1262,1078,6,384,594,555,454,347,6,172,281,281,269,253,0,212,313,274,185,94
2020,4,A,골목상권,1000048,퇴계로8길,40352,22269,18083,168,7554,13382,11011,6350,1887,49,3063,7131,6203,4612,1211,119,4491,6251,4808,1738,676
2020,4,A,골목상권,1000047,퇴계로56길,46130,22957,23173,475,13559,12158,9834,7281,2823,195,6451,7253,5636,2525,897,280,7108,4905,4198,4756,1926
2020,4,A,골목상권,1000046,퇴계로46길,7358,4531,2827,39,1345,1788,1912,1395,879,20,585,1039,1276,967,644,19,760,749,636,428,235
2020,4,A,골목상권,1000045,퇴계로18길,21805,10426,11379,69,3104,6809,7093,3775,955,11,996,3010,3117,2725,567,58,2108,3799,3976,1050,388
2020,4,A,골목상권,1000044,퇴계로12길,26422,13011,13411,140,4810,8216,7892,4320,1044,42,1706,3903,3780,2936,644,98,3104,4313,4112,1384,400
2020,4,A,골목상권,1000043,청구로1길,3640,1960,1680,6,508,951,871,792,512,3,172,478,531,479,297,3,336,473,340,313,215
2020,4,A,골목상권,1000042,청구로17길,8635,4699,3936,17,1623,2359,2025,1733,878,6,591,1271,1211,1044,576,11,1032,1088,814,689,302
2020,4,A,골목상권,1000041,장충단로8길,11253,6178,5075,32,1960,3119,3017,2360,765,5,686,1825,1809,1370,483,27,1274,1294,1208,990,282
2020,4,A,골목상권,1000040,삼일대로4길,30429,16439,13990,112,5902,9352,8151,4979,1933,33,2050,5138,4755,3182,1281,79,3852,4214,3396,1797,652
2020,4,A,골목상권,1000039,명동길,71495,34548,36947,303,20557,24257,14903,9392,2083,97,6091,10970,9400,6561,1429,206,14466,13287,5503,2831,654
2020,4,A,골목상권,1000038,동호로8길,4658,2510,2148,13,958,1262,1054,838,533,5,331,731,664,442,337,8,627,531,390,396,196
2020,4,A,골목상권,1000037,동호로20길,12817,6753,6064,45,2550,3524,3201,2598,899,8,851,1970,1848,1463,613,37,1699,1554,1353,1135,286
2020,4,A,골목상권,1000036,동호로15길,7812,4287,3525,16,1500,2148,1861,1562,725,7,567,1144,1111,952,506,9,933,1004,750,610,219
2020,4,A,골목상권,1000035,동호로11길,5028,3300,1728,12,759,1711,1310,878,358,3,388,1211,937,531,230,9,371,500,373,347,128
2020,4,A,골목상권,1000034,동호로10길,6836,3723,3113,17,1312,1820,1519,1314,854,6,483,1029,936,745,524,11,829,791,583,569,330
2020,4,A,골목상권,1000033,다산로39길,2618,1371,1247,9,425,591,630,561,402,2,144,273,347,330,275,7,281,318,283,231,127
2020,4,A,골목상권,1000032,다산로38길,2273,1114,1159,11,398,551,534,446,333,4,128,219,275,260,228,7,270,332,259,186,105
2020,4,A,골목상권,1000031,다산로36길,2442,1186,1256,5,357,635,640,491,314,4,106,262,333,271,210,1,251,373,307,220,104
2020,4,A,골목상권,1000030,다산로33길,5574,2897,2677,12,790,1334,1468,1445,525,4,266,632,791,863,341,8,524,702,677,582,184
2020,4,A,골목상권,1000029,난계로21길,3313,1971,1342,13,399,606,723,744,828,12,216,362,413,456,512,1,183,244,310,288,316
2020,4,A,골목상권,1000028,난계로11길,2321,1306,1015,5,366,628,595,452,275,4,181,347,311,260,203,1,185,281,284,192,72
2020,4,A,골목상권,1000027,필운대로1길,4413,1985,2428,11,618,710,826,1256,992,4,322,378,383,434,464,7,296,332,443,822,528
2020,4,A,골목상권,1000026,평창길,13893,6673,7220,18,1203,3748,5345,2958,621,9,486,1608,2803,1418,349,9,717,2140,2542,1540,272
2020,4,A,골목상권,1000025,통일로12길,1099,504,595,9,253,305,259,176,97,8,83,129,128,87,69,1,170,176,131,89,28
2020,4,A,골목상권,1000024,창신길,773,266,507,2,118,150,173,195,135,1,25,45,76,70,49,1,93,105,97,125,86
2020,4,A,골목상권,1000023,창신5길,1560,587,973,2,184,311,477,360,226,1,43,101,156,150,136,1,141,210,321,210,90
2020,4,A,골목상권,1000022,창신2길,901,410,491,3,106,169,222,210,191,1,27,58,107,106,111,2,79,111,115,104,80
2020,4,A,골목상권,1000021,창경궁로35길,5813,2758,3055,27,756,1319,1559,1342,810,17,245,562,760,705,469,10,511,757,799,637,341
2020,4,A,골목상권,1000020,지봉로8길,1900,811,1089,4,226,368,551,466,285,0,63,141,194,232,181,4,163,227,357,234,104
2020,4,A,골목상권,1000019,종로65길,4112,2215,1897,6,318,483,752,966,1587,0,109,241,412,484,969,6,209,242,340,482,618
2020,4,A,골목상권,1000018,종로58가길,2197,954,1243,7,359,425,597,483,326,7,105,157,231,243,211,0,254,268,366,240,115
2020,4,A,골목상권,1000017,종로24길,6369,4113,2256,22,689,1588,1642,1347,1081,5,312,969,1103,899,825,17,377,619,539,448,256
2020,4,A,골목상권,1000016,자하문로7길,9639,6195,3444,47,1451,2302,2548,2135,1156,2,887,1634,1874,1195,603,45,564,668,674,940,553
2020,4,A,골목상권,1000015,이화장길,11255,7059,4196,21,2049,3568,2887,1860,870,4,844,2133,2040,1452,586,17,1205,1435,847,408,284
2020,4,A,골목상권,1000014,율곡로16길,10582,6889,3693,19,1923,3337,2847,1794,662,3,808,2083,2079,1460,456,16,1115,1254,768,334,206
2020,4,A,골목상권,1000013,율곡로10길,16455,12606,3849,19,1992,5454,4925,3014,1051,7,1161,4109,3995,2506,828,12,831,1345,930,508,223
2020,4,A,골목상권,1000012,옥인길,2008,1072,936,38,440,518,405,385,222,0,140,256,250,258,168,38,300,262,155,127,54
2020,4,A,골목상권,1000011,숭인동길,8281,3317,4964,7,870,1349,1601,2113,2341,0,245,580,725,633,1134,7,625,769,876,1480,1207
2020,4,A,골목상권,1000010,성균관로5길,1914,1040,874,15,346,469,424,374,286,11,118,211,252,253,195,4,228,258,172,121,91
2020,4,A,골목상권,1000009,삼청로5길,8686,7310,1376,1,1103,2426,2948,1866,342,0,848,1946,2550,1663,303,1,255,480,398,203,39
2020,4,A,골목상권,1000008,북촌로5나길,9434,7676,1758,1,1173,2620,3126,2003,511,0,866,2010,2638,1731,431,1,307,610,488,272,80
2020,4,A,골목상권,1000007,북촌로5길,9139,7323,1816,3,1312,2611,2919,1877,417,1,890,2027,2453,1603,349,2,422,584,466,274,68
2020,4,A,골목상권,1000006,북촌로11길,14654,11573,3081,5,1601,4779,4375,2998,896,5,968,3687,3606,2584,723,0,633,1092,769,414,173
2020,4,A,골목상권,1000005,백석동길,4252,2472,1780,18,780,1347,1116,729,262,8,313,748,710,510,183,10,467,599,406,219,79
2020,4,A,골목상권,1000004,명륜길,1696,957,739,11,323,483,360,296,223,11,133,250,224,177,162,0,190,233,136,119,61
2020,4,A,골목상권,1000003,돈화문로11가길,39506,26181,13325,1279,10020,10738,9145,5958,2366,597,5207,7310,6817,4624,1626,682,4813,3428,2328,1334,740
2020,4,A,골목상권,1000002,난계로27길,11773,6288,5485,24,1005,2306,3308,3030,2100,14,498,1408,1718,1410,1240,10,507,898,1590,1620,860
2020,4,A,골목상권,1000001,계동길,13700,10172,3528,7,1421,4634,4218,2628,792,6,720,3381,3297,2165,603,1,701,1253,921,463,189
2020,3,A,골목상권,1001010,풍성로37가길,2748,1678,1070,6,410,594,684,640,414,2,264,372,393,389,258,4,146,222,291,251,156
2020,3,A,골목상권,1001009,천호옛길,6064,3635,2429,9,803,1428,1488,1645,691,5,447,723,830,1088,542,4,356,705,658,557,149
2020,3,A,골목상권,1001008,천호옛14길,2503,1310,1193,8,459,534,594,535,373,2,250,263,287,285,223,6,209,271,307,250,150
2020,3,A,골목상권,1001007,천호대로219길,966,662,304,0,107,187,231,268,173,0,53,131,167,183,128,0,54,56,64,85,45
2020,3,A,골목상권,1001006,천호대로197길,2122,1190,932,2,260,374,420,580,486,2,147,232,225,279,305,0,113,142,195,301,181
2020,3,A,골목상권,1001005,천호대로187길,4336,2078,2258,11,515,786,1018,1163,843,6,222,426,507,425,492,5,293,360,511,738,351
2020,3,A,골목상권,1001004,천호대로170길,5760,3089,2671,12,898,999,1127,1075,1649,7,329,496,608,593,1056,5,569,503,519,482,593
2020,3,A,골목상권,1001003,천호대로162길,3635,2072,1563,6,405,532,675,667,1350,2,221,281,341,374,853,4,184,251,334,293,497
2020,3,A,골목상권,1001002,천중로51길,3276,1938,1338,7,333,588,749,854,745,4,166,368,422,485,493,3,167,220,327,369,252
2020,3,A,골목상권,1001001,천중로39길,3291,2040,1251,8,289,596,840,816,742,3,142,371,504,519,501,5,147,225,336,297,241
2020,3,A,골목상권,1001000,진황도로47길,4044,1908,2136,15,481,761,994,1016,777,9,197,423,509,354,416,6,284,338,485,662,361
2020,3,A,골목상권,1000999,진황도로27길,5557,2819,2738,10,881,1020,1035,997,1614,7,261,431,524,506,1090,3,620,589,511,491,524
2020,3,A,골목상권,1000998,올림픽로98길,2188,1168,1020,1,236,349,409,380,813,1,88,201,227,228,423,0,148,148,182,152,390
2020,3,A,골목상권,1000997,올림픽로80길,1647,861,786,4,168,286,360,392,437,4,68,126,160,184,319,0,100,160,200,208,118
2020,3,A,골목상권,1000996,올림픽로78길,1673,923,750,7,229,286,342,370,439,5,101,146,176,191,304,2,128,140,166,179,135
2020,3,A,골목상권,1000995,올림픽로77길,1824,1010,814,9,219,358,425,396,417,5,104,187,227,203,284,4,115,171,198,193,133
2020,3,A,골목상권,1000994,올림픽로71길,2045,1077,968,9,263,450,478,425,420,5,106,212,261,215,278,4,157,238,217,210,142
2020,3,A,골목상권,1000993,올림픽로48길,21487,15997,5490,42,2391,5926,5023,4923,3182,17,1466,4348,3830,3837,2499,25,925,1578,1193,1086,683
2020,3,A,골목상권,1000992,양재대로96길,3572,1944,1628,10,449,761,838,872,642,9,218,411,470,420,416,1,231,350,368,452,226
2020,3,A,골목상권,1000991,양재대로95길,3064,1793,1271,11,337,586,735,730,665,9,196,372,436,375,405,2,141,214,299,355,260
2020,3,A,골목상권,1000990,양재대로91길,3486,2089,1397,12,425,714,818,829,688,10,215,433,480,480,471,2,210,281,338,349,217
2020,3,A,골목상권,1000989,양재대로133길,3249,1749,1500,13,410,679,812,756,579,2,171,377,420,405,374,11,239,302,392,351,205
2020,3,A,골목상권,1000988,양재대로124길,3733,2287,1446,9,349,663,834,966,912,5,198,420,489,584,591,4,151,243,345,382,321
2020,3,A,골목상권,1000987,양재대로116길,3352,1569,1783,11,364,503,762,986,726,7,191,305,370,330,366,4,173,198,392,656,360
2020,3,A,골목상권,1000986,양재대로101길,6685,3123,3562,24,1129,1353,1558,1517,1104,16,409,696,804,594,604,8,720,657,754,923,500
2020,3,A,골목상권,1000985,암사길,3278,1991,1287,6,444,762,786,823,457,1,218,474,449,539,310,5,226,288,337,284,147
2020,3,A,골목상권,1000984,성안로3길,15719,10725,4994,40,1806,3158,3398,4069,3248,17,1034,1960,2222,2972,2520,23,772,1198,1176,1097,728
2020,3,A,골목상권,1000983,성내로5길,16714,12021,4693,34,1884,5324,4452,3456,1564,14,1096,3858,3287,2564,1202,20,788,1466,1165,892,362
2020,3,A,골목상권,1000982,상일로5길,919,604,315,0,106,183,229,254,147,0,47,119,155,173,110,0,59,64,74,81,37
2020,3,A,골목상권,1000981,상암로5길,4232,1886,2346,5,425,706,904,1038,1154,4,181,380,436,379,506,1,244,326,468,659,648
2020,3,A,골목상권,1000980,상암로51길,2115,953,1162,2,209,386,517,550,451,0,64,187,233,234,235,2,145,199,284,316,216
2020,3,A,골목상권,1000979,상암로4길,2356,1216,1140,3,226,414,513,435,765,2,78,218,271,230,417,1,148,196,242,205,348
2020,3,A,골목상권,1000978,상암로14길,2439,1204,1235,1,252,422,520,471,773,1,82,217,260,224,420,0,170,205,260,247,353
2020,3,A,골목상권,1000977,명일로13길,2370,1260,1110,4,305,501,494,543,523,2,127,257,264,260,350,2,178,244,230,283,173
2020,3,A,골목상권,1000976,동남로85길,1560,790,770,0,154,294,388,398,326,0,61,149,173,196,211,0,93,145,215,202,115
2020,3,A,골목상권,1000975,동남로82길,736,264,472,0,84,156,183,205,108,0,16,53,68,75,52,0,68,103,115,130,56
2020,3,A,골목상권,1000974,동남로65길,862,441,421,1,73,196,209,284,99,1,32,75,97,157,79,0,41,121,112,127,20
2020,3,A,골목상권,1000973,구천면로42길,2512,1353,1159,6,222,495,639,643,507,1,73,225,334,368,352,5,149,270,305,275,155
2020,3,A,골목상권,1000972,구천면로41길,2634,1431,1203,6,283,554,649,636,506,2,100,261,348,366,354,4,183,293,301,270,152
2020,3,A,골목상권,1000971,구천면로36길,1476,794,682,2,133,234,306,342,459,2,46,101,142,159,344,0,87,133,164,183,115
2020,3,A,골목상권,1000970,고덕로61길,1417,657,760,0,141,288,399,394,195,0,55,130,168,181,123,0,86,158,231,213,72
2020,3,A,골목상권,1000969,고덕로25길,1210,622,588,3,114,166,214,296,417,1,42,87,90,125,277,2,72,79,124,171,140
2020,3,A,골목상권,1000968,고덕로10길,3507,1517,1990,3,312,511,710,863,1108,2,130,290,342,281,472,1,182,221,368,582,636
2020,3,A,골목상권,1000967,강동대로53길,4393,2785,1608,8,584,1064,1191,921,625,7,323,676,750,580,449,1,261,388,441,341,176
2020,3,A,골목상권,1000966,풍성로25길,2354,1231,1123,7,336,468,530,628,385,4,169,231,267,285,275,3,167,237,263,343,110
2020,3,A,골목상권,1000965,오금로46길,5777,3859,1918,17,613,1012,1039,1099,1997,13,360,664,635,635,1552,4,253,348,404,464,445
2020,3,A,골목상권,1000964,오금로36길,8762,6025,2737,22,1512,2571,2168,1644,845,13,867,1818,1582,1082,663,9,645,753,586,562,182
2020,3,A,골목상권,1000963,오금로11길,24198,13753,10445,51,3788,6203,5486,5235,3435,31,2092,3996,3291,2449,1894,20,1696,2207,2195,2786,1541
2020,3,A,골목상권,1000962,양재대로72길,22772,16675,6097,27,2845,5403,5734,5267,3496,13,1686,3711,4373,4341,2551,14,1159,1692,1361,926,945
2020,3,A,골목상권,1000961,양재대로71길,7301,5438,1863,18,603,1437,1906,2042,1295,14,301,932,1471,1612,1108,4,302,505,435,430,187
2020,3,A,골목상권,1000960,양재대로64길,14088,7953,6135,35,1591,3150,3034,2441,3837,16,726,1837,1925,1220,2229,19,865,1313,1109,1221,1608
2020,3,A,골목상권,1000959,양재대로62길,14774,8253,6521,33,2326,3507,3049,2730,3129,12,943,1946,1867,1367,2118,21,1383,1561,1182,1363,1011
2020,3,A,골목상권,1000958,송파대로30길,22655,13112,9543,70,3001,5092,5005,4472,5015,28,1367,3050,3223,2434,3010,42,1634,2042,1782,2038,2005
2020,3,A,골목상권,1000957,송이로36길,5749,3648,2101,10,864,1367,1427,1263,818,5,510,914,930,680,609,5,354,453,497,583,209
2020,3,A,골목상권,1000956,송이로32길,39353,30162,9191,23,3382,6782,10667,14138,4361,9,1993,4877,8225,11982,3076,14,1389,1905,2442,2156,1285
2020,3,A,골목상권,1000955,송이로23길,14254,7809,6445,69,1826,3028,2781,2547,4003,32,814,1709,1647,1186,2421,37,1012,1319,1134,1361,1582
2020,3,A,골목상권,1000954,삼전로13길,14756,9769,4987,37,2148,3337,3761,3234,2239,19,1136,2194,2607,2186,1627,18,1012,1143,1154,1048,612
2020,3,A,골목상권,1000953,백제고분로50길,17443,9418,8025,47,2805,3940,3800,4087,2764,34,1485,2586,2121,1690,1502,13,1320,1354,1679,2397,1262
2020,3,A,골목상권,1000952,백제고분로46길,16523,11352,5171,68,2506,4002,4361,3846,1740,50,1316,2694,3250,2744,1298,18,1190,1308,1111,1102,442
2020,3,A,골목상권,1000951,백제고분로45길,15378,8720,6658,29,2384,3918,3571,3343,2133,12,1032,2304,2283,1836,1253,17,1352,1614,1288,1507,880
2020,3,A,골목상권,1000950,백제고분로42길,8516,5295,3221,17,1073,2000,1949,1793,1684,4,500,1337,1292,1070,1092,13,573,663,657,723,592
2020,3,A,골목상권,1000949,백제고분로39길,4895,3304,1591,2,549,1286,1258,951,849,0,318,940,865,559,622,2,231,346,393,392,227
2020,3,A,골목상권,1000948,백제고분로34길,5206,3412,1794,15,645,1084,1272,1218,972,11,361,715,831,757,737,4,284,369,441,461,235
2020,3,A,골목상권,1000947,백제고분로33길,5340,3787,1553,11,566,969,1248,992,1554,8,281,596,841,687,1374,3,285,373,407,305,180
2020,3,A,골목상권,1000946,백제고분로32길,6694,4371,2323,13,959,1465,1444,1505,1308,11,566,984,950,922,938,2,393,481,494,583,370
2020,3,A,골목상권,1000945,백제고분로31길,13652,9597,4055,33,1722,2774,3329,2729,3065,28,1019,1936,2383,1827,2404,5,703,838,946,902,661
2020,3,A,골목상권,1000944,백제고분로22길,5641,3796,1845,13,865,1427,1288,1128,920,3,501,1019,906,707,660,10,364,408,382,421,260
2020,3,A,골목상권,1000943,백제고분로21길,14733,9943,4790,35,2165,3401,3692,3281,2159,21,1190,2315,2645,2234,1538,14,975,1086,1047,1047,621
2020,3,A,골목상권,1000942,마천로51길,1842,1001,841,1,175,392,515,491,268,0,100,222,246,225,208,1,75,170,269,266,60
2020,3,A,골목상권,1000941,동남로20길,4695,2916,1779,21,772,1191,1068,1071,572,17,453,774,664,598,410,4,319,417,404,473,162
2020,3,A,골목상권,1000940,거마로20길,1829,931,898,2,188,363,494,501,281,0,86,175,205,240,225,2,102,188,289,261,56
2020,3,A,골목상권,1000939,학동로77길,18382,7897,10485,81,3931,5147,4568,2902,1753,37,1378,2278,1797,1338,1069,44,2553,2869,2771,1564,684
2020,3,A,골목상권,1000938,학동로6길,12693,8132,4561,39,2720,4024,2934,1885,1091,26,1436,2695,2021,1219,735,13,1284,1329,913,666,356
2020,3,A,골목상권,1000937,학동로56길,14387,8425,5962,60,3263,4261,3139,2227,1437,29,1360,2374,2131,1487,1044,31,1903,1887,1008,740,393
2020,3,A,골목상권,1000936,학동로38길,25586,17465,8121,61,4794,7446,6044,3990,3251,17,2220,4888,4642,3174,2524,44,2574,2558,1402,816,727
2020,3,A,골목상권,1000935,테헤란로81길,55909,34430,21479,144,10080,21280,15399,6515,2491,56,4006,12817,11385,4644,1522,88,6074,8463,4014,1871,969
2020,3,A,골목상권,1000934,일원로9길,11032,3873,7159,31,3251,3561,2242,1333,614,3,670,1250,888,634,428,28,2581,2311,1354,699,186
2020,3,A,골목상권,1000933,일원로3길,3277,1943,1334,4,447,623,767,723,713,2,214,361,443,433,490,2,233,262,324,290,223
2020,3,A,골목상권,1000932,영동대로65길,35823,17183,18640,252,6607,8671,7946,7445,4902,110,3080,5179,4298,2640,1876,142,3527,3492,3648,4805,3026
2020,3,A,골목상권,1000931,영동대로112길,79440,60824,18616,152,15774,21126,21341,16831,4216,87,10103,15983,17682,14479,2490,65,5671,5143,3659,2352,1726
2020,3,A,골목상권,1000930,언주로81길,93504,56950,36554,187,17248,26811,24897,20075,4286,88,10236,18756,16178,8748,2944,99,7012,8055,8719,11327,1342
2020,3,A,골목상권,1000929,압구정로2길,12859,8055,4804,41,2476,3955,3398,2011,978,23,1102,2519,2284,1381,746,18,1374,1436,1114,630,232
2020,3,A,골목상권,1000928,선릉로18길,4438,2855,1583,57,877,1242,997,799,466,24,506,809,636,506,374,33,371,433,361,293,92
2020,3,A,골목상권,1000927,선릉로146길,21879,10989,10890,59,5999,7107,4597,2826,1291,15,1736,3412,2772,2148,906,44,4263,3695,1825,678,385
2020,3,A,골목상권,1000926,선릉로133길,21171,13647,7524,57,3803,6112,5428,3754,2017,13,1706,3650,3838,2839,1601,44,2097,2462,1590,915,416
2020,3,A,골목상권,1000925,선릉로132길,14797,8337,6460,62,2966,4134,3407,2601,1627,22,1265,2422,2118,1486,1024,40,1701,1712,1289,1115,603
2020,3,A,골목상권,1000924,선릉로121길,18000,11157,6843,53,3237,4976,4691,3250,1793,22,1435,2912,3203,2224,1361,31,1802,2064,1488,1026,432
2020,3,A,골목상권,1000923,삼성로75길,36407,23199,13208,154,5807,10785,10133,6080,3448,23,2523,6664,7248,4502,2239,131,3284,4121,2885,1578,1209
2020,3,A,골목상권,1000922,삼성로69길,8931,4633,4298,45,1557,2247,1999,1811,1272,28,693,1155,1038,925,794,17,864,1092,961,886,478
2020,3,A,골목상권,1000921,삼성로64길,35162,16304,18858,260,6558,8431,7767,7464,4682,105,3031,4961,4059,2487,1661,155,3527,3470,3708,4977,3021
2020,3,A,골목상권,1000920,삼성로63길,10667,5579,5088,41,1898,2740,2559,2177,1252,26,758,1441,1387,1197,770,15,1140,1299,1172,980,482
2020,3,A,골목상권,1000919,삼성로57길,6636,3581,3055,21,1190,1878,1701,1305,541,10,417,983,958,835,378,11,773,895,743,470,163
2020,3,A,골목상권,1000918,삼성로147길,12296,6043,6253,23,3433,3978,2326,1519,1017,7,1195,1958,1355,891,637,16,2238,2020,971,628,380
2020,3,A,골목상권,1000917,삼성로115길,13425,8468,4957,58,2827,3756,2883,1899,2002,22,1224,2494,2087,1222,1419,36,1603,1262,796,677,583
2020,3,A,골목상권,1000916,봉은사로68길,32233,21159,11074,60,4773,11509,9118,4497,2276,19,2142,7295,7189,3099,1415,41,2631,4214,1929,1398,861
2020,3,A,골목상권,1000915,봉은사로57길,9907,6461,3446,39,2215,3084,2106,1424,1039,25,1014,1834,1606,1150,832,14,1201,1250,500,274,207
2020,3,A,골목상권,1000914,봉은사로43길,24610,15242,9368,76,5118,7378,5787,3797,2454,32,2243,4420,3999,2674,1874,44,2875,2958,1788,1123,580
2020,3,A,골목상권,1000913,봉은사로29길,26224,16731,9493,70,5560,8193,6149,3958,2294,28,2449,5252,4379,2928,1695,42,3111,2941,1770,1030,599
2020,3,A,골목상권,1000912,봉은사로109길,24145,18222,5923,20,4868,7417,6774,4004,1062,6,2796,5509,5700,3406,805,14,2072,1908,1074,598,257
2020,3,A,골목상권,1000911,도산대로89길,15582,8941,6641,53,3591,4910,3627,2340,1061,25,1396,2918,2412,1412,778,28,2195,1992,1215,928,283
2020,3,A,골목상권,1000910,도산대로81길,27385,14619,12766,88,6799,9828,6003,3413,1254,32,2185,5140,3893,2419,950,56,4614,4688,2110,994,304
2020,3,A,골목상권,1000909,도산대로50길,22572,12409,10163,69,5440,7053,5252,3150,1608,22,1757,3485,3447,2427,1271,47,3683,3568,1805,723,337
2020,3,A,골목상권,1000908,도산대로38길,21627,12075,9552,49,4549,6686,5241,3289,1813,15,1620,3499,3348,2260,1333,34,2929,3187,1893,1029,480
2020,3,A,골목상권,1000907,도산대로30길,21588,11934,9654,79,5733,6495,4898,2782,1601,22,2154,3473,3199,1902,1184,57,3579,3022,1699,880,417
2020,3,A,골목상권,1000906,도산대로23길,14193,7539,6654,72,3880,4164,3152,1888,1037,21,1401,2263,1986,1139,729,51,2479,1901,1166,749,308
2020,3,A,골목상권,1000905,도산대로15길,11660,6658,5002,50,3189,3444,2432,1438,1107,14,1246,1951,1646,980,821,36,1943,1493,786,458,286
2020,3,A,골목상권,1000904,도곡로37길,35701,21132,14569,242,9630,10400,8608,4853,1968,84,4137,6467,5875,3069,1500,158,5493,3933,2733,1784,468
2020,3,A,골목상권,1000903,논현로8길,3256,2100,1156,4,503,741,725,654,629,1,248,485,459,431,476,3,255,256,266,223,153
2020,3,A,골목상권,1000902,논현로63길,36667,24758,11909,142,7242,9908,9605,7399,2371,42,2992,6291,7467,6076,1890,100,4250,3617,2138,1323,481
2020,3,A,골목상권,1000901,논현로28길,44952,23368,21584,229,8367,10518,13581,9175,3082,127,4058,6280,6374,4528,2001,102,4309,4238,7207,4647,1081
2020,3,A,골목상권,1000900,논현로26길,40746,21197,19549,210,7278,10726,12390,7170,2972,112,3624,6781,5771,2888,2021,98,3654,3945,6619,4282,951
2020,3,A,골목상권,1000899,논현로159길,7341,3388,3953,26,1678,2112,1628,1135,762,7,485,983,801,583,529,19,1193,1129,827,552,233
2020,3,A,골목상권,1000898,논현로139길,24381,14262,10119,100,6330,7345,5355,3137,2114,31,2532,4251,3691,2146,1611,69,3798,3094,1664,991,503
2020,3,A,골목상권,1000897,논현로123길,9592,5842,3750,41,2250,2774,2004,1467,1056,23,1098,1751,1356,890,724,18,1152,1023,648,577,332
2020,3,A,골목상권,1000896,논현로115길,23492,15502,7990,91,5412,7277,5283,3492,1937,49,2759,4778,3934,2581,1401,42,2653,2499,1349,911,536
2020,3,A,골목상권,1000895,논현로10길,5297,3312,1985,11,748,1190,1301,1096,951,3,375,745,791,659,739,8,373,445,510,437,212
2020,3,A,골목상권,1000894,논현로106길,13899,7758,6141,37,3054,4439,3228,1839,1302,14,1093,2548,2142,1076,885,23,1961,1891,1086,763,417
2020,3,A,골목상권,1000893,남부순환로365길,15923,10455,5468,81,2779,4396,4126,2593,1948,41,1329,3013,2997,1743,1332,40,1450,1383,1129,850,616
2020,3,A,골목상권,1000892,개포로82길,5032,3679,1353,5,764,1532,1246,879,606,3,466,1136,933,639,502,2,298,396,313,240,104
2020,3,A,골목상권,1000891,개포로28길,3568,2437,1131,10,596,991,913,613,445,3,294,656,675,423,386,7,302,335,238,190,59
2020,3,A,골목상권,1000890,개포로20길,12336,8232,4104,27,1910,3544,3270,2170,1415,11,988,2384,2354,1414,1081,16,922,1160,916,756,334
2020,3,A,골목상권,1000889,개포로17길,28812,12804,16008,106,4586,6834,9279,5716,2291,55,2221,3947,3251,1802,1528,51,2365,2887,6028,3914,763
2020,3,A,골목상권,1000888,강남대로140길,20953,11799,9154,51,4593,6512,4708,3179,1910,15,1631,3672,3101,1954,1426,36,2962,2840,1607,1225,484
2020,3,A,골목상권,1000887,강남대로136길,21883,13083,8800,48,4879,7114,5169,3066,1607,20,2064,4299,3523,2024,1153,28,2815,2815,1646,1042,454
2020,3,A,골목상권,1000886,강남대로118길,10604,6747,3857,61,2633,3254,2316,1419,921,42,1455,2142,1577,896,635,19,1178,1112,739,523,286
2020,3,A,골목상권,1000885,서초중앙로8길,38050,20954,17096,82,8143,9265,8034,10092,2434,24,2727,4762,4524,7107,1810,58,5416,4503,3510,2985,624
2020,3,A,골목상권,1000884,방배중앙로21길,16510,8458,8052,20,2629,4012,4628,2955,2266,7,832,1718,2309,1757,1835,13,1797,2294,2319,1198,431
2020,3,A,골목상권,1000883,효령로72길,24614,18420,6194,62,4386,8514,5977,4128,1547,23,2507,6534,4808,3459,1089,39,1879,1980,1169,669,458
2020,3,A,골목상권,1000882,효령로34길,9543,6126,3417,101,1530,2821,2430,1576,1085,32,778,1644,1705,1140,827,69,752,1177,725,436,258
2020,3,A,골목상권,1000881,효령로31길,10396,6972,3424,67,2283,3142,2320,1505,1079,54,1293,2175,1655,999,796,13,990,967,665,506,283
2020,3,A,골목상권,1000880,효령로23길,12360,8243,4117,70,2534,3561,2833,1887,1475,51,1396,2445,2027,1219,1105,19,1138,1116,806,668,370
2020,3,A,골목상권,1000879,청두곶길,13318,6766,6552,23,2174,3922,3771,2298,1130,8,761,1970,1855,1410,762,15,1413,1952,1916,888,368
2020,3,A,골목상권,1000878,주흥길,4434,2544,1890,5,758,1268,1079,818,506,1,301,746,698,452,346,4,457,522,381,366,160
2020,3,A,골목상권,1000877,주흥15길,8390,4402,3988,23,1897,2583,1908,1198,781,7,571,1379,1238,681,526,16,1326,1204,670,517,255
2020,3,A,골목상권,1000876,언남길,15684,10674,5010,57,2338,4446,4140,2875,1828,31,1297,3069,2963,1936,1378,26,1041,1377,1177,939,450
2020,3,A,골목상권,1000875,신반포로45길,9300,5414,3886,32,1924,2692,2293,1366,993,15,732,1544,1578,865,680,17,1192,1148,715,501,313
2020,3,A,골목상권,1000874,서초대로8길,8398,4185,4213,32,1337,2073,2131,1627,1198,17,529,1029,1017,810,783,15,808,1044,1114,817,415
2020,3,A,골목상권,1000873,서초대로64길,37600,20771,16829,57,7011,9434,8670,10586,1842,29,2689,5015,4514,7163,1361,28,4322,4419,4156,3423,481
2020,3,A,골목상권,1000872,서초대로4길,10140,4542,5598,28,1886,2617,2462,1862,1285,11,653,1116,1089,905,768,17,1233,1501,1373,957,517
2020,3,A,골목상권,1000871,서초대로25길,24314,16435,7879,106,4990,7269,5855,4164,1930,58,2305,4767,4433,3344,1528,48,2685,2502,1422,820,402
2020,3,A,골목상권,1000870,서초대로23길,14565,9691,4874,43,2337,3705,3867,3085,1528,22,1049,2314,2748,2370,1188,21,1288,1391,1119,715,340
2020,3,A,골목상권,1000869,서초대로15길,9192,5518,3674,30,1668,2228,2112,1684,1470,19,709,1313,1305,1049,1123,11,959,915,807,635,347
2020,3,A,골목상권,1000868,사평대로57길,9692,5277,4415,23,2181,2959,2377,1412,740,3,729,1591,1581,861,512,20,1452,1368,796,551,228
2020,3,A,골목상권,1000867,사평대로26길,8763,6278,2485,31,1301,2349,2263,1786,1033,13,701,1708,1772,1341,743,18,600,641,491,445,290
2020,3,A,골목상권,1000866,사평대로22길,83130,76093,7037,35,8034,17085,21932,32915,3129,16,6503,14918,20092,31859,2705,19,1531,2167,1840,1056,424
2020,3,A,골목상권,1000865,사임당로17길,18885,10560,8325,54,3095,5532,5094,3752,1358,32,1353,3183,2952,2067,973,22,1742,2349,2142,1685,385
2020,3,A,골목상권,1000864,방배로42길,19353,11886,7467,56,4076,5642,5020,3373,1186,21,1447,3361,3570,2531,956,35,2629,2281,1450,842,230
2020,3,A,골목상권,1000863,방배로35길,14040,8753,5287,45,2919,3994,3226,2662,1194,10,1039,2388,2311,2037,968,35,1880,1606,915,625,226
2020,3,A,골목상권,1000862,방배로18길,16840,11174,5666,81,3310,5220,4087,3098,1044,62,1567,3114,3035,2604,792,19,1743,2106,1052,494,252
2020,3,A,골목상권,1000861,반포대로9길,15176,11618,3558,15,1629,4660,4470,2975,1427,6,940,3607,3698,2393,974,9,689,1053,772,582,453
2020,3,A,골목상권,1000860,바우뫼로39길,39654,19271,20383,492,8808,9187,11046,6992,3129,236,4317,5422,4328,2604,2364,256,4491,3765,6718,4388,765
2020,3,A,골목상권,1000859,마방로2길,11756,8032,3724,54,1886,3149,2959,2368,1340,30,1016,2143,2116,1678,1049,24,870,1006,843,690,291
2020,3,A,골목상권,1000858,방배천로4안길,6670,3345,3325,11,1175,1741,1631,1195,917,3,392,798,816,709,627,8,783,943,815,486,290
2020,3,A,골목상권,1000857,동산로19길,14591,9621,4970,35,2268,4095,3799,2565,1829,17,1228,2718,2639,1669,1350,18,1040,1377,1160,896,479
2020,3,A,골목상권,1000856,동산로10길,9541,6026,3515,37,1657,2897,2324,1683,943,16,878,1823,1482,1116,711,21,779,1074,842,567,232
2020,3,A,골목상권,1000855,동광로39길,83553,76161,7392,42,8224,17347,22130,32757,3053,22,6604,15010,20184,31684,2657,20,1620,2337,1946,1073,396
2020,3,A,골목상권,1000854,동광로1길,18425,8873,9552,82,3241,4438,4954,3232,2478,67,997,1910,2270,1745,1884,15,2244,2528,2684,1487,594
2020,3,A,골목상권,1000853,동광로12길,16378,7732,8646,41,2860,3929,4673,3062,1813,19,968,1743,2280,1575,1147,22,1892,2186,2393,1487,666
2020,3,A,골목상권,1000852,논현로27길,43316,22358,20958,444,9311,10840,12210,7550,2961,214,4629,6597,5384,3167,2367,230,4682,4243,6826,4383,594
2020,3,A,골목상권,1000851,논현로1길,10640,6745,3895,39,2086,3148,2518,1816,1033,23,1269,2062,1534,1102,755,16,817,1086,984,714,278
2020,3,A,골목상권,1000850,남부순환로339길,10187,6065,4122,25,2320,3177,2368,1586,711,7,912,1974,1634,1031,507,18,1408,1203,734,555,204
2020,3,A,골목상권,1000849,남부순환로325길,21342,12721,8621,33,3446,6484,4846,4022,2511,12,1580,3541,3071,2698,1819,21,1866,2943,1775,1324,692
2020,3,A,골목상권,1000848,남부순환로317길,21593,13962,7631,26,3057,7074,5526,3765,2145,12,1416,4293,4011,2678,1552,14,1641,2781,1515,1087,593
2020,3,A,골목상권,1000847,고무래로8길,13873,8968,4905,51,1917,3635,3853,2761,1656,16,938,2304,2759,1866,1085,35,979,1331,1094,895,571
2020,3,A,골목상권,1000846,강남대로8길,28099,21600,6499,54,3219,6302,8273,8682,1569,26,1934,4597,6382,7416,1245,28,1285,1705,1891,1266,324
2020,3,A,골목상권,1000845,강남대로34길,19439,13196,6243,115,3510,5603,4524,3149,2538,57,1887,3958,3327,2118,1849,58,1623,1645,1197,1031,689
2020,3,A,골목상권,1000844,강남대로23길,17856,11217,6639,338,5243,5177,3755,2270,1073,156,2717,3479,2668,1415,782,182,2526,1698,1087,855,291
2020,3,A,골목상권,1000843,소담길,1287,662,625,0,188,300,337,255,207,0,66,145,154,137,160,0,122,155,183,118,47
2020,3,A,골목상권,1000842,원신길,810,406,404,8,99,206,220,189,88,2,29,89,125,91,70,6,70,117,95,98,18
2020,3,A,골목상권,1000841,양지길,354,148,206,2,30,61,112,93,56,1,5,15,49,44,34,1,25,46,63,49,22
2020,3,A,골목상권,1000840,양산길,658,370,288,1,97,127,198,167,68,0,47,70,118,92,43,1,50,57,80,75,25
2020,3,A,골목상권,1000839,호암로24길,2828,2180,648,5,419,643,839,667,255,2,283,486,669,544,196,3,136,157,170,123,59
2020,3,A,골목상권,1000838,호암로20길,2148,1594,554,8,357,601,628,393,161,1,240,436,498,294,125,7,117,165,130,99,36
2020,3,A,골목상권,1000837,행운길,6560,3975,2585,22,1181,1767,1468,1253,869,12,575,1123,909,722,634,10,606,644,559,531,235
2020,3,A,골목상권,1000836,행운1길,2989,1601,1388,16,488,629,710,702,444,10,208,318,380,387,298,6,280,311,330,315,146
2020,3,A,골목상권,1000835,청림3길,3726,2032,1694,5,570,1164,1162,590,235,4,250,635,647,337,159,1,320,529,515,253,76
2020,3,A,골목상권,1000834,청룡길,3032,1441,1591,7,506,751,716,533,519,3,132,305,363,308,330,4,374,446,353,225,189
2020,3,A,골목상권,1000833,청룡8길,2383,1069,1314,2,343,507,533,536,462,1,108,243,246,247,224,1,235,264,287,289,238
2020,3,A,골목상권,1000832,중앙길,2697,1260,1437,8,412,587,710,591,389,4,126,274,344,310,202,4,286,313,366,281,187
2020,3,A,골목상권,1000831,조원중앙로2길,6070,4212,1858,10,723,1022,1192,1113,2010,5,360,655,733,691,1768,5,363,367,459,422,242
2020,3,A,골목상권,1000830,조원로18길,6128,4664,1464,4,721,1400,1460,1014,1529,2,343,995,1136,762,1426,2,378,405,324,252,103
2020,3,A,골목상권,1000829,조원로10길,16779,9737,7042,39,3618,5716,4238,1962,1206,17,1555,3402,2671,1244,848,22,2063,2314,1567,718,358
2020,3,A,골목상권,1000828,장군봉2길,2452,1262,1190,4,370,521,484,571,502,2,128,264,257,288,323,2,242,257,227,283,179
2020,3,A,골목상권,1000827,장군봉1길,2517,1160,1357,2,375,556,567,551,466,1,126,266,274,269,224,1,249,290,293,282,242
2020,3,A,골목상권,1000826,인헌길,1704,889,815,7,274,443,484,355,141,4,127,246,248,161,103,3,147,197,236,194,38
2020,3,A,골목상권,1000825,은천로25길,1614,689,925,1,259,404,464,313,173,0,76,186,206,138,83,1,183,218,258,175,90
2020,3,A,골목상권,1000824,양녕로6길,2361,1110,1251,7,291,416,526,587,534,4,107,202,242,297,258,3,184,214,284,290,276
2020,3,A,골목상권,1000823,신원로3길,1829,969,860,5,172,307,365,418,562,0,82,163,207,212,305,5,90,144,158,206,257
2020,3,A,골목상권,1000822,신사로20길,2857,2160,697,1,454,818,905,519,160,1,216,615,773,439,116,0,238,203,132,80,44
2020,3,A,골목상권,1000821,신림로65길,2412,1329,1083,6,213,327,521,544,801,2,78,164,278,282,525,4,135,163,243,262,276
2020,3,A,골목상권,1000820,신림로64길,2304,913,1391,6,538,542,475,455,288,2,132,202,231,166,180,4,406,340,244,289,108
2020,3,A,골목상권,1000819,신림로48길,1224,556,668,6,173,227,241,296,281,1,75,122,119,108,131,5,98,105,122,188,150
2020,3,A,골목상권,1000818,신림로38길,1620,931,689,7,227,303,399,353,331,1,117,162,222,209,220,6,110,141,177,144,111
2020,3,A,골목상권,1000817,신림로28길,3185,2328,857,10,485,649,876,744,421,2,323,487,658,570,288,8,162,162,218,174,133
2020,3,A,골목상권,1000816,신림로11길,2928,2185,743,3,448,733,802,692,250,1,273,511,640,557,203,2,175,222,162,135,47
2020,3,A,골목상권,1000815,신림동길,2508,1472,1036,4,257,387,584,563,713,2,115,202,314,325,514,2,142,185,270,238,199
2020,3,A,골목상권,1000814,승방길,3114,2065,1049,7,575,763,809,576,384,5,304,522,561,400,273,2,271,241,248,176,111
2020,3,A,골목상권,1000813,서림7길,1807,1219,588,3,188,296,492,545,283,1,94,164,333,401,226,2,94,132,159,144,57
2020,3,A,골목상권,1000812,봉천로33길,4896,2257,2639,12,705,949,1077,1311,842,1,214,419,507,611,505,11,491,530,570,700,337
2020,3,A,골목상권,1000811,봉천로13길,2022,1107,915,4,267,425,445,460,421,1,114,220,243,242,287,3,153,205,202,218,134
2020,3,A,골목상권,1000810,복은길,1880,1060,820,8,275,361,475,394,367,2,138,188,251,236,245,6,137,173,224,158,122
2020,3,A,골목상권,1000809,법원단지길,767,374,393,10,102,156,168,202,129,7,39,77,79,92,80,3,63,79,89,110,49
2020,3,A,골목상권,1000808,법원단지9길,902,487,415,10,108,180,219,248,137,7,39,95,115,142,89,3,69,85,104,106,48
2020,3,A,골목상권,1000807,미성5길,1372,661,711,16,179,256,305,348,268,13,76,132,150,137,153,3,103,124,155,211,115
2020,3,A,골목상권,1000806,대학길,2550,2069,481,3,369,588,728,612,250,1,250,467,625,522,204,2,119,121,103,90,46
2020,3,A,골목상권,1000805,대학14길,1204,702,502,5,155,307,328,255,154,2,54,164,216,154,112,3,101,143,112,101,42
2020,3,A,골목상권,1000804,당곡길,3119,1744,1375,9,481,627,732,635,635,5,228,340,406,324,441,4,253,287,326,311,194
2020,3,A,골목상권,1000803,남현길,2714,1713,1001,0,391,639,718,504,462,0,171,393,485,315,349,0,220,246,233,189,113
2020,3,A,골목상권,1000802,남현3길,5523,3108,2415,8,1036,1416,1438,974,651,4,446,769,810,589,490,4,590,647,628,385,161
2020,3,A,골목상권,1000801,남현2길,3073,1912,1161,0,427,708,848,596,494,0,186,432,557,363,374,0,241,276,291,233,120
2020,3,A,골목상권,1000800,남부순환로248길,1853,971,882,9,291,518,486,332,217,7,104,267,245,173,175,2,187,251,241,159,42
2020,3,A,골목상권,1000799,남부순환로234길,4031,2679,1352,9,636,1259,802,714,611,6,309,864,515,479,506,3,327,395,287,235,105
2020,3,A,골목상권,1000798,남부순환로172길,1997,1171,826,1,280,526,428,417,345,1,124,298,254,264,230,0,156,228,174,153,115
2020,3,A,골목상권,1000797,남부순환로161길,4573,3124,1449,2,711,1290,1260,880,430,2,331,893,969,644,285,0,380,397,291,236,145
2020,3,A,골목상권,1000796,남부순환로151길,4734,3287,1447,6,738,1345,1363,927,355,4,350,948,1065,664,256,2,388,397,298,263,99
2020,3,A,골목상권,1000795,남부순환로142길,5112,3566,1546,18,457,846,934,918,1939,13,227,487,579,550,1710,5,230,359,355,368,229
2020,3,A,골목상권,1000794,난향길,1320,654,666,1,150,285,366,288,230,0,41,130,153,147,183,1,109,155,213,141,47
2020,3,A,골목상권,1000793,난우길,1334,638,696,21,163,273,289,354,234,16,67,117,125,168,145,5,96,156,164,186,89
2020,3,A,골목상권,1000792,난곡로74길,3239,2365,874,1,506,930,1014,595,193,1,239,690,834,464,137,0,267,240,180,131,56
2020,3,A,골목상권,1000791,난곡로34길,818,394,424,9,105,170,199,250,85,7,41,88,92,115,51,2,64,82,107,135,34
2020,3,A,골목상권,1000790,난곡로26길,1137,601,536,0,134,223,287,316,177,0,52,108,139,170,132,0,82,115,148,146,45
2020,3,A,골목상권,1000789,난곡로24길,1189,652,537,0,120,238,301,353,177,0,53,114,146,202,137,0,67,124,155,151,40
2020,3,A,골목상권,1000788,낙성대역길,5705,3605,2100,21,1084,1588,1265,940,807,11,500,1026,806,616,646,10,584,562,459,324,161
2020,3,A,골목상권,1000787,국회단지길,2886,1216,1670,14,430,565,664,833,380,2,117,248,322,288,239,12,313,317,342,545,141
2020,3,A,골목상권,1000786,구암길,1433,682,751,1,240,383,445,255,109,1,74,172,224,138,73,0,166,211,221,117,36
2020,3,A,골목상권,1000785,관천로22길,3943,2336,1607,8,544,963,1075,789,564,6,260,543,618,485,424,2,284,420,457,304,140
2020,3,A,골목상권,1000784,관천로15길,3272,2397,875,2,508,897,1026,641,198,2,245,663,829,518,140,0,263,234,197,123,58
2020,3,A,골목상권,1000783,관악로30길,3154,1519,1635,8,425,656,786,797,482,5,168,308,407,372,259,3,257,348,379,425,223
2020,3,A,골목상권,1000782,관악로28길,2354,1060,1294,7,280,460,567,648,392,4,95,189,275,291,206,3,185,271,292,357,186
2020,3,A,골목상권,1000781,관악로14길,6902,3781,3121,24,1181,2103,1553,1366,675,13,463,1100,860,849,496,11,718,1003,693,517,179
2020,3,A,골목상권,1000780,관악로10길,6564,4205,2359,15,997,2014,1505,1488,545,10,541,1285,942,1026,401,5,456,729,563,462,144
2020,3,A,골목상권,1000779,흑석로9길,670,368,302,1,107,148,180,141,93,0,48,87,98,71,64,1,59,61,82,70,29
2020,3,A,골목상권,1000778,흑석로13길,910,490,420,1,116,197,247,209,140,0,50,108,131,112,89,1,66,89,116,97,51
2020,3,A,골목상권,1000777,장승배기로27길,6829,3923,2906,19,976,2199,1812,1277,546,5,448,1164,1098,869,339,14,528,1035,714,408,207
2020,3,A,골목상권,1000776,장승배기로19길,2239,1229,1010,2,386,493,520,518,320,1,253,268,252,270,185,1,133,225,268,248,135
2020,3,A,골목상권,1000775,장승배기로10길,2989,1629,1360,14,453,643,709,723,447,8,284,369,374,340,254,6,169,274,335,383,193
2020,3,A,골목상권,1000774,여의대방로46길,6848,3977,2871,21,1161,2066,1822,1195,583,6,496,1267,1140,684,384,15,665,799,682,511,199
2020,3,A,골목상권,1000773,여의대방로24길,20339,12832,7507,53,3857,4058,3357,4807,4207,28,2884,3206,2158,2339,2217,25,973,852,1199,2468,1990
2020,3,A,골목상권,1000772,여의대방로22카길,18726,11820,6906,49,3543,3601,3077,4537,3919,25,2778,2902,1948,2136,2031,24,765,699,1129,2401,1888
2020,3,A,골목상권,1000771,여의대방로22나길,18445,11776,6669,50,3585,3615,2945,4402,3848,26,2813,2950,1896,2090,2001,24,772,665,1049,2312,1847
2020,3,A,골목상권,1000770,여의대방로22길,18481,11777,6704,51,3563,3569,2965,4450,3883,27,2804,2909,1894,2125,2018,24,759,660,1071,2325,1865
2020,3,A,골목상권,1000769,양녕로26길,1882,1191,691,3,208,407,440,527,297,2,106,241,296,399,147,1,102,166,144,128,150
2020,3,A,골목상권,1000768,신대방길,5744,3165,2579,19,1364,1446,1297,971,647,13,504,867,791,542,448,6,860,579,506,429,199
2020,3,A,골목상권,1000767,성대로29길,1658,762,896,2,224,316,366,429,321,1,97,153,150,202,159,1,127,163,216,227,162
2020,3,A,골목상권,1000766,성대로1길,1289,555,734,2,117,238,324,321,287,1,40,113,135,128,138,1,77,125,189,193,149
2020,3,A,골목상권,1000765,서달로8가길,403,153,250,1,52,56,103,110,81,0,11,18,38,40,46,1,41,38,65,70,35
2020,3,A,골목상권,1000764,서달로15길,594,279,315,1,66,104,168,155,100,0,16,40,81,78,64,1,50,64,87,77,36
2020,3,A,골목상권,1000763,서달로14길,539,257,282,1,64,98,142,136,98,0,19,40,63,71,64,1,45,58,79,65,34
2020,3,A,골목상권,1000762,서달로10길,654,357,297,0,96,152,157,148,101,0,55,95,81,69,57,0,41,57,76,79,44
2020,3,A,골목상권,1000761,상도로62길,1933,1117,816,1,153,362,550,527,340,0,61,169,314,311,262,1,92,193,236,216,78
2020,3,A,골목상권,1000760,상도로61길,3697,2231,1466,2,394,1053,1227,711,310,1,181,582,728,474,265,1,213,471,499,237,45
2020,3,A,골목상권,1000759,상도로47길,4010,2271,1739,9,727,1086,924,812,452,2,295,617,564,515,278,7,432,469,360,297,174
2020,3,A,골목상권,1000758,상도로37길,3599,2069,1530,10,672,958,800,740,419,2,280,566,495,470,256,8,392,392,305,270,163
2020,3,A,골목상권,1000757,상도로15길,1942,868,1074,3,243,407,492,433,364,1,97,191,200,190,189,2,146,216,292,243,175
2020,3,A,골목상권,1000756,사당로8길,3051,1713,1338,5,420,652,846,673,455,2,233,371,412,358,337,3,187,281,434,315,118
2020,3,A,골목상권,1000755,사당로30길,4369,2277,2092,10,835,1153,1133,825,413,3,260,553,638,536,287,7,575,600,495,289,126
2020,3,A,골목상권,1000754,사당로2차길,1302,661,641,1,117,247,369,351,217,0,51,97,163,189,161,1,66,150,206,162,56
2020,3,A,골목상권,1000753,사당로29길,2228,971,1257,8,346,546,597,423,308,2,115,239,240,179,196,6,231,307,357,244,112
2020,3,A,골목상권,1000752,사당로26길,2913,1431,1482,9,462,693,827,564,358,3,125,313,394,328,268,6,337,380,433,236,90
2020,3,A,골목상권,1000751,사당로23나길,812,325,487,6,86,151,226,231,112,2,31,64,86,83,59,4,55,87,140,148,53
2020,3,A,골목상권,1000750,사당로23길,2564,1477,1087,2,375,669,724,589,205,0,155,372,462,340,148,2,220,297,262,249,57
2020,3,A,골목상권,1000749,사당로20길,2063,1118,945,2,202,327,503,461,568,1,68,173,235,242,399,1,134,154,268,219,169
2020,3,A,골목상권,1000748,사당로16길,2477,1382,1095,5,230,400,562,527,753,4,89,206,258,287,538,1,141,194,304,240,215
2020,3,A,골목상권,1000747,사당로16가길,2654,1356,1298,4,250,442,656,587,715,1,100,198,276,290,491,3,150,244,380,297,224
2020,3,A,골목상권,1000746,만양로8길,3874,2130,1744,16,458,910,1022,916,552,12,220,525,600,457,316,4,238,385,422,459,236
2020,3,A,골목상권,1000745,만양로14길,2229,1309,920,5,276,620,582,441,305,3,124,366,376,257,183,2,152,254,206,184,122
2020,3,A,골목상권,1000744,등용로14길,7845,4648,3197,23,1135,2520,2134,1471,562,5,551,1437,1312,971,372,18,584,1083,822,500,190
2020,3,A,골목상권,1000743,동작대로7길,6637,3536,3101,14,1181,1731,1791,1201,719,5,378,879,981,748,545,9,803,852,810,453,174
2020,3,A,골목상권,1000742,동작대로35길,10962,4797,6165,17,1959,2951,3541,1891,603,7,626,1219,1646,977,322,10,1333,1732,1895,914,281
2020,3,A,골목상권,1000741,동작대로33길,11847,5006,6841,21,2065,3104,3615,2141,901,7,655,1273,1648,1003,420,14,1410,1831,1967,1138,481
2020,3,A,골목상권,1000740,동작대로29길,994,517,477,11,141,240,257,220,125,4,62,144,150,95,62,7,79,96,107,125,63
2020,3,A,골목상권,1000739,동작대로17길,5364,2626,2738,17,970,1213,1289,1038,837,7,293,560,624,565,577,10,677,653,665,473,260
2020,3,A,골목상권,1000738,대방동2길,17384,11015,6369,45,3429,3433,2729,4199,3549,24,2705,2797,1735,1952,1802,21,724,636,994,2247,1747
2020,3,A,골목상권,1000737,대방동27길,6476,4371,2105,8,1104,1427,1274,1795,868,4,608,983,873,1329,574,4,496,444,401,466,294
2020,3,A,골목상권,1000736,노량진로6길,6430,3598,2832,12,829,2037,1763,1276,513,3,377,1057,1021,823,317,9,452,980,742,453,196
2020,3,A,골목상권,1000735,국사봉길,1329,794,535,0,156,279,375,333,186,0,89,167,226,187,125,0,67,112,149,146,61
2020,3,A,골목상권,1000734,국사봉2길,16980,10887,6093,45,3354,3282,2656,4132,3511,24,2691,2728,1718,1933,1793,21,663,554,938,2199,1718
2020,3,A,골목상권,1000733,국사봉1길,1584,785,799,1,131,293,392,425,342,1,56,160,203,193,172,0,75,133,189,232,170
2020,3,A,골목상권,1000732,영신로9길,4324,2392,1932,35,628,983,987,1093,598,16,266,472,564,669,405,19,362,511,423,424,193
2020,3,A,골목상권,1000731,영등포로84길,3623,1678,1945,5,644,828,853,768,525,0,208,415,432,325,298,5,436,413,421,443,227
2020,3,A,골목상권,1000730,영등포로80길,3868,1857,2011,5,675,857,902,843,586,0,227,446,467,376,341,5,448,411,435,467,245
2020,3,A,골목상권,1000729,영등포로62길,1535,807,728,0,180,291,398,358,308,0,90,154,209,172,182,0,90,137,189,186,126
2020,3,A,골목상권,1000728,영등포로35길,3743,2275,1468,13,481,839,982,801,627,3,199,498,671,501,403,10,282,341,311,300,224
2020,3,A,골목상권,1000727,영등포로27길,5132,3063,2069,16,646,1200,1379,1042,849,7,257,654,882,657,606,9,389,546,497,385,243
2020,3,A,골목상권,1000726,영등포로25길,4637,2851,1786,11,528,977,1227,968,926,8,233,526,752,628,704,3,295,451,475,340,222
2020,3,A,골목상권,1000725,여의대방로61길,2949,1404,1545,7,608,751,745,478,360,1,203,349,366,243,242,6,405,402,379,235,118
2020,3,A,골목상권,1000724,여의대방로43나길,5885,4255,1630,6,967,1226,1133,1796,757,3,627,927,831,1350,517,3,340,299,302,446,240
2020,3,A,골목상권,1000723,여의대방로39길,4878,3529,1349,7,977,1162,986,1391,355,4,580,851,736,1108,250,3,397,311,250,283,105
2020,3,A,골목상권,1000722,여의대방로35길,3514,2250,1264,10,543,813,758,681,709,6,255,551,506,431,501,4,288,262,252,250,208
2020,3,A,골목상권,1000721,양평로28길,4121,2648,1473,9,479,886,1062,1067,618,5,262,568,640,676,497,4,217,318,422,391,121
2020,3,A,골목상권,1000720,양평로22라길,3947,2397,1550,9,528,912,1053,971,474,7,246,533,641,592,378,2,282,379,412,379,96
2020,3,A,골목상권,1000719,양평로19길,12312,6912,5400,37,2423,3545,3426,1789,1092,14,1069,2162,1915,964,788,23,1354,1383,1511,825,304
2020,3,A,골목상권,1000718,신길로60길,2096,1143,953,6,233,502,492,463,400,3,101,231,241,257,310,3,132,271,251,206,90
2020,3,A,골목상권,1000717,신길로42길,2009,1150,859,1,285,382,450,463,428,0,134,216,245,248,307,1,151,166,205,215,121
2020,3,A,골목상권,1000716,신길로42가길,2613,1392,1221,2,300,531,552,602,626,0,115,242,257,330,448,2,185,289,295,272,178
2020,3,A,골목상권,1000715,신길로39길,1624,885,739,3,153,276,372,412,408,3,56,129,191,217,289,0,97,147,181,195,119
2020,3,A,골목상권,1000714,신길로17길,2074,1208,866,10,201,480,645,489,249,6,111,294,326,293,178,4,90,186,319,196,71
2020,3,A,골목상권,1000713,선유서로28길,8052,4859,3193,42,1648,1899,1904,1475,1084,16,782,1211,1134,885,831,26,866,688,770,590,253
2020,3,A,골목상권,1000712,선유서로25길,5139,3803,1336,16,639,1291,1234,1015,944,8,380,982,931,738,764,8,259,309,303,277,180
2020,3,A,골목상권,1000711,선유서로24길,21565,11414,10151,134,5245,5295,4660,4210,2021,41,2258,3680,2454,1433,1548,93,2987,1615,2206,2777,473
2020,3,A,골목상권,1000710,선유로55길,11192,6156,5036,34,2214,3241,3133,1594,976,12,909,1925,1762,863,685,22,1305,1316,1371,731,291
2020,3,A,골목상권,1000709,디지털로74길,3431,1633,1798,8,825,802,852,647,297,5,236,391,415,370,216,3,589,411,437,277,81
2020,3,A,골목상권,1000708,디지털로57길,3660,2126,1534,6,365,498,748,904,1139,2,138,274,418,537,757,4,227,224,330,367,382
2020,3,A,골목상권,1000707,디지털로37길,4034,2188,1846,14,496,685,822,869,1148,4,168,334,424,498,760,10,328,351,398,371,388
2020,3,A,골목상권,1000706,도신로62길,2200,1144,1056,1,286,498,432,527,456,0,136,293,252,234,229,1,150,205,180,293,227
2020,3,A,골목상권,1000705,도신로60길,1226,653,573,0,195,316,261,240,214,0,101,172,136,130,114,0,94,144,125,110,100
2020,3,A,골목상권,1000704,도신로29길,1719,1132,587,6,200,400,496,391,226,4,96,271,345,264,152,2,104,129,151,127,74
2020,3,A,골목상권,1000703,도신로15길,2731,1586,1145,13,351,604,689,593,481,9,113,303,382,417,362,4,238,301,307,176,119
2020,3,A,골목상권,1000702,도림천로21길,16544,9657,6887,62,3622,5751,4140,1811,1158,25,1584,3459,2646,1167,776,37,2038,2292,1494,644,382
2020,3,A,골목상권,1000701,도림로63길,1116,737,379,1,109,196,295,301,214,1,67,121,196,185,167,0,42,75,99,116,47
2020,3,A,골목상권,1000700,도림로147길,7404,4074,3330,18,1114,1583,1783,1996,910,8,551,993,1053,914,555,10,563,590,730,1082,355
2020,3,A,골목상권,1000699,도림로112길,2150,1459,691,15,234,495,588,503,315,12,114,332,403,351,247,3,120,163,185,152,68
2020,3,A,골목상권,1000698,대림로8길,4605,2251,2354,2,1248,1295,964,692,404,2,397,692,541,364,255,0,851,603,423,328,149
2020,3,A,골목상권,1000697,대림로7길,4645,2570,2075,23,889,1417,1171,731,414,10,390,839,617,439,275,13,499,578,554,292,139
2020,3,A,골목상권,1000696,대림로44길,3546,2539,1007,12,462,923,1058,707,384,4,238,679,832,498,288,8,224,244,226,209,96
2020,3,A,골목상권,1000695,대림로34길,4794,3313,1481,17,573,1130,1337,1040,697,5,302,803,978,691,534,12,271,327,359,349,163
2020,3,A,골목상권,1000694,대림로31길,10368,6914,3454,23,1094,2203,2562,2468,2018,10,623,1669,1934,1500,1178,13,471,534,628,968,840
2020,3,A,골목상권,1000693,대림로29길,4656,2704,1952,8,477,756,1032,1146,1237,3,202,437,581,669,812,5,275,319,451,477,425
2020,3,A,골목상권,1000692,대림로22길,2553,1429,1124,4,346,439,576,665,523,0,120,239,318,379,373,4,226,200,258,286,150
2020,3,A,골목상권,1000691,당산로46길,8780,6183,2597,24,1222,2120,2253,1927,1234,7,607,1407,1660,1519,983,17,615,713,593,408,251
2020,3,A,골목상권,1000690,당산로38길,8580,5024,3556,27,1840,2474,1641,1561,1037,16,831,1378,1033,1030,736,11,1009,1096,608,531,301
2020,3,A,골목상권,1000689,당산로37길,15876,8761,7115,47,3483,4772,3765,2292,1517,19,1432,2703,2175,1412,1020,28,2051,2069,1590,880,497
2020,3,A,골목상권,1000688,당산로31길,10118,5475,4643,23,1984,2768,1970,1996,1377,12,921,1575,1172,1036,759,11,1063,1193,798,960,618
2020,3,A,골목상권,1000687,국회대로56길,7059,4101,2958,19,1498,1616,1611,1355,960,8,503,894,1064,912,720,11,995,722,547,443,240
2020,3,A,골목상권,1000686,경인로90길,8808,5069,3739,42,1724,2588,2335,1430,689,12,663,1422,1475,944,553,30,1061,1166,860,486,136
2020,3,A,골목상권,1000685,경인로80길,7895,4673,3222,27,1441,2116,2130,1375,806,12,590,1213,1330,869,659,15,851,903,800,506,147
2020,3,A,골목상권,1000684,경인로77길,9316,5310,4006,29,1778,2513,2454,1603,939,13,707,1384,1482,980,744,16,1071,1129,972,623,195
2020,3,A,골목상권,1000683,가마산로61길,1070,583,487,2,103,236,288,262,179,2,38,119,148,149,127,0,65,117,140,113,52
2020,3,A,골목상권,1000682,시흥대로94길,3087,1766,1321,5,376,577,670,873,586,1,181,319,357,475,433,4,195,258,313,398,153
2020,3,A,골목상권,1000681,시흥대로84길,2024,1141,883,7,263,457,509,515,273,7,154,272,276,239,193,0,109,185,233,276,80
2020,3,A,골목상권,1000680,시흥대로68길,3004,1558,1446,17,589,756,680,628,334,12,262,413,337,291,243,5,327,343,343,337,91
2020,3,A,골목상권,1000679,시흥대로63길,4531,2302,2229,14,696,1219,1043,1045,514,9,287,547,499,618,342,5,409,672,544,427,172
2020,3,A,골목상권,1000678,시흥대로62가길,1944,884,1060,7,319,366,487,501,264,6,131,171,219,198,159,1,188,195,268,303,105
2020,3,A,골목상권,1000677,시흥대로36길,6991,3889,3102,12,537,1047,1616,1813,1966,3,263,660,896,911,1156,9,274,387,720,902,810
2020,3,A,골목상권,1000676,시흥대로22길,7401,4380,3021,13,527,1004,1703,1940,2214,4,281,663,978,1049,1405,9,246,341,725,891,809
2020,3,A,골목상권,1000675,시흥대로153길,2904,1507,1397,14,271,410,599,654,956,3,147,225,331,361,440,11,124,185,268,293,516
2020,3,A,골목상권,1000674,시흥대로150길,2340,1417,923,11,307,444,603,596,379,2,156,255,331,374,299,9,151,189,272,222,80
2020,3,A,골목상권,1000673,시흥대로141길,2749,1758,991,11,335,507,624,710,562,1,182,304,358,472,441,10,153,203,266,238,121
2020,3,A,골목상권,1000672,시흥대로138길,1885,1086,799,3,234,356,463,464,365,2,140,212,278,251,203,1,94,144,185,213,162
2020,3,A,골목상권,1000671,시흥대로120길,2685,1613,1072,5,314,444,570,715,637,2,180,268,334,415,414,3,134,176,236,300,223
2020,3,A,골목상권,1000670,벚꽃로56길,44541,28679,15862,163,9094,13920,10927,6197,4240,105,4666,9107,7715,4003,3083,58,4428,4813,3212,2194,1157
2020,3,A,골목상권,1000669,범안로17길,8980,5829,3151,19,545,998,1226,1814,4378,17,335,683,803,1147,2844,2,210,315,423,667,1534
2020,3,A,골목상권,1000668,범안로11길,24441,16601,7840,68,2868,5378,5207,4561,6359,51,1714,3778,3789,3075,4194,17,1154,1600,1418,1486,2165
2020,3,A,골목상권,1000667,문성로5길,4518,3205,1313,5,299,651,854,812,1897,4,173,355,505,470,1698,1,126,296,349,342,199
2020,3,A,골목상권,1000666,독산로85길,1373,751,622,0,160,246,286,380,301,0,102,161,153,181,154,0,58,85,133,199,147
2020,3,A,골목상권,1000665,독산로78다길,1317,707,610,0,120,198,249,349,401,0,74,119,119,165,230,0,46,79,130,184,171
2020,3,A,골목상권,1000664,독산로70길,1667,951,716,1,164,263,322,430,487,0,89,139,159,241,323,1,75,124,163,189,164
2020,3,A,골목상권,1000663,독산로64길,1552,838,714,1,188,284,316,426,337,0,104,110,124,234,266,1,84,174,192,192,71
2020,3,A,골목상권,1000662,독산로50길,969,596,373,9,148,191,288,236,97,6,89,132,169,128,72,3,59,59,119,108,25
2020,3,A,골목상권,1000661,독산로40길,1493,907,586,13,224,305,427,378,146,10,140,213,255,180,109,3,84,92,172,198,37
2020,3,A,골목상권,1000660,독산로108길,5051,3636,1415,3,382,851,963,951,1901,2,222,511,600,604,1697,1,160,340,363,347,204
2020,3,A,골목상권,1000659,남부순환로112길,3662,2186,1476,10,389,688,793,691,1091,6,223,423,513,447,574,4,166,265,280,244,517
2020,3,A,골목상권,1000658,금하로24길,1694,977,717,6,190,373,401,418,306,6,101,216,209,248,197,0,89,157,192,170,109
2020,3,A,골목상권,1000657,금하로1길,1309,861,448,13,192,244,273,324,263,11,121,165,185,179,200,2,71,79,88,145,63
2020,3,A,골목상권,1000656,금하로14길,1288,607,681,2,125,205,348,360,248,1,49,93,161,171,132,1,76,112,187,189,116
2020,3,A,골목상권,1000655,가산로5길,9154,5413,3741,23,1390,2300,2163,1803,1475,18,787,1411,1336,1023,838,5,603,889,827,780,637
2020,3,A,골목상권,1000654,가산로3길,23895,16021,7874,85,4033,6853,5823,4192,2909,51,2156,4728,4260,2809,2017,34,1877,2125,1563,1383,892
2020,3,A,골목상권,1000653,중앙로1길,4765,2842,1923,4,529,1030,1138,1158,906,3,272,559,578,685,745,1,257,471,560,473,161
2020,3,A,골목상권,1000652,중앙로15길,1933,1250,683,4,260,436,459,525,249,2,164,302,293,302,187,2,96,134,166,223,62
2020,3,A,골목상권,1000651,우마길,5342,3270,2072,25,833,1287,1361,1038,798,17,423,788,849,644,549,8,410,499,512,394,249
2020,3,A,골목상권,1000650,오류로8길,3811,2518,1293,0,495,828,1007,944,537,0,343,518,637,630,390,0,152,310,370,314,147
2020,3,A,골목상권,1000649,신도림로13길,4873,3666,1207,8,483,1532,1346,976,528,7,274,1166,1084,739,396,1,209,366,262,237,132
2020,3,A,골목상권,1000648,새말로18길,4598,2651,1947,27,706,1196,1260,917,492,22,309,679,715,580,346,5,397,517,545,337,146
2020,3,A,골목상권,1000647,부일로1길,1888,1465,423,18,192,326,368,542,442,18,141,226,251,420,409,0,51,100,117,122,33
2020,3,A,골목상권,1000646,부일로15길,1310,802,508,5,102,218,319,369,297,3,47,111,192,236,213,2,55,107,127,133,84
2020,3,A,골목상권,1000645,부일로11길,1720,1024,696,5,168,338,435,483,291,2,80,194,255,302,191,3,88,144,180,181,100
2020,3,A,골목상권,1000644,디지털로32길,31052,18997,12055,82,6292,10839,8243,3635,1961,41,3001,6929,5356,2275,1395,41,3291,3910,2887,1360,566
2020,3,A,골목상권,1000643,디지털로32가길,30685,18890,11795,91,6090,10431,8067,3738,2268,44,2879,6638,5296,2379,1654,47,3211,3793,2771,1359,614
2020,3,A,골목상권,1000642,디지털로27길,25237,17450,7787,110,5318,8414,6118,3275,2002,74,2853,5869,4654,2327,1673,36,2465,2545,1464,948,329
2020,3,A,골목상권,1000641,도림로6길,6429,3922,2507,27,1035,1625,1619,1139,984,17,516,990,1001,717,681,10,519,635,618,422,303
2020,3,A,골목상권,1000640,도림로12길,4678,3284,1394,31,973,1404,1228,671,371,25,611,1005,911,451,281,6,362,399,317,220,90
2020,3,A,골목상권,1000639,남부순환로97길,6429,3568,2861,39,1174,1596,1362,1449,809,20,683,1075,689,609,492,19,491,521,673,840,317
2020,3,A,골목상권,1000638,구로중앙로8길,3151,2084,1067,3,289,590,787,902,580,2,135,345,514,657,431,1,154,245,273,245,149
2020,3,A,골목상권,1000637,구로중앙로7길,2087,1421,666,5,155,309,476,695,447,4,69,168,321,517,342,1,86,141,155,178,105
2020,3,A,골목상권,1000636,구로중앙로42길,8795,6396,2399,17,795,2277,2343,1997,1366,12,449,1687,1744,1454,1050,5,346,590,599,543,316
2020,3,A,골목상권,1000635,구로중앙로34길,4585,2949,1636,10,784,1122,1177,922,570,5,474,763,783,561,363,5,310,359,394,361,207
2020,3,A,골목상권,1000634,구로중앙로28길,11038,7181,3857,17,1421,2453,2823,2514,1810,11,859,1802,1962,1466,1081,6,562,651,861,1048,729
2020,3,A,골목상권,1000633,구로중앙로19길,5187,2873,2314,7,627,1401,1218,1332,602,3,283,752,655,825,355,4,344,649,563,507,247
2020,3,A,골목상권,1000632,구로동로8길,1826,1008,818,8,227,363,411,392,425,5,109,206,208,203,277,3,118,157,203,189,148
2020,3,A,골목상권,1000631,구로동로7길,10253,7086,3167,39,1979,3388,2613,1445,789,26,1082,2345,1916,1080,637,13,897,1043,697,365,152
2020,3,A,골목상권,1000630,구로동로42길,4570,2045,2525,17,721,1027,1027,1117,661,6,260,393,430,567,389,11,461,634,597,550,272
2020,3,A,골목상권,1000629,구로동로41길,1500,697,803,4,173,249,328,434,312,2,70,131,172,153,169,2,103,118,156,281,143
2020,3,A,골목상권,1000628,구로동로38길,4541,2539,2002,7,562,1227,1055,1197,493,3,265,649,588,744,290,4,297,578,467,453,203
2020,3,A,골목상권,1000627,구로동로28길,4421,2563,1858,7,555,1246,1028,1084,501,3,246,655,557,765,337,4,309,591,471,319,164
2020,3,A,골목상권,1000626,구로동로15길,9924,6864,3060,40,1967,3389,2578,1344,606,26,1065,2359,1911,1002,501,14,902,1030,667,342,105
2020,3,A,골목상권,1000625,공원로6가길,6922,4441,2481,32,1107,1791,1942,1338,712,25,618,1156,1274,878,490,7,489,635,668,460,222
2020,3,A,골목상권,1000624,고척로52길,5315,3889,1426,9,400,1118,1534,1736,518,8,220,818,1142,1346,355,1,180,300,392,390,163
2020,3,A,골목상권,1000623,고척로27다길,1272,690,582,2,130,300,292,316,232,0,67,141,129,171,182,2,63,159,163,145,50
2020,3,A,골목상권,1000622,고척로27길,1596,885,711,1,163,351,388,405,288,0,84,177,178,219,227,1,79,174,210,186,61
2020,3,A,골목상권,1000621,고척로21나길,2229,1322,907,6,254,485,526,593,365,1,143,291,294,322,271,5,111,194,232,271,94
2020,3,A,골목상권,1000620,경인로47길,3644,2363,1281,2,400,761,863,902,716,2,204,446,507,589,615,0,196,315,356,313,101
2020,3,A,골목상권,1000619,경인로35길,3129,1831,1298,12,258,628,829,788,614,10,132,353,463,446,427,2,126,275,366,342,187
2020,3,A,골목상권,1000618,경인로31길,1321,763,558,3,145,345,328,294,206,2,72,197,167,165,160,1,73,148,161,129,46
2020,3,A,골목상권,1000617,경인로15길,1956,1167,789,6,166,351,482,573,378,5,82,195,271,328,286,1,84,156,211,245,92
2020,3,A,골목상권,1000616,개봉로3길,1322,779,543,1,198,272,305,307,239,1,89,152,174,189,174,0,109,120,131,118,65
2020,3,A,골목상권,1000615,개봉로2길,5631,2907,2724,35,1132,1548,1201,1212,503,17,640,1025,577,408,240,18,492,523,624,804,263
2020,3,A,골목상권,1000614,개봉로23가길,7606,3974,3632,10,649,1443,1959,2251,1294,6,369,795,938,1066,800,4,280,648,1021,1185,494
2020,3,A,골목상권,1000613,개봉로20길,6983,3822,3161,39,1217,1718,1520,1607,882,20,698,1124,756,688,536,19,519,594,764,919,346
2020,3,A,골목상권,1000612,개봉로1길,1291,852,439,1,188,309,317,260,216,1,87,216,219,170,159,0,101,93,98,90,57
2020,3,A,골목상권,1000611,개봉로17다길,5444,3013,2431,39,1161,1422,1168,1064,590,20,647,952,554,430,410,19,514,470,614,634,180
2020,3,A,골목상권,1000610,개봉로17길,4721,2485,2236,38,1140,1373,992,856,322,20,640,925,436,272,192,18,500,448,556,584,130
2020,3,A,골목상권,1000609,개봉로11길,2872,1300,1572,8,426,520,734,793,391,6,221,284,279,271,239,2,205,236,455,522,152
2020,3,A,골목상권,1000608,화곡로64길,13331,7853,5478,57,2469,3328,2997,2781,1699,22,1004,2243,2108,1478,998,35,1465,1085,889,1303,701
2020,3,A,골목상권,1000607,화곡로59길,11331,6520,4811,40,1642,2904,2786,2885,1074,12,758,1821,1740,1562,627,28,884,1083,1046,1323,447
2020,3,A,골목상권,1000606,화곡로44나길,5789,3797,1992,7,665,1442,1348,1460,867,3,304,817,856,1079,738,4,361,625,492,381,129
2020,3,A,골목상권,1000605,화곡로31길,4177,2189,1988,5,936,866,839,823,708,2,261,447,439,500,540,3,675,419,400,323,168
2020,3,A,골목상권,1000604,화곡로20길,2589,1431,1158,2,298,541,572,670,506,1,151,319,306,360,294,1,147,222,266,310,212
2020,3,A,골목상권,1000603,화곡로13길,1740,973,767,0,175,324,466,509,266,0,88,167,239,280,199,0,87,157,227,229,67
2020,3,A,골목상권,1000602,초원로16길,3604,1800,1804,11,311,461,647,1096,1078,4,143,281,387,446,539,7,168,180,260,650,539
2020,3,A,골목상권,1000601,초록마을로8길,1780,1021,759,8,205,404,487,444,232,6,98,257,294,223,143,2,107,147,193,221,89
2020,3,A,골목상권,1000600,초록마을로3길,4067,2605,1462,5,851,847,792,820,752,1,292,509,512,627,664,4,559,338,280,193,88
2020,3,A,골목상권,1000599,월정로20길,1930,1221,709,16,185,388,520,593,228,14,101,241,326,364,175,2,84,147,194,229,53
2020,3,A,골목상권,1000598,우장산로6길,1666,914,752,0,263,279,400,447,277,0,121,145,190,247,211,0,142,134,210,200,66
2020,3,A,골목상권,1000597,양천로73가길,3841,2556,1285,6,468,916,933,886,632,5,216,579,604,617,535,1,252,337,329,269,97
2020,3,A,골목상권,1000596,양천로71길,12540,4429,8111,21,2025,4005,3917,1801,771,9,628,1414,1004,748,626,12,1397,2591,2913,1053,145
2020,3,A,골목상권,1000595,양천로49길,5710,3599,2111,14,619,1180,1278,1459,1160,8,317,748,781,891,854,6,302,432,497,568,306
2020,3,A,골목상권,1000594,양천로26길,1360,872,488,2,176,295,335,366,186,1,97,186,187,243,158,1,79,109,148,123,28
2020,3,A,골목상권,1000593,양천로24길,1923,1097,826,6,242,403,499,508,265,5,130,249,270,267,176,1,112,154,229,241,89
2020,3,A,골목상권,1000592,양천로24가길,3150,2066,1084,10,315,559,942,851,473,8,176,349,645,541,347,2,139,210,297,310,126
2020,3,A,골목상권,1000591,양천로14길,3079,2104,975,7,260,550,863,863,536,5,152,337,608,574,428,2,108,213,255,289,108
2020,3,A,골목상권,1000590,방화대로6라길,1476,921,555,1,151,323,422,380,199,0,75,205,270,236,135,1,76,118,152,144,64
2020,3,A,골목상권,1000589,방화대로21길,4053,2046,2007,9,399,636,737,1110,1162,2,171,370,450,466,587,7,228,266,287,644,575
2020,3,A,골목상권,1000588,등촌로5길,2909,1351,1558,1,685,836,638,492,257,0,154,367,327,300,203,1,531,469,311,192,54
2020,3,A,골목상권,1000587,등촌로55길,2946,1834,1112,12,417,636,755,673,453,6,182,401,449,436,360,6,235,235,306,237,93
2020,3,A,골목상권,1000586,등촌로51길,2282,1364,918,6,305,436,562,553,420,2,122,234,317,346,343,4,183,202,245,207,77
2020,3,A,골목상권,1000585,등촌로39길,3594,2050,1544,2,439,705,865,921,662,1,209,366,530,552,392,1,230,339,335,369,270
2020,3,A,골목상권,1000584,등촌로13길,1203,700,503,1,108,234,301,339,220,1,43,137,149,206,164,0,65,97,152,133,56
2020,3,A,골목상권,1000583,남부순환로11길,1314,880,434,1,137,302,376,307,191,0,65,187,249,219,160,1,72,115,127,88,31
2020,3,A,골목상권,1000582,까치산로4길,3059,1643,1416,17,504,787,803,634,314,13,203,444,433,368,182,4,301,343,370,266,132
2020,3,A,골목상권,1000581,국회대로7길,3300,1523,1777,3,685,796,697,710,409,2,176,352,364,372,257,1,509,444,333,338,152
2020,3,A,골목상권,1000580,공항대로8길,1968,1203,765,5,230,409,479,485,360,1,96,238,291,308,269,4,134,171,188,177,91
2020,3,A,골목상권,1000579,공항대로61길,4789,3049,1740,16,648,1117,1101,1068,839,12,278,664,694,742,659,4,370,453,407,326,180
2020,3,A,골목상권,1000578,공항대로59다길,6422,4014,2408,16,810,1474,1724,1593,805,12,342,868,1122,1036,634,4,468,606,602,557,171
2020,3,A,골목상권,1000577,공항대로59길,5310,3325,1985,18,847,1253,1193,1161,838,13,380,761,731,777,663,5,467,492,462,384,175
2020,3,A,골목상권,1000576,공항대로55길,9865,6181,3684,31,1979,2664,2300,1763,1128,17,724,1698,1692,1235,815,14,1255,966,608,528,313
2020,3,A,골목상권,1000575,공항대로42길,3316,1427,1889,1,310,526,643,669,1167,0,105,248,294,275,505,1,205,278,349,394,662
2020,3,A,골목상권,1000574,공항대로38길,3757,1683,2074,5,359,584,714,748,1347,3,140,299,351,300,590,2,219,285,363,448,757
2020,3,A,골목상권,1000573,곰달래로60길,3810,1592,2218,2,835,1029,833,744,367,1,201,419,386,358,227,1,634,610,447,386,140
2020,3,A,골목상권,1000572,곰달래로53길,1091,644,447,6,124,230,256,292,183,3,64,138,139,170,130,3,60,92,117,122,53
2020,3,A,골목상권,1000571,곰달래로47길,2067,1097,970,8,272,603,564,430,190,5,138,324,274,230,126,3,134,279,290,200,64
2020,3,A,골목상권,1000570,곰달래로31길,2412,1359,1053,7,336,644,672,497,256,6,167,356,345,309,176,1,169,288,327,188,80
2020,3,A,골목상권,1000569,곰달래로25길,1684,862,822,4,226,323,432,439,260,4,93,173,200,216,176,0,133,150,232,223,84
2020,3,A,골목상권,1000568,개화동로25길,32037,16958,15079,3,5511,10823,8819,5927,954,0,1268,4466,5153,5250,821,3,4243,6357,3666,677,133
2020,3,A,골목상권,1000567,개화동로23길,33039,17452,15587,6,5602,10936,8956,6162,1377,3,1294,4523,5237,5403,992,3,4308,6413,3719,759,385
2020,3,A,골목상권,1000566,강서로8길,2287,1239,1048,7,267,470,599,607,337,6,107,274,315,309,228,1,160,196,284,298,109
2020,3,A,골목상권,1000565,강서로5라길,1890,1096,794,2,190,367,491,500,340,2,100,215,266,260,253,0,90,152,225,240,87
2020,3,A,골목상권,1000564,강서로5나길,2286,1480,806,16,205,464,622,688,291,14,108,299,404,432,223,2,97,165,218,256,68
2020,3,A,골목상권,1000563,강서로5가길,2258,1213,1045,14,236,427,598,647,336,14,110,260,336,316,177,0,126,167,262,331,159
2020,3,A,골목상권,1000562,강서로47라길,1942,898,1044,3,163,335,537,634,270,1,67,145,191,295,199,2,96,190,346,339,71
2020,3,A,골목상권,1000561,강서로47길,1969,880,1089,2,184,371,567,584,261,0,65,170,200,256,189,2,119,201,367,328,72
2020,3,A,골목상권,1000560,강서로45다길,5741,3586,2155,10,725,1321,1435,1418,832,8,394,860,870,833,621,2,331,461,565,585,211
2020,3,A,골목상권,1000559,강서로45길,5233,3255,1978,11,661,1237,1345,1320,659,7,374,831,801,751,491,4,287,406,544,569,168
2020,3,A,골목상권,1000558,강서로35길,2339,1233,1106,3,315,457,541,584,439,2,120,244,274,298,295,1,195,213,267,286,144
2020,3,A,골목상권,1000557,강서로29길,2908,1388,1520,8,437,616,661,679,507,5,155,333,333,310,252,3,282,283,328,369,255
2020,3,A,골목상권,1000556,강서로18길,3094,1910,1184,8,395,789,840,724,338,6,204,465,465,506,264,2,191,324,375,218,74
2020,3,A,골목상권,1000555,강서로17가길,1813,1078,735,5,151,300,482,566,309,3,65,172,258,359,221,2,86,128,224,207,88
2020,3,A,골목상권,1000554,강서로15길,3243,2104,1139,16,288,577,845,1038,479,14,156,350,503,697,384,2,132,227,342,341,95
2020,3,A,골목상권,1000553,가로공원로80길,2802,1680,1122,7,268,522,665,806,534,4,127,316,384,519,330,3,141,206,281,287,204
2020,3,A,골목상권,1000552,가로공원로76가길,2785,1828,957,5,213,451,706,945,465,3,113,266,432,654,360,2,100,185,274,291,105
2020,3,A,골목상권,1000551,화곡로4길,2028,986,1042,0,243,472,465,510,338,0,79,193,198,269,247,0,164,279,267,241,91
2020,3,A,골목상권,1000550,화곡로3길,1610,737,873,7,235,411,427,385,145,4,83,171,183,194,102,3,152,240,244,191,43
2020,3,A,골목상권,1000549,지양로7길,2827,1640,1187,3,253,384,528,705,954,3,148,238,319,415,517,0,105,146,209,290,437
2020,3,A,골목상권,1000548,중앙로55길,2507,1271,1236,9,217,443,656,756,426,8,101,261,324,332,245,1,116,182,332,424,181
2020,3,A,골목상권,1000547,중앙로51길,3024,1674,1350,13,263,472,809,831,636,10,146,264,390,418,446,3,117,208,419,413,190
2020,3,A,골목상권,1000546,중앙로47길,3972,3000,972,4,365,821,893,526,1363,1,161,497,664,384,1293,3,204,324,229,142,70
2020,3,A,골목상권,1000545,중앙로45길,3498,2631,867,7,219,369,584,690,1629,2,100,196,307,489,1537,5,119,173,277,201,92
2020,3,A,골목상권,1000544,중앙로36길,791,390,401,2,98,168,182,188,153,1,34,74,76,101,104,1,64,94,106,87,49
2020,3,A,골목상권,1000543,중앙로32길,8051,4620,3431,28,1512,2034,1907,1652,918,24,525,1230,1141,1015,685,4,987,804,766,637,233
2020,3,A,골목상권,1000542,중앙로25길,7155,4352,2803,28,946,1851,2058,1487,785,23,504,1161,1353,798,513,5,442,690,705,689,272
2020,3,A,골목상권,1000541,은행정로7길,3893,2310,1583,12,838,600,564,661,1218,5,255,285,302,379,1084,7,583,315,262,282,134
2020,3,A,골목상권,1000540,은행정로5길,1327,635,692,2,144,276,287,361,257,1,64,127,122,161,160,1,80,149,165,200,97
2020,3,A,골목상권,1000539,오목로5길,2561,1546,1015,4,195,376,587,789,610,2,85,207,321,472,459,2,110,169,266,317,151
2020,3,A,골목상권,1000538,오목로3길,2742,1990,752,4,147,302,554,918,817,1,67,167,346,666,743,3,80,135,208,252,74
2020,3,A,골목상권,1000537,오목로30길,4088,2402,1686,10,840,599,639,729,1271,4,255,300,329,403,1111,6,585,299,310,326,160
2020,3,A,골목상권,1000536,오목로23길,3264,1648,1616,17,848,638,695,686,380,12,275,352,381,355,273,5,573,286,314,331,107
2020,3,A,골목상권,1000535,신월로20길,1527,957,570,4,142,247,376,387,371,1,63,127,219,235,312,3,79,120,157,152,59
2020,3,A,골목상권,1000534,신월로15길,2407,1676,731,3,127,263,503,781,730,1,55,139,295,540,646,2,72,124,208,241,84
2020,3,A,골목상권,1000533,신목로6길,12839,7152,5687,66,2407,4118,3253,2274,721,31,945,2195,1983,1461,537,35,1462,1923,1270,813,184
2020,3,A,골목상권,1000532,신목로5길,16076,9739,6337,89,2806,5277,4081,2815,1008,66,1341,3237,2618,1825,652,23,1465,2040,1463,990,356
2020,3,A,골목상권,1000531,신목로2길,12127,6779,5348,66,2275,3961,3073,2106,646,31,881,2114,1895,1374,484,35,1394,1847,1178,732,162
2020,3,A,골목상권,1000530,목동중앙서로8가길,3429,1541,1888,4,775,990,813,625,222,2,162,421,430,357,169,2,613,569,383,268,53
2020,3,A,골목상권,1000529,목동중앙서로7길,3933,2050,1883,5,799,1056,935,771,367,1,207,513,540,490,299,4,592,543,395,281,68
2020,3,A,골목상권,1000528,목동중앙북로8길,5137,3009,2128,3,654,1082,1257,1263,878,1,306,610,760,777,555,2,348,472,497,486,323
2020,3,A,골목상권,1000527,목동중앙북로16길,4358,2547,1811,4,563,963,1287,1088,453,3,237,480,842,697,288,1,326,483,445,391,165
2020,3,A,골목상권,1000526,목동중앙본로7길,1797,936,861,4,178,368,433,510,304,4,74,204,205,262,187,0,104,164,228,248,117
2020,3,A,골목상권,1000525,목동중앙로3길,2498,1211,1287,5,284,548,763,592,306,3,124,269,308,274,233,2,160,279,455,318,73
2020,3,A,골목상권,1000524,목동중앙로13나길,1935,1252,683,3,235,575,543,388,191,2,117,338,357,309,129,1,118,237,186,79,62
2020,3,A,골목상권,1000523,목동중앙남로3가길,1936,1069,867,4,198,454,465,515,300,4,84,266,236,278,201,0,114,188,229,237,99
2020,3,A,골목상권,1000522,목동로9길,3502,1840,1662,9,474,817,876,787,539,6,193,430,467,419,325,3,281,387,409,368,214
2020,3,A,골목상권,1000521,목동로19길,4271,2529,1742,5,433,753,802,903,1375,2,127,341,390,513,1156,3,306,412,412,390,219
2020,3,A,골목상권,1000520,목동동로8길,7239,4481,2758,17,1024,2056,1883,1549,710,7,587,1395,1220,855,417,10,437,661,663,694,293
2020,3,A,골목상권,1000519,목동동로12길,18134,10297,7837,113,3684,5643,4400,2944,1350,79,1501,3168,2724,1900,925,34,2183,2475,1676,1044,425
2020,3,A,골목상권,1000518,목동남로4길,2104,1223,881,7,250,507,529,468,343,4,135,297,283,263,241,3,115,210,246,205,102
2020,3,A,골목상권,1000517,남부순환로88길,1848,1273,575,3,104,257,445,634,405,0,44,151,292,462,324,3,60,106,153,172,81
2020,3,A,골목상권,1000516,남부순환로79길,1692,1022,670,2,120,245,415,542,368,0,52,135,225,326,284,2,68,110,190,216,84
2020,3,A,골목상권,1000515,남부순환로70길,3594,2662,932,4,319,506,739,1074,952,2,174,321,493,818,854,2,145,185,246,256,98
2020,3,A,골목상권,1000514,남부순환로58길,1480,847,633,5,182,327,383,415,168,2,95,187,217,232,114,3,87,140,166,183,54
2020,3,A,골목상권,1000513,남부순환로40길,1841,1020,821,1,202,347,410,483,398,0,76,153,193,291,307,1,126,194,217,192,91
2020,3,A,골목상권,1000512,남부순환로33길,2613,1436,1177,1,269,561,577,680,525,1,123,285,299,393,335,0,146,276,278,287,190
2020,3,A,골목상권,1000511,곰달래로5길,2566,1425,1141,4,268,481,549,681,583,2,114,246,271,409,383,2,154,235,278,272,200
2020,3,A,골목상권,1000510,곰달래로3길,2129,1259,870,4,211,408,549,685,272,2,109,227,303,420,198,2,102,181,246,265,74
2020,3,A,골목상권,1000509,곰달래로2길,2257,1536,721,7,230,371,520,739,390,3,127,237,340,512,317,4,103,134,180,227,73
2020,3,A,골목상권,1000508,곰달래로10길,2455,1620,835,7,239,416,579,788,426,4,126,267,371,520,332,3,113,149,208,268,94
2020,3,A,골목상권,1000507,가로공원로58길,1014,585,429,0,101,169,214,309,221,0,36,63,107,199,180,0,65,106,107,110,41
2020,3,A,골목상권,1000506,효창원로93길,2738,1473,1265,2,542,627,683,599,285,2,280,380,336,297,178,0,262,247,347,302,107
2020,3,A,골목상권,1000505,토정로37길,13888,8500,5388,13,2141,3321,3206,2759,2448,9,1058,2025,2191,1716,1501,4,1083,1296,1015,1043,947
2020,3,A,골목상권,1000504,월드컵로8길,11509,5833,5676,65,2414,3563,2751,1693,1023,44,994,1657,1451,962,725,21,1420,1906,1300,731,298
2020,3,A,골목상권,1000503,월드컵로7길,4418,2232,2186,10,765,1063,1090,828,662,5,284,491,597,448,407,5,481,572,493,380,255
2020,3,A,골목상권,1000502,월드컵로36길,2648,1228,1420,9,317,493,697,735,397,5,115,244,323,308,233,4,202,249,374,427,164
2020,3,A,골목상권,1000501,월드컵로25길,1959,1087,872,2,220,387,547,456,347,1,108,213,284,253,228,1,112,174,263,203,119
2020,3,A,골목상권,1000500,월드컵로19길,3830,2335,1495,6,552,727,826,640,1079,4,245,377,435,391,883,2,307,350,391,249,196
2020,3,A,골목상권,1000499,월드컵로16길,5122,2926,2196,8,667,1007,1290,994,1156,6,275,518,675,560,892,2,392,489,615,434,264
2020,3,A,골목상권,1000498,월드컵로11길,3309,1814,1495,5,567,778,860,607,492,3,240,408,469,357,337,2,327,370,391,250,155
2020,3,A,골목상권,1000497,월드컵로10길,6092,3082,3010,13,1002,1583,1610,1144,740,9,385,750,851,614,473,4,617,833,759,530,267
2020,3,A,골목상권,1000496,와우산로3길,3074,1839,1235,31,670,929,704,480,260,20,304,547,460,315,193,11,366,382,244,165,67
2020,3,A,골목상권,1000495,와우산로29길,3716,1999,1717,20,767,935,869,695,430,12,394,551,457,325,260,8,373,384,412,370,170
2020,3,A,골목상권,1000494,와우산로29가길,5051,3328,1723,21,803,1159,1271,1061,736,13,427,759,872,692,565,8,376,400,399,369,171
2020,3,A,골목상권,1000493,양화진길,3858,2187,1671,6,650,1068,1001,766,367,5,243,557,643,507,232,1,407,511,358,259,135
2020,3,A,골목상권,1000492,양화로1길,4275,2265,2010,10,759,1169,1058,771,508,7,296,545,634,448,335,3,463,624,424,323,173
2020,3,A,골목상권,1000491,양화로11길,10929,5400,5529,63,2297,3451,2604,1577,937,44,939,1550,1336,868,663,19,1358,1901,1268,709,274
2020,3,A,골목상권,1000490,신촌로30길,1379,724,655,2,346,446,283,177,125,1,133,247,148,106,89,1,213,199,135,71,36
2020,3,A,골목상권,1000489,신촌로28가길,752,296,456,1,103,194,203,152,99,1,32,69,62,63,69,0,71,125,141,89,30
2020,3,A,골목상권,1000488,신촌로12길,3946,1781,2165,10,815,883,900,792,546,3,354,427,403,298,296,7,461,456,497,494,250
2020,3,A,골목상권,1000487,숭문길,6842,4186,2656,89,1444,1619,1501,1382,807,34,700,979,985,950,538,55,744,640,516,432,269
2020,3,A,골목상권,1000486,숭문8길,2735,1664,1071,0,255,423,605,849,603,0,76,246,380,560,402,0,179,177,225,289,201
2020,3,A,골목상권,1000485,성지3길,3664,2180,1484,10,552,1062,1011,686,343,8,213,554,666,485,254,2,339,508,345,201,89
2020,3,A,골목상권,1000484,성산로4길,7479,4521,2958,22,897,1523,1696,2154,1187,12,500,1039,1117,1133,720,10,397,484,579,1021,467
2020,3,A,골목상권,1000483,성미산로32길,2558,1512,1046,6,463,625,587,513,364,5,196,354,324,336,297,1,267,271,263,177,67
2020,3,A,골목상권,1000482,성미산로1길,7338,4500,2838,19,916,1345,1544,1879,1635,11,463,915,1012,927,1172,8,453,430,532,952,463
2020,3,A,골목상권,1000481,성미산로11길,4046,2664,1382,13,538,998,1026,845,626,11,263,603,695,608,484,2,275,395,331,237,142
2020,3,A,골목상권,1000480,백범로16길,11843,6682,5161,92,2239,2925,2945,2427,1215,37,1118,1683,1682,1366,796,55,1121,1242,1263,1061,419
2020,3,A,골목상권,1000479,방울내로9안길,5395,3168,2227,19,670,1008,1186,1654,858,10,361,737,806,762,492,9,309,271,380,892,366
2020,3,A,골목상권,1000478,모래내로7길,1886,1205,681,3,178,335,447,527,396,2,80,176,294,372,281,1,98,159,153,155,115
2020,3,A,골목상권,1000477,매봉산로2길,7758,4869,2889,7,1643,2988,2130,779,211,4,769,1962,1426,552,156,3,874,1026,704,227,55
2020,3,A,골목상권,1000476,망원로2길,3573,1970,1603,12,911,970,773,517,390,5,529,512,375,277,272,7,382,458,398,240,118
2020,3,A,골목상권,1000475,망원로11길,6899,4290,2609,16,825,1251,1414,1794,1599,8,432,864,941,892,1153,8,393,387,473,902,446
2020,3,A,골목상권,1000474,만리재옛길,7898,4890,3008,27,1351,2535,2248,1325,412,3,689,1516,1496,931,255,24,662,1019,752,394,157
2020,3,A,골목상권,1000473,마포대로4길,12997,8041,4956,19,1972,3107,3139,2694,2066,14,945,1877,2168,1723,1314,5,1027,1230,971,971,752
2020,3,A,골목상권,1000472,마포대로20길,6189,3402,2787,3,1075,2041,1828,915,327,2,565,1167,973,506,189,1,510,874,855,409,138
2020,3,A,골목상권,1000471,마포대로12길,16374,9997,6377,89,3461,4980,4450,2701,693,33,1440,2797,3042,2155,530,56,2021,2183,1408,546,163
2020,3,A,골목상권,1000470,동교로38길,4017,2115,1902,12,763,1016,954,794,478,8,301,513,522,438,333,4,462,503,432,356,145
2020,3,A,골목상권,1000469,동교로27길,7445,4120,3325,26,1274,1892,1719,1388,1146,18,516,1053,1063,794,676,8,758,839,656,594,470
2020,3,A,골목상권,1000468,동교로25길,8136,4596,3540,29,1403,2144,1878,1494,1188,21,558,1182,1203,898,734,8,845,962,675,596,454
2020,3,A,골목상권,1000467,동교로19길,7995,4255,3740,21,1245,2157,2011,1503,1058,16,468,1122,1242,803,604,5,777,1035,769,700,454
2020,3,A,골목상권,1000466,동교로17길,9387,5193,4194,24,1595,2393,2243,1567,1565,15,606,1172,1268,928,1204,9,989,1221,975,639,361
2020,3,A,골목상권,1000465,독막로8길,3879,2189,1690,16,779,1135,970,653,326,8,300,606,606,432,237,8,479,529,364,221,89
2020,3,A,골목상권,1000464,독막로32길,5866,3312,2554,13,738,1526,1597,1417,575,10,314,725,890,950,423,3,424,801,707,467,152
2020,3,A,골목상권,1000463,독막로22길,2658,1530,1128,5,344,594,712,599,404,2,126,277,409,394,322,3,218,317,303,205,82
2020,3,A,골목상권,1000462,도화길,17974,9976,7998,28,3098,4346,4235,3811,2456,16,1498,2609,2619,1790,1444,12,1600,1737,1616,2021,1012
2020,3,A,골목상권,1000461,도화4길,16876,9892,6984,39,2983,3895,3920,3784,2255,21,1543,2617,2510,1864,1337,18,1440,1278,1410,1920,918
2020,3,A,골목상권,1000460,대흥로28길,947,375,572,2,105,198,264,236,142,1,26,55,84,118,91,1,79,143,180,118,51
2020,3,A,골목상권,1000459,대흥로21길,5558,2516,3042,66,2280,1294,799,703,416,23,848,602,358,411,274,43,1432,692,441,292,142
2020,3,A,골목상권,1000458,광성로6길,4309,2311,1998,8,585,1137,1113,1048,418,5,221,510,610,672,293,3,364,627,503,376,125
2020,3,A,골목상권,1000457,홍제내길,1474,745,729,1,180,256,379,425,233,1,74,127,203,209,131,0,106,129,176,216,102
2020,3,A,골목상권,1000456,홍연길,2909,1921,988,55,808,746,494,546,260,30,461,584,302,346,198,25,347,162,192,200,62
2020,3,A,골목상권,1000455,통일로39길,1448,749,699,3,167,225,380,479,194,1,48,109,194,270,127,2,119,116,186,209,67
2020,3,A,골목상권,1000454,통일로37길,1828,904,924,3,190,271,490,592,282,1,55,136,237,310,165,2,135,135,253,282,117
2020,3,A,골목상권,1000453,통일로11길,1521,816,705,4,161,295,393,422,246,2,53,134,211,250,166,2,108,161,182,172,80
2020,3,A,골목상권,1000452,충정로6길,21254,12909,8345,55,3567,6876,5753,3722,1281,25,1596,4024,3722,2578,964,30,1971,2852,2031,1144,317
2020,3,A,골목상권,1000451,충정로4길,10911,6497,4414,17,1800,3206,2959,2041,888,11,900,1947,1794,1228,617,6,900,1259,1165,813,271
2020,3,A,골목상권,1000450,증가로6길,2897,2017,880,35,517,820,647,602,276,30,323,586,463,407,208,5,194,234,184,195,68
2020,3,A,골목상권,1000449,증가로23나길,3726,1805,1921,9,539,808,864,920,586,4,162,387,432,471,349,5,377,421,432,449,237
2020,3,A,골목상권,1000448,증가로20가길,2033,1107,926,1,239,515,577,488,213,0,83,293,306,266,159,1,156,222,271,222,54
2020,3,A,골목상권,1000447,증가로10길,3090,1973,1117,30,543,972,736,605,204,27,332,651,463,354,146,3,211,321,273,251,58
2020,3,A,골목상권,1000446,응암로1길,3491,1774,1717,7,541,903,813,720,507,3,175,500,462,351,283,4,366,403,351,369,224
2020,3,A,골목상권,1000445,연희로10길,7041,5233,1808,4,896,1621,1470,2337,713,1,563,1074,991,2003,601,3,333,547,479,334,112
2020,3,A,골목상권,1000444,신촌로37길,3846,2292,1554,2,702,1092,944,679,427,1,330,659,579,444,279,1,372,433,365,235,148
2020,3,A,골목상권,1000443,수색로8길,2218,1603,615,0,96,232,309,462,1119,0,38,113,136,297,1019,0,58,119,173,165,100
2020,3,A,골목상권,1000442,세무서길,1599,845,754,5,180,231,420,513,250,1,46,119,204,309,166,4,134,112,216,204,84
2020,3,A,골목상권,1000441,세무서2길,1768,917,851,4,192,268,468,568,268,2,55,142,231,312,175,2,137,126,237,256,93
2020,3,A,골목상권,1000440,세검정로1길,7951,1661,6290,3,250,578,2095,3756,1269,1,93,194,366,496,511,2,157,384,1729,3260,758
2020,3,A,골목상권,1000439,북아현로4길,4173,2515,1658,3,713,1133,1023,806,495,1,334,709,630,512,329,2,379,424,393,294,166
2020,3,A,골목상권,1000438,모래내로15길,5054,3015,2039,12,419,756,963,1282,1622,8,251,488,593,697,978,4,168,268,370,585,644
2020,3,A,골목상권,1000437,명지대길,3551,2329,1222,30,580,1061,886,691,303,26,350,746,591,413,203,4,230,315,295,278,100
2020,3,A,골목상권,1000436,독립문로8길,4382,2674,1708,6,482,812,1071,1165,846,3,222,487,686,712,564,3,260,325,385,453,282
2020,3,A,골목상권,1000435,가재울로6길,888,539,349,0,77,134,240,276,161,0,36,70,145,173,115,0,41,64,95,103,46
2020,3,A,골목상권,1000434,통일로92길,2182,1011,1171,7,335,535,557,460,288,5,118,274,240,197,177,2,217,261,317,263,111
2020,3,A,골목상권,1000433,통일로87길,2146,1024,1122,9,346,519,538,443,291,6,121,268,251,200,178,3,225,251,287,243,113
2020,3,A,골목상권,1000432,통일로78길,3460,1707,1753,7,332,481,609,702,1329,2,143,252,274,297,739,5,189,229,335,405,590
2020,3,A,골목상권,1000431,통일로69길,1346,637,709,8,153,255,386,330,214,7,69,128,175,134,124,1,84,127,211,196,90
2020,3,A,골목상권,1000430,진흥로1길,3173,1417,1756,4,333,557,870,870,539,0,110,254,400,372,281,4,223,303,470,498,258
2020,3,A,골목상권,1000429,진흥로12길,2905,1340,1565,8,388,754,791,621,343,6,145,313,368,289,219,2,243,441,423,332,124
2020,3,A,골목상권,1000428,증산서길,2915,2010,905,0,232,477,547,595,1064,0,102,264,283,399,962,0,130,213,264,196,102
2020,3,A,골목상권,1000427,증산로9길,2163,1494,669,2,280,583,607,471,220,2,139,419,427,332,175,0,141,164,180,139,45
2020,3,A,골목상권,1000426,증산로5길,2072,1401,671,0,258,547,578,460,229,0,121,397,406,324,153,0,137,150,172,136,76
2020,3,A,골목상권,1000425,증산로21길,2416,1375,1041,1,253,492,645,577,448,1,133,247,349,321,324,0,120,245,296,256,124
2020,3,A,골목상권,1000424,증산로17길,1533,971,562,1,158,267,349,407,351,1,105,154,187,236,288,0,53,113,162,171,63
2020,3,A,골목상권,1000423,증산로15길,1952,1466,486,3,198,393,502,526,330,3,141,289,360,382,291,0,57,104,142,144,39
2020,3,A,골목상권,1000422,증산로13길,2140,1515,625,3,216,497,551,539,334,3,112,344,398,384,274,0,104,153,153,155,60
2020,3,A,골목상권,1000421,응암로34길,2471,1323,1148,3,276,441,524,582,645,2,123,210,269,282,437,1,153,231,255,300,208
2020,3,A,골목상권,1000420,응암로22길,1297,807,490,1,145,210,288,366,287,1,79,121,163,219,224,0,66,89,125,147,63
2020,3,A,골목상권,1000419,응암로14길,1013,417,596,1,128,206,284,266,128,0,35,71,108,122,81,1,93,135,176,144,47
2020,3,A,골목상권,1000418,응암로13길,1445,689,756,2,130,245,361,401,306,1,40,79,135,204,230,1,90,166,226,197,76
2020,3,A,골목상권,1000417,응암로12길,1435,563,872,1,166,271,408,394,195,0,45,84,145,163,126,1,121,187,263,231,69
2020,3,A,골목상권,1000416,은평로8길,2497,1530,967,3,244,406,580,610,654,2,113,215,332,354,514,1,131,191,248,256,140
2020,3,A,골목상권,1000415,은평로3길,2891,1471,1420,3,254,536,804,767,527,1,96,257,390,370,357,2,158,279,414,397,170
2020,3,A,골목상권,1000414,은평로20길,3249,1745,1504,5,395,859,865,854,271,3,193,415,422,525,187,2,202,444,443,329,84
2020,3,A,골목상권,1000413,은평로13길,4882,2635,2247,11,464,981,1167,1295,964,5,204,443,579,730,674,6,260,538,588,565,290
2020,3,A,골목상권,1000412,은평로10길,2810,1504,1306,6,287,449,620,714,734,4,131,216,311,338,504,2,156,233,309,376,230
2020,3,A,골목상권,1000411,연서로5길,3063,1436,1627,3,492,601,791,742,434,1,202,274,346,323,290,2,290,327,445,419,144
2020,3,A,골목상권,1000410,연서로41길,2016,1078,938,1,100,185,246,350,1134,0,42,105,102,176,653,1,58,80,144,174,481
2020,3,A,골목상권,1000409,연서로3길,2341,1159,1182,5,259,448,668,606,355,2,111,227,323,264,232,3,148,221,345,342,123
2020,3,A,골목상권,1000408,연서로34길,2541,1241,1300,4,149,280,401,486,1221,2,53,139,160,202,685,2,96,141,241,284,536
2020,3,A,골목상권,1000407,연서로33길,2718,1375,1343,3,170,344,389,525,1287,1,57,190,184,226,717,2,113,154,205,299,570
2020,3,A,골목상권,1000406,연서로29길,2086,818,1268,9,331,486,525,473,262,6,84,193,201,183,151,3,247,293,324,290,111
2020,3,A,골목상권,1000405,연서로28길,2622,1207,1415,11,448,580,692,556,335,6,144,281,297,265,214,5,304,299,395,291,121
2020,3,A,골목상권,1000404,연서로27길,2703,1310,1393,12,373,580,685,599,454,7,109,276,302,294,322,5,264,304,383,305,132
2020,3,A,골목상권,1000403,연서로21길,4079,2411,1668,10,316,591,958,1350,854,6,125,324,486,850,620,4,191,267,472,500,234
2020,3,A,골목상권,1000402,연서로17길,4262,2441,1821,10,328,658,981,1413,872,3,130,338,493,861,616,7,198,320,488,552,256
2020,3,A,골목상권,1000401,연서로16길,3513,1430,2083,12,551,724,911,861,454,3,172,291,372,331,261,9,379,433,539,530,193
2020,3,A,골목상권,1000400,연서로13길,4099,2157,1942,11,554,694,881,1307,652,2,181,304,429,794,447,9,373,390,452,513,205
2020,3,A,골목상권,1000399,연서로11길,2285,1161,1124,10,456,477,497,471,374,3,193,221,235,256,253,7,263,256,262,215,121
2020,3,A,골목상권,1000398,역말로9길,2151,1132,1019,3,261,472,592,464,359,3,101,238,301,230,259,0,160,234,291,234,100
2020,3,A,골목상권,1000397,수색로18길,570,385,185,0,61,95,137,169,108,0,25,54,96,122,88,0,36,41,41,47,20
2020,3,A,골목상권,1000396,서오릉로8길,2126,1123,1003,11,274,456,566,478,341,8,113,217,290,250,245,3,161,239,276,228,96
2020,3,A,골목상권,1000395,서오릉로21길,2587,1706,881,2,196,423,582,951,433,0,71,199,318,750,368,2,125,224,264,201,65
2020,3,A,골목상권,1000394,불광천길,1739,1013,726,2,175,341,436,474,311,2,94,177,240,274,226,0,81,164,196,200,85
2020,3,A,골목상권,1000393,갈현로7길,2513,1162,1351,8,465,592,616,529,303,2,160,291,307,215,187,6,305,301,309,314,116
2020,3,A,골목상권,1000392,갈현로41길,1687,960,727,7,251,413,396,381,239,4,139,253,226,189,149,3,112,160,170,192,90
2020,3,A,골목상권,1000391,갈현로33길,1587,732,855,5,210,381,379,418,194,2,90,175,175,167,123,3,120,206,204,251,71
2020,3,A,골목상권,1000390,갈현로1길,1825,900,925,6,304,414,399,358,344,1,100,195,204,167,233,5,204,219,195,191,111
2020,3,A,골목상권,1000389,가좌로7길,2176,1151,1025,0,223,439,587,577,350,0,87,234,282,302,246,0,136,205,305,275,104
2020,3,A,골목상권,1000388,한글비석로44길,1614,800,814,3,101,158,255,416,681,2,45,84,104,182,383,1,56,74,151,234,298
2020,3,A,골목상권,1000387,한글비석로24길,1357,635,722,6,134,222,327,384,284,2,41,105,152,179,156,4,93,117,175,205,128
2020,3,A,골목상권,1000386,한글비석로22길,1955,947,1008,7,220,393,505,492,338,2,81,195,259,208,202,5,139,198,246,284,136
2020,3,A,골목상권,1000385,석계로1길,1699,812,887,4,181,273,422,477,342,2,66,112,183,225,224,2,115,161,239,252,118
2020,3,A,골목상권,1000384,상계로9가길,1790,778,1012,6,219,309,471,494,291,4,76,161,196,203,138,2,143,148,275,291,153
2020,3,A,골목상권,1000383,상계로1길,1710,765,945,3,199,318,434,471,285,0,74,174,195,192,130,3,125,144,239,279,155
2020,3,A,골목상권,1000382,상계로12길,2778,1526,1252,15,390,539,719,680,435,11,153,297,366,381,318,4,237,242,353,299,117
2020,3,A,골목상권,1000381,동일로242길,1655,907,748,4,185,318,384,419,345,4,87,188,203,233,192,0,98,130,181,186,153
2020,3,A,골목상권,1000380,동일로192길,2933,1744,1189,7,250,389,576,757,954,3,125,174,285,514,643,4,125,215,291,243,311
2020,3,A,골목상권,1000379,동일로173가길,4507,2423,2084,7,423,581,929,1317,1250,3,198,330,466,658,768,4,225,251,463,659,482
2020,3,A,골목상권,1000378,공릉로58길,3479,2325,1154,5,354,680,894,1015,531,2,168,397,576,768,414,3,186,283,318,247,117
2020,3,A,골목상권,1000377,해등로16길,6159,3977,2182,2,696,1378,1486,1288,1309,0,374,978,1050,696,879,2,322,400,436,592,430
2020,3,A,골목상권,1000376,우이천로4다길,1311,783,528,4,134,226,369,393,185,1,50,132,220,253,127,3,84,94,149,140,58
2020,3,A,골목상권,1000375,우이천로32길,1433,692,741,0,202,304,375,355,197,0,60,133,156,173,170,0,142,171,219,182,27
2020,3,A,골목상권,1000374,시루봉로23길,2007,1393,614,7,171,326,422,562,519,5,88,210,238,396,456,2,83,116,184,166,63
2020,3,A,골목상권,1000373,삼양로144길,721,298,423,0,103,108,183,165,162,0,19,38,81,65,95,0,84,70,102,100,67
2020,3,A,골목상권,1000372,방학로6가길,941,461,480,1,99,154,245,255,187,1,50,76,111,123,100,0,49,78,134,132,87
2020,3,A,골목상권,1000371,방학로5길,1988,902,1086,4,311,470,491,452,260,2,93,231,236,191,149,2,218,239,255,261,111
2020,3,A,골목상권,1000370,방학로15길,2236,1446,790,7,437,536,516,461,279,7,294,319,346,250,230,0,143,217,170,211,49
2020,3,A,골목상권,1000369,방학로10길,1322,623,699,3,143,331,353,297,195,2,49,153,162,134,123,1,94,178,191,163,72
2020,3,A,골목상권,1000368,도봉산길,1275,888,387,0,43,90,247,427,468,0,15,52,178,333,310,0,28,38,69,94,158
2020,3,A,골목상권,1000367,도봉산4길,1096,811,285,0,23,63,199,380,431,0,9,36,157,317,292,0,14,27,42,63,139
2020,3,A,골목상권,1000366,도봉로181길,749,388,361,0,59,110,179,202,199,0,13,51,75,106,143,0,46,59,104,96,56
2020,3,A,골목상권,1000365,도봉로169나길,1230,878,352,2,64,188,229,399,348,1,24,106,144,296,307,1,40,82,85,103,41
2020,3,A,골목상권,1000364,도봉로156길,1281,929,352,1,66,160,250,386,418,0,22,92,148,293,374,1,44,68,102,93,44
2020,3,A,골목상권,1000363,도봉로152가길,1287,838,449,2,75,174,250,407,379,1,22,83,135,283,314,1,53,91,115,124,65
2020,3,A,골목상권,1000362,도봉로147길,2653,1366,1287,6,287,448,600,920,392,2,150,267,298,428,221,4,137,181,302,492,171
2020,3,A,골목상권,1000361,도봉로143길,1706,982,724,5,215,362,408,444,272,4,97,219,241,254,167,1,118,143,167,190,105
2020,3,A,골목상권,1000360,도봉로114길,1941,1023,918,5,269,361,447,514,345,1,92,141,236,305,248,4,177,220,211,209,97
2020,3,A,골목상권,1000359,도봉로109길,3318,1622,1696,7,603,745,790,742,431,4,153,339,417,416,293,3,450,406,373,326,138
2020,3,A,골목상권,1000358,도당로29길,2804,1527,1277,6,275,496,683,858,486,5,150,329,325,355,363,1,125,167,358,503,123
2020,3,A,골목상권,1000357,도당로19길,1552,583,969,3,174,260,433,537,145,3,86,151,140,127,76,0,88,109,293,410,69
2020,3,A,골목상권,1000356,도당로13바길,1045,467,578,0,92,205,263,215,270,0,37,93,114,102,121,0,55,112,149,113,149
2020,3,A,골목상권,1000355,도당로13가길,742,396,346,1,86,149,193,177,136,1,41,79,88,97,90,0,45,70,105,80,46
2020,3,A,골목상권,1000354,덕릉로60길,1084,606,478,2,100,216,311,274,181,1,31,122,184,148,120,1,69,94,127,126,61
2020,3,A,골목상권,1000353,노해로63다길,5926,3931,1995,6,637,1379,1476,1182,1246,4,352,984,1046,677,868,2,285,395,430,505,378
2020,3,A,골목상권,1000352,노해로60길,2005,1119,886,7,258,399,475,517,349,4,89,178,266,326,256,3,169,221,209,191,93
2020,3,A,골목상권,1000351,한천로140길,3507,1801,1706,6,375,859,910,874,483,5,143,394,473,511,275,1,232,465,437,363,208
2020,3,A,골목상권,1000350,한천로139가길,3365,1468,1897,10,307,680,719,776,873,8,97,267,327,445,324,2,210,413,392,331,549
2020,3,A,골목상권,1000349,한천로132길,4083,2319,1764,7,454,1047,975,1035,565,6,199,551,552,683,328,1,255,496,423,352,237
2020,3,A,골목상권,1000348,한천로130길,1159,597,562,1,133,204,272,293,256,1,41,90,149,145,171,0,92,114,123,148,85
2020,3,A,골목상권,1000347,한천로124나길,1582,1052,530,0,241,388,333,398,222,0,121,259,215,305,152,0,120,129,118,93,70
2020,3,A,골목상권,1000346,한천로109길,1731,911,820,10,206,332,401,448,334,7,68,155,215,251,215,3,138,177,186,197,119
2020,3,A,골목상권,1000345,인수봉로79길,2108,1156,952,6,278,520,511,519,274,6,117,278,273,275,207,0,161,242,238,244,67
2020,3,A,골목상권,1000344,인수봉로72길,3985,2568,1417,0,249,550,888,1099,1199,0,80,281,601,772,834,0,169,269,287,327,365
2020,3,A,골목상권,1000343,인수봉로56길,2237,1341,896,0,190,405,586,707,349,0,63,185,366,456,271,0,127,220,220,251,78
2020,3,A,골목상권,1000342,오패산로67길,3448,1963,1485,8,408,621,684,869,858,4,167,359,360,538,535,4,241,262,324,331,323
2020,3,A,골목상권,1000341,오패산로52길,1713,1004,709,2,181,340,484,464,242,2,88,176,274,293,171,0,93,164,210,171,71
2020,3,A,골목상권,1000340,오패산로30길,1173,548,625,8,119,172,341,288,245,6,52,74,144,127,145,2,67,98,197,161,100
2020,3,A,골목상권,1000339,수유로12길,3114,1486,1628,5,344,454,641,822,848,1,84,188,264,398,551,4,260,266,377,424,297
2020,3,A,골목상권,1000338,솔샘로65길,1680,791,889,8,123,270,394,410,475,7,33,99,167,220,265,1,90,171,227,190,210
2020,3,A,골목상권,1000337,솔매로50길,2145,1151,994,8,231,442,606,562,296,7,91,188,300,340,225,1,140,254,306,222,71
2020,3,A,골목상권,1000336,솔매로45길,1602,867,735,3,192,330,439,424,214,1,78,149,251,252,136,2,114,181,188,172,78
2020,3,A,골목상권,1000335,솔매로41길,1599,892,707,1,186,336,458,426,192,0,83,170,253,259,127,1,103,166,205,167,65
2020,3,A,골목상권,1000334,삼양로93길,2583,1532,1051,0,221,467,693,790,412,0,66,225,438,496,307,0,155,242,255,294,105
2020,3,A,골목상권,1000333,삼양로77길,1258,524,734,1,124,256,353,391,133,0,45,102,142,156,79,1,79,154,211,235,54
2020,3,A,골목상권,1000332,삼양로54길,1233,592,641,2,94,151,242,315,429,2,29,62,121,168,210,0,65,89,121,147,219
2020,3,A,골목상권,1000331,삼양로41길,1030,584,446,5,119,193,245,241,227,3,52,86,124,148,171,2,67,107,121,93,56
2020,3,A,골목상권,1000330,삼양로27길,1407,729,678,1,238,381,422,238,127,0,94,204,231,110,90,1,144,177,191,128,37
2020,3,A,골목상권,1000329,삼양로24길,1095,702,393,2,75,180,273,290,275,1,35,88,154,196,228,1,40,92,119,94,47
2020,3,A,골목상권,1000328,삼양로20길,5023,2590,2433,416,1990,1284,666,420,247,177,890,703,373,240,207,239,1100,581,293,180,40
2020,3,A,골목상권,1000327,삼각산로28길,4686,2178,2508,9,400,813,913,1212,1339,8,129,336,409,677,619,1,271,477,504,535,720
2020,3,A,골목상권,1000326,도봉로99길,1726,787,939,1,383,412,412,379,139,0,101,196,193,201,96,1,282,216,219,178,43
2020,3,A,골목상권,1000325,도봉로8길,860,355,505,3,132,188,214,200,123,2,33,68,83,88,81,1,99,120,131,112,42
2020,3,A,골목상권,1000324,도봉로76길,4137,2376,1761,5,482,796,901,1078,875,1,210,455,513,657,540,4,272,341,388,421,335
2020,3,A,골목상권,1000323,도봉로67길,1676,842,834,3,218,339,441,433,242,1,78,158,230,231,144,2,140,181,211,202,98
2020,3,A,골목상권,1000322,도봉로45길,1984,992,992,1,190,389,536,486,382,1,82,178,276,282,173,0,108,211,260,204,209
2020,3,A,골목상권,1000321,도봉로18길,1442,705,737,7,132,243,417,378,265,6,39,87,162,199,212,1,93,156,255,179,53
2020,3,A,골목상권,1000320,도봉로13길,931,573,358,1,93,187,219,267,164,1,37,98,126,181,130,0,56,89,93,86,34
2020,3,A,골목상권,1000319,덕릉로41길,4574,2478,2096,10,512,1051,1028,1202,771,8,199,522,530,774,445,2,313,529,498,428,326
2020,3,A,골목상권,1000318,덕릉로40길,981,475,506,2,125,130,270,309,145,0,52,61,101,172,89,2,73,69,169,137,56
2020,3,A,골목상권,1000317,노해로33길,1032,522,510,1,143,197,273,255,163,0,44,97,126,133,122,1,99,100,147,122,41
2020,3,A,골목상권,1000316,노해로23길,1488,1041,447,2,136,183,370,533,264,0,57,103,259,417,205,2,79,80,111,116,59
2020,3,A,골목상권,1000315,노해로17길,3379,1488,1891,5,286,662,736,802,888,4,89,266,337,462,330,1,197,396,399,340,558
2020,3,A,골목상권,1000314,화랑로40길,2188,1476,712,1,140,177,301,419,1150,0,52,85,162,259,918,1,88,92,139,160,232
2020,3,A,골목상권,1000313,화랑로32길,1528,947,581,4,186,373,394,357,214,0,71,233,235,238,170,4,115,140,159,119,44
2020,3,A,골목상권,1000312,화랑로1길,3846,2556,1290,6,357,646,771,887,1179,3,178,396,449,596,934,3,179,250,322,291,245
2020,3,A,골목상권,1000311,화랑로19길,1924,1083,841,4,339,477,528,372,204,1,153,280,296,204,149,3,186,197,232,168,55
2020,3,A,골목상권,1000310,화랑로14길,3348,2039,1309,3,554,1083,785,586,337,0,266,704,461,360,248,3,288,379,324,226,89
2020,3,A,골목상권,1000309,화랑로13길,3666,2389,1277,1,489,1018,810,696,652,0,231,675,508,447,528,1,258,343,302,249,124
2020,3,A,골목상권,1000308,한천로76길,1061,657,404,2,138,204,254,283,180,0,66,104,141,203,143,2,72,100,113,80,37
2020,3,A,골목상권,1000307,한천로101가길,700,312,388,6,87,145,201,154,107,4,36,61,84,55,72,2,51,84,117,99,35
2020,3,A,골목상권,1000306,창경궁로43길,6137,3067,3070,30,812,1435,1729,1420,711,19,288,670,898,770,422,11,524,765,831,650,289
2020,3,A,골목상권,1000305,지봉로20길,7371,5614,1757,7,803,2211,1513,1469,1368,2,447,1781,1218,1191,975,5,356,430,295,278,393
2020,3,A,골목상권,1000304,종암로5길,976,488,488,0,107,230,308,227,104,0,37,97,153,139,62,0,70,133,155,88,42
2020,3,A,골목상권,1000303,종암로24가길,1829,1059,770,2,233,409,426,551,208,0,115,271,248,336,89,2,118,138,178,215,119
2020,3,A,골목상권,1000302,종암로21길,21348,11507,9841,61,1725,5284,7395,5936,947,12,757,1915,3385,4717,721,49,968,3369,4010,1219,226
2020,3,A,골목상권,1000301,종암로19길,19081,9789,9292,57,1523,4879,6999,5431,192,13,621,1616,3100,4314,125,44,902,3263,3899,1117,67
2020,3,A,골목상권,1000300,종암로16길,1435,562,873,3,196,255,347,385,249,1,61,104,137,147,112,2,135,151,210,238,137
2020,3,A,골목상권,1000299,정릉로8길,1934,1384,550,15,321,601,450,314,233,14,185,439,354,247,145,1,136,162,96,67,88
2020,3,A,골목상권,1000298,정릉로27길,2503,1119,1384,2,395,517,679,574,336,0,110,215,269,295,230,2,285,302,410,279,106
2020,3,A,골목상권,1000297,정릉로26길,1495,568,927,1,255,373,406,316,144,0,62,153,129,131,93,1,193,220,277,185,51
2020,3,A,골목상권,1000296,장위로50길,2540,1674,866,6,201,300,339,457,1237,2,67,159,170,269,1007,4,134,141,169,188,230
2020,3,A,골목상권,1000295,장월로1길,3837,2383,1454,5,671,1155,920,721,365,1,334,778,573,433,264,4,337,377,347,288,101
2020,3,A,골목상권,1000294,인촌로6길,7167,5526,1641,11,781,2081,1360,1419,1515,5,480,1723,1109,1120,1089,6,301,358,251,299,426
2020,3,A,골목상권,1000293,인촌로5길,3744,2001,1743,8,384,927,1023,1089,313,2,132,383,542,741,201,6,252,544,481,348,112
2020,3,A,골목상권,1000292,인촌로24길,3279,2060,1219,3,363,782,950,756,425,0,148,448,603,521,340,3,215,334,347,235,85
2020,3,A,골목상권,1000291,개운사길,1657,853,804,1,198,454,562,333,109,0,70,197,309,202,75,1,128,257,253,131,34
2020,3,A,골목상권,1000290,인촌로1길,5136,2931,2205,11,550,1230,1246,1337,762,3,244,628,732,871,453,8,306,602,514,466,309
2020,3,A,골목상권,1000289,인촌로17가길,1215,677,538,1,241,377,311,175,110,0,115,240,168,88,66,1,126,137,143,87,44
2020,3,A,골목상권,1000288,오패산로4길,4408,2833,1575,4,583,1149,982,932,758,2,286,749,590,605,601,2,297,400,392,327,157
2020,3,A,골목상권,1000287,오패산로3길,2850,1845,1005,4,209,352,537,564,1184,4,84,169,284,372,932,0,125,183,253,192,252
2020,3,A,골목상권,1000286,오패산로19길,1435,649,786,8,205,309,385,334,194,7,70,129,176,158,109,1,135,180,209,176,85
2020,3,A,골목상권,1000285,안암로5길,4306,2796,1510,12,544,890,945,942,973,5,289,608,638,609,647,7,255,282,307,333,326
2020,3,A,골목상권,1000284,아리랑로4길,2365,1201,1164,21,341,481,540,576,406,16,110,203,273,322,277,5,231,278,267,254,129
2020,3,A,골목상권,1000283,솔샘로6길,912,567,345,0,69,143,230,271,199,0,25,73,132,188,149,0,44,70,98,83,50
2020,3,A,골목상권,1000282,성북로8길,4182,2354,1828,23,494,912,1411,968,374,12,211,482,771,591,287,11,283,430,640,377,87
2020,3,A,골목상권,1000281,삼양로8길,5716,2840,2876,421,2108,1423,856,565,343,178,934,772,460,247,249,243,1174,651,396,318,94
2020,3,A,골목상권,1000280,삼선교로16가길,2374,1509,865,2,288,621,698,570,195,0,104,382,484,420,119,2,184,239,214,150,76
2020,3,A,골목상권,1000279,삼선교로10다길,2140,1279,861,3,162,256,647,619,453,0,60,121,380,400,318,3,102,135,267,219,135
2020,3,A,골목상권,1000278,삼선교로10길,2448,1319,1129,4,222,314,722,727,459,2,76,134,409,421,277,2,146,180,313,306,182
2020,3,A,골목상권,1000277,보문로32길,3795,2025,1770,12,402,961,1025,1093,302,5,150,395,543,737,195,7,252,566,482,356,107
2020,3,A,골목상권,1000276,보문로31길,6816,3595,3221,9,765,1759,2112,1724,447,2,270,782,1077,1187,277,7,495,977,1035,537,170
2020,3,A,골목상권,1000275,보문로26길,1538,813,725,1,285,437,401,268,146,0,127,270,209,121,86,1,158,167,192,147,60
2020,3,A,골목상권,1000274,보문로13길,6379,4803,1576,7,521,1743,1183,1318,1607,1,318,1444,946,1014,1080,6,203,299,237,304,527
2020,3,A,골목상권,1000273,보국문로16길,1473,809,664,2,134,166,324,455,392,0,44,77,162,269,257,2,90,89,162,186,135
2020,3,A,골목상권,1000272,동소문로6길,3075,1751,1324,11,285,567,1022,837,353,4,130,325,582,467,243,7,155,242,440,370,110
2020,3,A,골목상권,1000271,동소문로2길,2629,1268,1361,8,361,575,735,574,376,5,162,334,362,209,196,3,199,241,373,365,180
2020,3,A,골목상권,1000270,동소문로26가길,2325,1062,1263,23,336,488,529,546,403,11,90,178,233,281,269,12,246,310,296,265,134
2020,3,A,골목상권,1000269,동소문로15길,13122,7940,5182,60,2012,3087,4057,2407,1499,26,932,1807,2691,1751,733,34,1080,1280,1366,656,766
2020,3,A,골목상권,1000268,동소문로13길,15530,8923,6607,61,2321,3756,4947,2768,1677,27,1042,2114,3047,1895,798,34,1279,1642,1900,873,879
2020,3,A,골목상권,1000267,돌곶이로8길,1501,991,510,3,168,348,339,377,266,0,78,211,198,280,224,3,90,137,141,97,42
2020,3,A,골목상권,1000266,돌곶이로41길,578,281,297,5,93,145,159,113,63,3,42,78,81,42,35,2,51,67,78,71,28
2020,3,A,골목상권,1000265,돌곶이로28길,2464,1679,785,6,192,251,323,451,1241,1,75,134,182,273,1014,5,117,117,141,178,227
2020,3,A,골목상권,1000264,돌곶이로27길,1146,638,508,1,113,202,254,253,323,0,35,95,119,131,258,1,78,107,135,122,65
2020,3,A,골목상권,1000263,돌곶이로22길,2523,1745,778,4,227,361,362,436,1133,0,104,229,227,270,915,4,123,132,135,166,218
2020,3,A,골목상권,1000262,돌곶이로14길,1130,729,401,3,138,285,273,289,142,0,69,183,170,195,112,3,69,102,103,94,30
2020,3,A,골목상권,1000261,길음로7길,2033,690,1343,9,643,584,388,269,140,0,112,217,147,119,95,9,531,367,241,150,45
2020,3,A,골목상권,1000260,중랑천로10길,3242,2165,1077,11,329,735,995,928,244,10,150,453,692,689,171,1,179,282,303,239,73
2020,3,A,골목상권,1000259,용마산로94길,1479,1008,471,1,135,212,335,428,368,0,46,122,218,335,287,1,89,90,117,93,81
2020,3,A,골목상권,1000258,용마산로118길,1833,1219,614,3,134,257,368,560,511,1,50,110,200,400,458,2,84,147,168,160,53
2020,3,A,골목상권,1000257,용마산로112길,1061,691,370,3,77,147,200,352,282,1,29,62,111,243,245,2,48,85,89,109,37
2020,3,A,골목상권,1000256,용마산로100길,1375,864,511,0,108,178,316,388,385,0,39,93,188,261,283,0,69,85,128,127,102
2020,3,A,골목상권,1000255,신내로7가길,2885,1702,1183,7,421,599,614,650,594,4,252,346,321,339,440,3,169,253,293,311,154
2020,3,A,골목상권,1000254,사가정로54길,2447,1561,886,4,257,394,587,682,523,4,98,209,351,486,413,0,159,185,236,196,110
2020,3,A,골목상권,1000253,사가정로42길,1480,984,496,2,143,326,437,379,193,2,79,194,297,268,144,0,64,132,140,111,49
2020,3,A,골목상권,1000252,봉화산로56길,6034,3615,2419,7,777,1325,1309,1525,1091,6,404,672,687,972,874,1,373,653,622,553,217
2020,3,A,골목상권,1000251,봉화산로4길,1177,649,528,7,163,237,282,241,247,6,79,99,141,134,190,1,84,138,141,107,57
2020,3,A,골목상권,1000250,봉화산로30길,2185,1269,916,11,274,462,498,523,417,10,120,230,272,306,331,1,154,232,226,217,86
2020,3,A,골목상권,1000249,봉우재로33길,2885,1792,1093,6,408,726,863,553,329,3,226,499,471,322,271,3,182,227,392,231,58
2020,3,A,골목상권,1000248,면목로78길,2567,1467,1100,3,353,606,757,571,277,0,176,401,378,294,218,3,177,205,379,277,59
2020,3,A,골목상권,1000247,면목로56길,2604,1612,992,5,254,532,633,676,504,0,94,286,378,479,375,5,160,246,255,197,129
2020,3,A,골목상권,1000246,면목로55길,2381,1425,956,4,284,506,594,560,433,1,120,285,316,372,331,3,164,221,278,188,102
2020,3,A,골목상권,1000245,면목로49길,2892,1746,1146,6,325,625,796,681,459,3,139,346,451,460,347,3,186,279,345,221,112
2020,3,A,골목상권,1000244,면목로48길,2802,1706,1096,6,308,506,636,752,594,2,99,241,361,531,472,4,209,265,275,221,122
2020,3,A,골목상권,1000243,면목로45길,2478,1502,976,5,260,477,642,635,459,2,95,236,362,453,354,3,165,241,280,182,105
2020,3,A,골목상권,1000242,면목로33길,1771,1210,561,3,146,273,467,639,243,2,61,154,307,496,190,1,85,119,160,143,53
2020,3,A,골목상권,1000241,면목로21길,1619,1149,470,1,128,228,394,595,273,1,63,138,260,478,209,0,65,90,134,117,64
2020,3,A,골목상권,1000240,망우로73길,1580,995,585,2,129,243,331,503,372,1,48,97,162,350,337,1,81,146,169,153,35
2020,3,A,골목상권,1000239,망우로68길,1840,1024,816,11,182,275,356,549,467,2,56,90,174,333,369,9,126,185,182,216,98
2020,3,A,골목상권,1000238,동일로163길,1116,609,507,1,113,238,281,312,171,1,33,124,148,186,117,0,80,114,133,126,54
2020,3,A,골목상권,1000237,동일로157길,2828,1746,1082,2,371,654,717,740,344,2,195,416,418,482,233,0,176,238,299,258,111
2020,3,A,골목상권,1000236,동일로149길,1644,1148,496,1,250,431,408,418,136,1,160,301,274,311,101,0,90,130,134,107,35
2020,3,A,골목상권,1000235,동일로140길,2688,1741,947,1,373,630,649,637,398,1,212,366,386,448,328,0,161,264,263,189,70
2020,3,A,골목상권,1000234,동일로139길,1911,1335,576,2,290,481,447,429,262,2,182,319,296,333,203,0,108,162,151,96,59
2020,3,A,골목상권,1000233,동일로139가길,2323,1520,803,2,338,578,560,546,299,2,202,364,338,382,232,0,136,214,222,164,67
2020,3,A,골목상권,1000232,동일로130길,1739,907,832,0,221,381,428,392,317,0,80,163,212,207,245,0,141,218,216,185,72
2020,3,A,골목상권,1000231,동일로123길,2657,1671,986,4,253,497,628,611,664,2,112,252,362,403,540,2,141,245,266,208,124
2020,3,A,골목상권,1000230,동일로112길,4163,2571,1592,5,455,878,1184,921,720,0,216,554,654,565,582,5,239,324,530,356,138
2020,3,A,골목상권,1000229,동일로101길,1342,738,604,2,111,223,316,394,296,1,38,102,165,210,222,1,73,121,151,184,74
2020,3,A,골목상권,1000228,동일로100길,3062,1918,1144,5,382,644,840,712,479,1,186,437,469,435,390,4,196,207,371,277,89
2020,3,A,골목상권,1000227,답십리로75길,1647,1158,489,2,146,269,413,594,223,1,61,158,284,477,177,1,85,111,129,117,46
2020,3,A,골목상권,1000226,공릉로2길,1693,846,847,0,190,354,448,430,271,0,59,167,211,219,190,0,131,187,237,211,81
2020,3,A,골목상권,1000225,공릉로12가길,1387,675,712,5,120,302,379,375,206,1,41,141,168,184,140,4,79,161,211,191,66
2020,3,A,골목상권,1000224,겸재로54길,1723,989,734,2,149,360,435,489,288,0,52,182,235,314,206,2,97,178,200,175,82
2020,3,A,골목상권,1000223,겸재로36길,1894,1125,769,2,224,410,491,451,316,1,99,235,263,282,245,1,125,175,228,169,71
2020,3,A,골목상권,1000222,겸재로29길,2514,1442,1072,3,356,591,717,548,299,0,154,393,354,299,242,3,202,198,363,249,57
2020,3,A,골목상권,1000221,휘경로3길,1648,978,670,1,105,240,504,490,308,1,31,114,291,337,204,0,74,126,213,153,104
2020,3,A,골목상권,1000220,휘경로2길,3049,1311,1738,1,618,820,765,547,298,0,109,292,374,339,197,1,509,528,391,208,101
2020,3,A,골목상권,1000219,휘경로23길,614,320,294,1,67,110,160,169,107,1,22,58,78,92,69,0,45,52,82,77,38
2020,3,A,골목상권,1000218,휘경로14길,1479,863,616,2,157,276,399,372,273,0,59,153,246,256,149,2,98,123,153,116,124
2020,3,A,골목상권,1000217,한천로46길,2745,1664,1081,7,257,609,744,699,429,4,108,329,405,450,368,3,149,280,339,249,61
2020,3,A,골목상권,1000216,한천로40길,3901,2396,1505,42,1579,638,549,630,463,24,890,432,324,364,362,18,689,206,225,266,101
2020,3,A,골목상권,1000215,한천로33길,3866,2281,1585,44,1555,669,619,604,375,25,889,443,365,303,256,19,666,226,254,301,119
2020,3,A,골목상권,1000214,한천로14길,4755,3015,1740,10,482,875,1053,1151,1184,8,265,564,729,724,725,2,217,311,324,427,459
2020,3,A,골목상권,1000213,천호대로97길,2965,1783,1182,3,272,446,561,649,1034,1,124,255,305,374,724,2,148,191,256,275,310
2020,3,A,골목상권,1000212,천호대로77길,7115,4648,2467,42,1435,1733,1428,1183,1294,11,692,1167,993,781,1004,31,743,566,435,402,290
2020,3,A,골목상권,1000211,천호대로45길,3003,1572,1431,4,394,735,773,837,260,3,173,340,347,530,179,1,221,395,426,307,81
2020,3,A,골목상권,1000210,천호대로17길,6749,4474,2275,19,1205,1945,1500,1062,1018,8,649,1242,1040,758,777,11,556,703,460,304,241
2020,3,A,골목상권,1000209,천호대로12길,7588,3791,3797,17,654,1869,2390,2008,650,5,311,1118,1104,826,427,12,343,751,1286,1182,223
2020,3,A,골목상권,1000208,천장산로7길,1507,887,620,1,143,268,481,414,200,1,46,118,281,284,157,0,97,150,200,130,43
2020,3,A,골목상권,1000207,제기로5길,935,590,345,1,67,174,296,222,175,1,33,90,177,153,136,0,34,84,119,69,39
2020,3,A,골목상권,1000206,제기로21길,2839,1722,1117,3,462,786,682,637,269,2,167,399,457,465,232,1,295,387,225,172,37
2020,3,A,골목상권,1000205,전농로4길,4531,3351,1180,21,816,1152,1084,816,642,20,613,873,800,557,488,1,203,279,284,259,154
2020,3,A,골목상권,1000204,전농로3길,5028,2106,2922,6,712,1005,1480,1452,373,3,484,665,450,279,225,3,228,340,1030,1173,148
2020,3,A,골목상권,1000203,전농로29길,2714,1526,1188,4,365,562,704,736,343,1,149,259,429,454,234,3,216,303,275,282,109
2020,3,A,골목상권,1000202,장한로8길,5023,3212,1811,13,542,925,1072,1109,1362,9,274,576,665,701,987,4,268,349,407,408,375
2020,3,A,골목상권,1000201,장한로5길,5323,3412,1911,16,511,879,1104,1211,1602,12,281,571,744,755,1049,4,230,308,360,456,553
2020,3,A,골목상권,1000200,장한로27길,5011,2537,2474,51,1855,967,882,799,457,31,974,542,372,353,265,20,881,425,510,446,192
2020,3,A,골목상권,1000199,장한로27가길,5462,2697,2765,50,1892,1073,1078,938,431,31,977,583,448,388,270,19,915,490,630,550,161
2020,3,A,골목상권,1000198,장한로26길,4475,2559,1916,13,776,1044,1177,953,512,9,415,600,587,556,392,4,361,444,590,397,120
2020,3,A,골목상권,1000197,장한로26가길,3157,1546,1611,2,436,691,837,757,434,1,156,334,371,389,295,1,280,357,466,368,139
2020,3,A,골목상권,1000196,장한로25길,2822,1232,1590,11,422,622,742,672,353,8,155,291,285,291,202,3,267,331,457,381,151
2020,3,A,골목상권,1000195,장한로14길,2657,1721,936,1,344,567,590,714,441,0,183,363,374,464,337,1,161,204,216,250,104
2020,3,A,골목상권,1000194,이문로42길,1875,896,979,2,236,373,458,469,337,1,77,189,213,209,207,1,159,184,245,260,130
2020,3,A,골목상권,1000193,왕산로43길,2884,1522,1362,2,423,750,539,578,592,2,174,472,259,286,329,0,249,278,280,292,263
2020,3,A,골목상권,1000192,왕산로33길,1277,685,592,3,165,207,251,351,300,2,71,118,146,162,186,1,94,89,105,189,114
2020,3,A,골목상권,1000191,왕산로32길,2790,1398,1392,4,356,682,704,775,269,3,136,293,297,488,181,1,220,389,407,287,88
2020,3,A,골목상권,1000190,약령시로17길,1197,647,550,0,100,194,256,364,283,0,47,96,132,171,201,0,53,98,124,193,82
2020,3,A,골목상권,1000189,서울시립대로4길,1374,920,454,5,205,281,370,322,191,3,135,171,236,225,150,2,70,110,134,97,41
2020,3,A,골목상권,1000188,서울시립대로29길,2817,1495,1322,5,375,592,640,678,527,2,120,239,337,390,407,3,255,353,303,288,120
2020,3,A,골목상권,1000187,서울시립대로16길,1212,705,507,2,157,239,338,315,161,1,73,132,206,200,93,1,84,107,132,115,68
2020,3,A,골목상권,1000186,사가정로2길,5921,2739,3182,6,842,1281,1651,1543,598,1,558,846,593,346,395,5,284,435,1058,1197,203
2020,3,A,골목상권,1000185,사가정로23가길,2757,1624,1133,7,243,514,745,769,479,4,107,272,387,451,403,3,136,242,358,318,76
2020,3,A,골목상권,1000184,사가정로13길,3844,2135,1709,3,409,833,1054,1019,526,1,191,398,597,596,352,2,218,435,457,423,174
2020,3,A,골목상권,1000183,무학로45길,3892,2514,1378,6,635,942,861,797,651,1,265,586,560,574,528,5,370,356,301,223,123
2020,3,A,골목상권,1000182,무학로16길,6673,4996,1677,44,537,1158,1534,2228,1172,30,339,869,1214,1655,889,14,198,289,320,573,283
2020,3,A,골목상권,1000181,망우로21길,2985,1539,1446,4,476,624,771,769,341,1,138,335,448,437,180,3,338,289,323,332,161
2020,3,A,골목상권,1000180,망우로18길,3637,1908,1729,3,523,764,946,984,417,1,160,354,548,589,256,2,363,410,398,395,161
2020,3,A,골목상권,1000179,망우로18가길,1678,939,739,2,157,343,451,474,251,0,74,131,251,308,175,2,83,212,200,166,76
2020,3,A,골목상권,1000178,답십리로72길,4692,2705,1987,14,840,1135,1265,971,467,10,456,674,650,563,352,4,384,461,615,408,115
2020,3,A,골목상권,1000177,답십리로69길,2975,1406,1569,4,394,595,796,749,437,2,133,276,322,362,311,2,261,319,474,387,126
2020,3,A,골목상권,1000176,답십리로68길,4296,2087,2209,10,547,830,982,1006,921,9,238,431,475,481,453,1,309,399,507,525,468
2020,3,A,골목상권,1000175,답십리로64길,3592,1860,1732,14,351,550,734,948,995,11,178,315,412,456,488,3,173,235,322,492,507
2020,3,A,골목상권,1000174,답십리로63길,3950,2081,1869,49,1679,741,663,541,277,31,917,445,284,227,177,18,762,296,379,314,100
2020,3,A,골목상권,1000173,답십리로60길,2814,1528,1286,10,218,367,546,730,943,8,104,213,339,376,488,2,114,154,207,354,455
2020,3,A,골목상권,1000172,답십리로56길,1642,966,676,7,193,331,415,414,282,5,84,182,226,261,208,2,109,149,189,153,74
2020,3,A,골목상권,1000171,답십리로23길,621,354,267,0,53,109,142,155,162,0,36,69,95,81,73,0,17,40,47,74,89
2020,3,A,골목상권,1000170,난계로30길,11888,6465,5423,26,1011,2333,3278,3040,2200,15,518,1425,1712,1450,1345,11,493,908,1566,1590,855
2020,3,A,골목상권,1000169,경희대로4길,2471,851,1620,1,635,796,539,319,181,1,118,263,205,132,132,0,517,533,334,187,49
2020,3,A,골목상권,1000168,경희대로3길,1887,985,902,3,421,627,363,278,195,2,150,306,216,169,142,1,271,321,147,109,53
2020,3,A,골목상권,1000167,천호대로129길,4015,2458,1557,57,613,763,1054,994,534,25,326,456,705,595,351,32,287,307,349,399,183
2020,3,A,골목상권,1000166,천호대로123길,3663,2023,1640,12,472,752,948,854,625,4,247,428,501,410,433,8,225,324,447,444,192
2020,3,A,골목상권,1000165,천호대로109길,4122,2443,1679,12,675,953,1056,806,620,7,368,568,606,448,446,5,307,385,450,358,174
2020,3,A,골목상권,1000164,자양번영로3길,2410,1751,659,5,268,492,717,699,229,3,184,349,521,521,173,2,84,143,196,178,56
2020,3,A,골목상권,1000163,자양로53길,3133,1922,1211,7,338,584,936,852,416,3,155,354,590,521,299,4,183,230,346,331,117
2020,3,A,골목상권,1000162,자양로50길,3389,2111,1278,55,516,563,871,921,463,24,288,333,588,579,299,31,228,230,283,342,164
2020,3,A,골목상권,1000161,자양로45길,3528,1956,1572,18,389,699,906,884,632,8,170,399,508,438,433,10,219,300,398,446,199
2020,3,A,골목상권,1000160,자양로26길,11120,9301,1819,8,645,1498,3166,4721,1082,7,395,1137,2640,4179,943,1,250,361,526,542,139
2020,3,A,골목상권,1000159,자양로15길,14033,10711,3322,15,963,2057,3878,5600,1520,11,438,1259,3031,4713,1259,4,525,798,847,887,261
2020,3,A,골목상권,1000158,자양로11길,4146,2273,1873,13,510,846,1120,1097,560,9,194,432,630,617,391,4,316,414,490,480,169
2020,3,A,골목상권,1000157,용마산로3길,3963,2259,1704,12,592,827,1025,859,648,4,333,474,558,438,452,8,259,353,467,421,196
2020,3,A,골목상권,1000156,용마산로21길,3266,1755,1511,52,500,666,824,773,451,6,177,324,426,465,357,46,323,342,398,308,94
2020,3,A,골목상권,1000155,아차산로78길,13980,8708,5272,179,4372,3794,2639,2038,958,56,2128,2558,1845,1418,703,123,2244,1236,794,620,255
2020,3,A,골목상권,1000154,아차산로65길,5416,3292,2124,9,825,1240,1171,1078,1093,3,489,877,821,559,543,6,336,363,350,519,550
2020,3,A,골목상권,1000153,아차산로55길,6399,3241,3158,11,462,1050,1872,2133,871,8,211,550,1006,966,500,3,251,500,866,1167,371
2020,3,A,골목상권,1000152,아차산로51길,14145,10878,3267,14,898,2236,3957,5628,1412,11,462,1418,3051,4759,1177,3,436,818,906,869,235
2020,3,A,골목상권,1000151,아차산로40길,2465,1497,968,8,381,560,656,533,327,5,188,318,401,323,262,3,193,242,255,210,65
2020,3,A,골목상권,1000150,면목로17길,1926,1424,502,3,185,382,468,611,277,0,108,283,338,487,208,3,77,99,130,124,69
2020,3,A,골목상권,1000149,뚝섬로64길,3109,1715,1394,4,279,676,816,901,433,1,128,384,446,452,304,3,151,292,370,449,129
2020,3,A,골목상권,1000148,뚝섬로58길,3129,1834,1295,13,357,640,850,913,356,9,224,372,481,482,266,4,133,268,369,431,90
2020,3,A,골목상권,1000147,뚝섬로54길,2167,1408,759,14,469,477,538,459,210,10,355,322,305,250,166,4,114,155,233,209,44
2020,3,A,골목상권,1000146,뚝섬로48길,2096,1462,634,7,385,414,538,518,234,4,273,293,365,350,177,3,112,121,173,168,57
2020,3,A,골목상권,1000145,뚝섬로24길,764,520,244,5,87,139,162,166,205,4,47,93,102,107,167,1,40,46,60,59,38
2020,3,A,골목상권,1000144,뚝섬로23길,1254,788,466,9,148,237,279,287,294,8,75,133,167,179,226,1,73,104,112,108,68
2020,3,A,골목상권,1000143,동일로24길,3094,2015,1079,13,419,693,812,642,515,6,211,440,547,411,400,7,208,253,265,231,115
2020,3,A,골목상권,1000142,동일로18길,4424,2913,1511,26,523,877,1104,1066,828,20,262,551,712,743,625,6,261,326,392,323,203
2020,3,A,골목상권,1000141,능동로4길,2258,1685,573,7,267,584,648,542,210,2,189,451,491,398,154,5,78,133,157,144,56
2020,3,A,골목상권,1000140,능동로3길,2129,1681,448,9,225,532,590,525,248,5,165,433,476,408,194,4,60,99,114,117,54
2020,3,A,골목상권,1000139,능동로34길,4493,2629,1864,9,675,1001,1143,949,716,4,373,577,667,509,499,5,302,424,476,440,217
2020,3,A,골목상권,1000138,능동로19길,1993,1264,729,2,200,302,497,650,342,0,76,165,320,437,266,2,124,137,177,213,76
2020,3,A,골목상권,1000137,능동로13길,4553,2803,1750,7,669,1058,1229,1063,527,3,315,632,803,641,409,4,354,426,426,422,118
2020,3,A,골목상권,1000136,긴고랑로9길,1980,983,997,53,378,344,489,433,283,6,118,181,232,239,207,47,260,163,257,194,76
2020,3,A,골목상권,1000135,긴고랑로8길,5420,2611,2809,79,1401,1029,1086,1266,559,25,598,551,538,502,397,54,803,478,548,764,162
2020,3,A,골목상권,1000134,긴고랑로7길,3060,1768,1292,53,541,661,682,674,449,6,214,383,383,426,356,47,327,278,299,248,93
2020,3,A,골목상권,1000133,긴고랑로20길,3283,1719,1564,57,615,678,815,706,412,10,280,394,410,366,259,47,335,284,405,340,153
2020,3,A,골목상권,1000132,광나루로52길,9838,5349,4489,11,1019,1942,2434,2779,1653,6,585,1271,1501,1178,808,5,434,671,933,1601,845
2020,3,A,골목상권,1000131,광나루로40길,1969,1079,890,3,238,444,549,492,243,1,97,227,302,276,176,2,141,217,247,216,67
2020,3,A,골목상권,1000130,광나루로37길,1980,1078,902,2,219,408,502,523,326,1,76,190,254,301,256,1,143,218,248,222,70
2020,3,A,골목상권,1000129,광나루로36길,2682,1763,919,3,398,720,634,630,297,1,216,459,407,436,244,2,182,261,227,194,53
2020,3,A,골목상권,1000128,광나루로24길,1255,912,343,2,99,164,339,443,208,0,47,108,239,342,176,2,52,56,100,101,32
2020,3,A,골목상권,1000127,광나루로12길,3398,1952,1446,4,531,874,868,700,421,1,268,518,526,340,299,3,263,356,342,360,122
2020,3,A,골목상권,1000126,한림말길,13906,9816,4090,21,1965,4373,4011,2983,553,15,733,2938,3234,2518,378,6,1232,1435,777,465,175
2020,3,A,골목상권,1000125,한림말3길,4514,1697,2817,5,1162,1329,1012,717,289,0,285,463,467,332,150,5,877,866,545,385,139
2020,3,A,골목상권,1000124,청계천로10나길,8716,5845,2871,46,796,1707,2077,2834,1256,33,441,1062,1400,2005,904,13,355,645,677,829,352
2020,3,A,골목상권,1000123,장터길,934,408,526,1,110,227,249,238,109,0,28,86,114,112,68,1,82,141,135,126,41
2020,3,A,골목상권,1000122,용답중앙길,5789,2733,3056,7,815,1244,1633,1519,571,2,560,857,601,343,370,5,255,387,1032,1176,201
2020,3,A,골목상권,1000121,용답29길,8662,5091,3571,27,1495,2040,2283,1941,876,22,1118,1520,1135,669,627,5,377,520,1148,1272,249
2020,3,A,골목상권,1000120,왕십리로6길,7264,4704,2560,27,1259,1744,1605,1402,1227,19,714,1132,1034,944,861,8,545,612,571,458,366
2020,3,A,골목상권,1000119,왕십리로31길,3548,2008,1540,18,697,788,769,756,520,6,205,443,526,502,326,12,492,345,243,254,194
2020,3,A,골목상권,1000118,왕십리로26길,6654,3331,3323,18,1042,1228,1446,1783,1137,4,381,706,866,893,481,14,661,522,580,890,656
2020,3,A,골목상권,1000117,왕십리로21길,1515,781,734,1,187,321,403,404,199,0,71,141,204,221,144,1,116,180,199,183,55
2020,3,A,골목상권,1000116,왕십리로14길,5086,3544,1542,18,769,999,1018,1140,1142,14,450,658,670,835,917,4,319,341,348,305,225
2020,3,A,골목상권,1000115,아차산로5길,9775,6281,3494,38,1502,2414,2298,1907,1616,25,865,1548,1526,1214,1103,13,637,866,772,693,513
2020,3,A,골목상권,1000114,아차산로15길,12223,8023,4200,52,1906,3102,3255,2484,1424,41,1007,2064,2204,1616,1091,11,899,1038,1051,868,333
2020,3,A,골목상권,1000113,아차산로11길,17999,11757,6242,66,3025,4638,4518,3640,2112,48,1693,3158,3070,2212,1576,18,1332,1480,1448,1428,536
2020,3,A,골목상권,1000112,송정4가길,5430,3327,2103,9,898,1444,1399,1020,660,3,455,898,890,601,480,6,443,546,509,419,180
2020,3,A,골목상권,1000111,송정12라길,841,408,433,1,94,153,198,229,166,0,29,73,91,109,106,1,65,80,107,120,60
2020,3,A,골목상권,1000110,성수일로6길,19921,12818,7103,79,3614,5323,4621,3601,2683,56,2042,3547,3112,2240,1821,23,1572,1776,1509,1361,862
2020,3,A,골목상권,1000109,성수이로7길,15268,9362,5906,70,3328,4144,3343,2613,1770,44,1645,2669,2210,1538,1256,26,1683,1475,1133,1075,514
2020,3,A,골목상권,1000108,성수이로18길,19110,12036,7074,144,3817,4756,4454,3682,2257,89,1922,3107,2991,2302,1625,55,1895,1649,1463,1380,632
2020,3,A,골목상권,1000107,성덕정길,2631,1722,909,3,239,473,607,782,527,2,125,317,393,540,345,1,114,156,214,242,182
2020,3,A,골목상권,1000106,성덕정17길,4785,3353,1432,79,805,1244,1217,956,484,39,481,882,887,680,384,40,324,362,330,276,100
2020,3,A,골목상권,1000105,서울숲2길,2591,1654,937,5,386,534,625,594,447,4,159,321,384,419,367,1,227,213,241,175,80
2020,3,A,골목상권,1000104,상원길,7684,5001,2683,33,1293,1930,1773,1442,1213,23,766,1276,1185,958,793,10,527,654,588,484,420
2020,3,A,골목상권,1000103,상원12길,4697,3328,1369,19,695,908,930,1048,1097,14,419,634,651,746,864,5,276,274,279,302,233
2020,3,A,골목상권,1000102,사근동길,2512,1782,730,2,144,443,815,743,365,2,54,289,563,579,295,0,90,154,252,164,70
2020,3,A,골목상권,1000101,무학봉길,1081,535,546,1,139,248,287,259,147,1,52,115,138,124,105,0,87,133,149,135,42
2020,3,A,골목상권,1000100,무학봉28길,3725,2164,1561,12,559,795,870,897,592,2,212,465,548,574,363,10,347,330,322,323,229
2020,3,A,골목상권,1000099,무학로6길,5587,2607,2980,19,915,985,1139,1446,1083,4,332,567,644,620,440,15,583,418,495,826,643
2020,3,A,골목상권,1000098,무수막길,679,380,299,0,75,129,163,160,152,0,25,60,89,90,116,0,50,69,74,70,36
2020,3,A,골목상권,1000097,매봉길,1094,570,524,1,102,264,300,308,119,0,29,126,178,163,74,1,73,138,122,145,45
2020,3,A,골목상권,1000096,마조로1길,3520,2522,998,0,245,654,1049,1086,486,0,99,435,752,862,374,0,146,219,297,224,112
2020,3,A,골목상권,1000095,마조로16길,1505,918,587,1,177,277,358,417,275,1,78,162,206,264,207,0,99,115,152,153,68
2020,3,A,골목상권,1000094,마장로39길,1481,987,494,1,145,233,349,437,316,1,87,154,216,291,238,0,58,79,133,146,78
2020,3,A,골목상권,1000093,마장로27길,8509,5092,3417,39,917,1342,1816,2804,1591,29,425,861,1213,1670,894,10,492,481,603,1134,697
2020,3,A,골목상권,1000092,뚝섬로5길,8814,5702,3112,35,1634,2623,2123,1448,951,20,875,1689,1433,989,696,15,759,934,690,459,255
2020,3,A,골목상권,1000091,둘레9길,3374,2333,1041,7,364,796,895,832,480,5,211,628,643,554,292,2,153,168,252,278,188
2020,3,A,골목상권,1000090,금호산길,1475,833,642,2,190,354,362,303,264,2,63,180,206,184,198,0,127,174,156,119,66
2020,3,A,골목상권,1000089,금호산2길,2853,1176,1677,16,339,857,1053,394,194,1,108,294,448,187,138,15,231,563,605,207,56
2020,3,A,골목상권,1000088,고산자로6길,4971,2984,1987,12,659,1084,1372,1214,630,2,206,570,863,850,493,10,453,514,509,364,137
2020,3,A,골목상권,1000087,후암로28길,3499,2332,1167,5,330,605,1151,1006,402,4,135,345,844,725,279,1,195,260,307,281,123
2020,3,A,골목상권,1000086,효창원로39길,6649,4579,2070,21,1208,1796,1823,1289,512,14,670,1302,1313,906,374,7,538,494,510,383,138
2020,3,A,골목상권,1000085,회나무로13길,1052,594,458,2,137,281,267,205,160,0,63,144,136,121,130,2,74,137,131,84,30
2020,3,A,골목상권,1000084,한남대로20길,18863,14261,4602,39,2876,5155,4808,5107,878,31,1410,3407,3963,4709,741,8,1466,1748,845,398,137
2020,3,A,골목상권,1000083,한강대로88길,3952,1815,2137,11,649,1471,1056,506,259,4,167,568,572,327,177,7,482,903,484,179,82
2020,3,A,골목상권,1000082,한강대로7길,9300,5247,4053,15,1043,2286,3042,2124,790,7,453,1206,1646,1405,530,8,590,1080,1396,719,260
2020,3,A,골목상권,1000081,한강대로62길,15932,7729,8203,61,3485,5114,4374,2273,625,30,1377,2333,2253,1355,381,31,2108,2781,2121,918,244
2020,3,A,골목상권,1000080,한강대로52길,25834,9922,15912,128,6440,8327,7146,2984,809,54,2309,3034,2590,1432,503,74,4131,5293,4556,1552,306
2020,3,A,골목상권,1000079,한강대로43길,27127,10372,16755,153,7139,9391,7217,2423,804,71,2574,3620,2609,980,518,82,4565,5771,4608,1443,286
2020,3,A,골목상권,1000078,한강대로15길,8277,4527,3750,11,827,1963,2797,1995,684,6,309,971,1448,1323,470,5,518,992,1349,672,214
2020,3,A,골목상권,1000077,한강대로104길,36052,21422,14630,180,11153,11590,7342,3944,1843,24,3407,7445,5886,3240,1420,156,7746,4145,1456,704,423
2020,3,A,골목상권,1000076,청파로73길,4721,2547,2174,10,913,1365,965,784,684,5,300,628,566,511,537,5,613,737,399,273,147
2020,3,A,골목상권,1000075,청파로71길,6797,3510,3287,8,1504,1964,1330,1123,868,3,431,888,775,731,682,5,1073,1076,555,392,186
2020,3,A,골목상권,1000074,청파로47나길,6480,3174,3306,11,1149,1831,1425,1178,886,6,301,709,739,749,670,5,848,1122,686,429,216
2020,3,A,골목상권,1000073,청파로47길,7345,4142,3203,31,1393,2513,1795,1096,517,14,618,1336,1078,735,361,17,775,1177,717,361,156
2020,3,A,골목상권,1000072,장문로45길,4115,2951,1164,32,578,1180,1192,829,304,22,313,825,916,643,232,10,265,355,276,186,72
2020,3,A,골목상권,1000071,이태원로54길,12930,8355,4575,42,2700,4776,3105,1813,494,23,1251,2857,2315,1566,343,19,1449,1919,790,247,151
2020,3,A,골목상권,1000070,이태원로27길,17872,8709,9163,49,4899,6777,3836,1789,522,28,1439,3078,2376,1391,397,21,3460,3699,1460,398,125
2020,3,A,골목상권,1000069,이촌로22길,3232,2176,1056,11,493,860,915,676,277,4,252,552,689,507,172,7,241,308,226,169,105
2020,3,A,골목상권,1000068,원효로89길,8896,6141,2755,41,1655,2966,2333,1332,569,16,888,1947,1799,1072,419,25,767,1019,534,260,150
2020,3,A,골목상권,1000067,원효로53길,5634,3975,1659,25,859,1695,1558,892,605,18,526,1240,1133,617,441,7,333,455,425,275,164
2020,3,A,골목상권,1000066,원효로41길,6829,4947,1882,28,1098,2181,1898,1182,442,15,626,1544,1466,944,352,13,472,637,432,238,90
2020,3,A,골목상권,1000065,원효로19길,8012,5809,2203,31,1316,2537,2176,1373,579,15,750,1802,1695,1091,456,16,566,735,481,282,123
2020,3,A,골목상권,1000064,우사단로4길,2880,1830,1050,3,448,948,794,491,196,2,133,579,586,385,145,1,315,369,208,106,51
2020,3,A,골목상권,1000063,우사단로14길,5875,3406,2469,31,1371,2016,1430,723,304,16,503,1093,1025,555,214,15,868,923,405,168,90
2020,3,A,골목상권,1000062,우사단로10길,4890,2621,2269,26,907,1656,1262,703,336,10,249,845,824,501,192,16,658,811,438,202,144
2020,3,A,골목상권,1000061,신흥로20길,2563,1659,904,2,324,477,813,752,195,2,118,274,586,545,134,0,206,203,227,207,61
2020,3,A,골목상권,1000060,소월로20길,2112,1428,684,0,196,392,707,673,144,0,77,220,527,502,102,0,119,172,180,171,42
2020,3,A,골목상권,1000059,서빙고로71길,5642,3293,2349,2,725,1658,2088,833,336,0,250,673,1464,674,232,2,475,985,624,159,104
2020,3,A,골목상권,1000058,백범로90길,5637,3729,1908,38,1004,1627,1387,992,589,23,564,1101,985,658,398,15,440,526,402,334,191
2020,3,A,골목상권,1000057,백범로79길,4502,2899,1603,22,667,1156,1105,895,657,13,361,755,740,584,446,9,306,401,365,311,211
2020,3,A,골목상권,1000056,두텁바위로1길,8157,4692,3465,19,1343,2358,2180,1545,712,8,412,1114,1467,1139,552,11,931,1244,713,406,160
2020,3,A,골목상권,1000055,대사관로34길,5784,4038,1746,52,932,1551,1468,1050,731,39,528,1057,1090,782,542,13,404,494,378,268,189
2020,3,A,골목상권,1000054,녹사평대로46길,9993,4025,5968,16,3300,4161,1822,524,170,5,776,1717,997,398,132,11,2524,2444,825,126,38
2020,3,A,골목상권,1000053,녹사평대로40나길,2385,1253,1132,6,316,719,598,567,179,5,113,319,313,371,132,1,203,400,285,196,47
2020,3,A,골목상권,1000052,녹사평대로32길,2868,1497,1371,14,486,847,659,621,241,11,177,375,350,402,182,3,309,472,309,219,59
2020,3,A,골목상권,1000051,녹사평대로26길,6173,3582,2591,31,1164,1704,1560,1176,538,18,527,929,944,791,373,13,637,775,616,385,165
2020,3,A,골목상권,1000050,녹사평대로11길,2064,1125,939,2,295,517,651,378,221,0,90,266,388,247,134,2,205,251,263,131,87
2020,3,A,골목상권,1000049,퇴계로90길,2340,1262,1078,6,384,594,555,454,347,6,172,281,281,269,253,0,212,313,274,185,94
2020,3,A,골목상권,1000048,퇴계로8길,40352,22269,18083,168,7554,13382,11011,6350,1887,49,3063,7131,6203,4612,1211,119,4491,6251,4808,1738,676
2020,3,A,골목상권,1000047,퇴계로56길,46130,22957,23173,475,13559,12158,9834,7281,2823,195,6451,7253,5636,2525,897,280,7108,4905,4198,4756,1926
2020,3,A,골목상권,1000046,퇴계로46길,7358,4531,2827,39,1345,1788,1912,1395,879,20,585,1039,1276,967,644,19,760,749,636,428,235
2020,3,A,골목상권,1000045,퇴계로18길,21805,10426,11379,69,3104,6809,7093,3775,955,11,996,3010,3117,2725,567,58,2108,3799,3976,1050,388
2020,3,A,골목상권,1000044,퇴계로12길,26422,13011,13411,140,4810,8216,7892,4320,1044,42,1706,3903,3780,2936,644,98,3104,4313,4112,1384,400
2020,3,A,골목상권,1000043,청구로1길,3640,1960,1680,6,508,951,871,792,512,3,172,478,531,479,297,3,336,473,340,313,215
2020,3,A,골목상권,1000042,청구로17길,8635,4699,3936,17,1623,2359,2025,1733,878,6,591,1271,1211,1044,576,11,1032,1088,814,689,302
2020,3,A,골목상권,1000041,장충단로8길,11253,6178,5075,32,1960,3119,3017,2360,765,5,686,1825,1809,1370,483,27,1274,1294,1208,990,282
2020,3,A,골목상권,1000040,삼일대로4길,30429,16439,13990,112,5902,9352,8151,4979,1933,33,2050,5138,4755,3182,1281,79,3852,4214,3396,1797,652
2020,3,A,골목상권,1000039,명동길,71495,34548,36947,303,20557,24257,14903,9392,2083,97,6091,10970,9400,6561,1429,206,14466,13287,5503,2831,654
2020,3,A,골목상권,1000038,동호로8길,4658,2510,2148,13,958,1262,1054,838,533,5,331,731,664,442,337,8,627,531,390,396,196
2020,3,A,골목상권,1000037,동호로20길,12817,6753,6064,45,2550,3524,3201,2598,899,8,851,1970,1848,1463,613,37,1699,1554,1353,1135,286
2020,3,A,골목상권,1000036,동호로15길,7812,4287,3525,16,1500,2148,1861,1562,725,7,567,1144,1111,952,506,9,933,1004,750,610,219
2020,3,A,골목상권,1000035,동호로11길,5028,3300,1728,12,759,1711,1310,878,358,3,388,1211,937,531,230,9,371,500,373,347,128
2020,3,A,골목상권,1000034,동호로10길,6836,3723,3113,17,1312,1820,1519,1314,854,6,483,1029,936,745,524,11,829,791,583,569,330
2020,3,A,골목상권,1000033,다산로39길,2618,1371,1247,9,425,591,630,561,402,2,144,273,347,330,275,7,281,318,283,231,127
2020,3,A,골목상권,1000032,다산로38길,2273,1114,1159,11,398,551,534,446,333,4,128,219,275,260,228,7,270,332,259,186,105
2020,3,A,골목상권,1000031,다산로36길,2442,1186,1256,5,357,635,640,491,314,4,106,262,333,271,210,1,251,373,307,220,104
2020,3,A,골목상권,1000030,다산로33길,5574,2897,2677,12,790,1334,1468,1445,525,4,266,632,791,863,341,8,524,702,677,582,184
2020,3,A,골목상권,1000029,난계로21길,3313,1971,1342,13,399,606,723,744,828,12,216,362,413,456,512,1,183,244,310,288,316
2020,3,A,골목상권,1000028,난계로11길,2321,1306,1015,5,366,628,595,452,275,4,181,347,311,260,203,1,185,281,284,192,72
2020,3,A,골목상권,1000027,필운대로1길,4413,1985,2428,11,618,710,826,1256,992,4,322,378,383,434,464,7,296,332,443,822,528
2020,3,A,골목상권,1000026,평창길,13893,6673,7220,18,1203,3748,5345,2958,621,9,486,1608,2803,1418,349,9,717,2140,2542,1540,272
2020,3,A,골목상권,1000025,통일로12길,1099,504,595,9,253,305,259,176,97,8,83,129,128,87,69,1,170,176,131,89,28
2020,3,A,골목상권,1000024,창신길,773,266,507,2,118,150,173,195,135,1,25,45,76,70,49,1,93,105,97,125,86
2020,3,A,골목상권,1000023,창신5길,1560,587,973,2,184,311,477,360,226,1,43,101,156,150,136,1,141,210,321,210,90
2020,3,A,골목상권,1000022,창신2길,901,410,491,3,106,169,222,210,191,1,27,58,107,106,111,2,79,111,115,104,80
2020,3,A,골목상권,1000021,창경궁로35길,5813,2758,3055,27,756,1319,1559,1342,810,17,245,562,760,705,469,10,511,757,799,637,341
2020,3,A,골목상권,1000020,지봉로8길,1900,811,1089,4,226,368,551,466,285,0,63,141,194,232,181,4,163,227,357,234,104
2020,3,A,골목상권,1000019,종로65길,4112,2215,1897,6,318,483,752,966,1587,0,109,241,412,484,969,6,209,242,340,482,618
2020,3,A,골목상권,1000018,종로58가길,2197,954,1243,7,359,425,597,483,326,7,105,157,231,243,211,0,254,268,366,240,115
2020,3,A,골목상권,1000017,종로24길,6369,4113,2256,22,689,1588,1642,1347,1081,5,312,969,1103,899,825,17,377,619,539,448,256
2020,3,A,골목상권,1000016,자하문로7길,9639,6195,3444,47,1451,2302,2548,2135,1156,2,887,1634,1874,1195,603,45,564,668,674,940,553
2020,3,A,골목상권,1000015,이화장길,11255,7059,4196,21,2049,3568,2887,1860,870,4,844,2133,2040,1452,586,17,1205,1435,847,408,284
2020,3,A,골목상권,1000014,율곡로16길,10582,6889,3693,19,1923,3337,2847,1794,662,3,808,2083,2079,1460,456,16,1115,1254,768,334,206
2020,3,A,골목상권,1000013,율곡로10길,16455,12606,3849,19,1992,5454,4925,3014,1051,7,1161,4109,3995,2506,828,12,831,1345,930,508,223
2020,3,A,골목상권,1000012,옥인길,2008,1072,936,38,440,518,405,385,222,0,140,256,250,258,168,38,300,262,155,127,54
2020,3,A,골목상권,1000011,숭인동길,8281,3317,4964,7,870,1349,1601,2113,2341,0,245,580,725,633,1134,7,625,769,876,1480,1207
2020,3,A,골목상권,1000010,성균관로5길,1914,1040,874,15,346,469,424,374,286,11,118,211,252,253,195,4,228,258,172,121,91
2020,3,A,골목상권,1000009,삼청로5길,8686,7310,1376,1,1103,2426,2948,1866,342,0,848,1946,2550,1663,303,1,255,480,398,203,39
2020,3,A,골목상권,1000008,북촌로5나길,9434,7676,1758,1,1173,2620,3126,2003,511,0,866,2010,2638,1731,431,1,307,610,488,272,80
2020,3,A,골목상권,1000007,북촌로5길,9139,7323,1816,3,1312,2611,2919,1877,417,1,890,2027,2453,1603,349,2,422,584,466,274,68
2020,3,A,골목상권,1000006,북촌로11길,14654,11573,3081,5,1601,4779,4375,2998,896,5,968,3687,3606,2584,723,0,633,1092,769,414,173
2020,3,A,골목상권,1000005,백석동길,4252,2472,1780,18,780,1347,1116,729,262,8,313,748,710,510,183,10,467,599,406,219,79
2020,3,A,골목상권,1000004,명륜길,1696,957,739,11,323,483,360,296,223,11,133,250,224,177,162,0,190,233,136,119,61
2020,3,A,골목상권,1000003,돈화문로11가길,39506,26181,13325,1279,10020,10738,9145,5958,2366,597,5207,7310,6817,4624,1626,682,4813,3428,2328,1334,740
2020,3,A,골목상권,1000002,난계로27길,11773,6288,5485,24,1005,2306,3308,3030,2100,14,498,1408,1718,1410,1240,10,507,898,1590,1620,860
2020,3,A,골목상권,1000001,계동길,13700,10172,3528,7,1421,4634,4218,2628,792,6,720,3381,3297,2165,603,1,701,1253,921,463,189
2020,2,A,골목상권,1001010,풍성로37가길,2748,1678,1070,6,410,594,684,640,414,2,264,372,393,389,258,4,146,222,291,251,156
2020,2,A,골목상권,1001009,천호옛길,6064,3635,2429,9,803,1428,1488,1645,691,5,447,723,830,1088,542,4,356,705,658,557,149
2020,2,A,골목상권,1001008,천호옛14길,2503,1310,1193,8,459,534,594,535,373,2,250,263,287,285,223,6,209,271,307,250,150
2020,2,A,골목상권,1001007,천호대로219길,966,662,304,0,107,187,231,268,173,0,53,131,167,183,128,0,54,56,64,85,45
2020,2,A,골목상권,1001006,천호대로197길,2122,1190,932,2,260,374,420,580,486,2,147,232,225,279,305,0,113,142,195,301,181
2020,2,A,골목상권,1001005,천호대로187길,4336,2078,2258,11,515,786,1018,1163,843,6,222,426,507,425,492,5,293,360,511,738,351
2020,2,A,골목상권,1001004,천호대로170길,5760,3089,2671,12,898,999,1127,1075,1649,7,329,496,608,593,1056,5,569,503,519,482,593
2020,2,A,골목상권,1001003,천호대로162길,3635,2072,1563,6,405,532,675,667,1350,2,221,281,341,374,853,4,184,251,334,293,497
2020,2,A,골목상권,1001002,천중로51길,3276,1938,1338,7,333,588,749,854,745,4,166,368,422,485,493,3,167,220,327,369,252
2020,2,A,골목상권,1001001,천중로39길,3291,2040,1251,8,289,596,840,816,742,3,142,371,504,519,501,5,147,225,336,297,241
2020,2,A,골목상권,1001000,진황도로47길,4044,1908,2136,15,481,761,994,1016,777,9,197,423,509,354,416,6,284,338,485,662,361
2020,2,A,골목상권,1000999,진황도로27길,5557,2819,2738,10,881,1020,1035,997,1614,7,261,431,524,506,1090,3,620,589,511,491,524
2020,2,A,골목상권,1000998,올림픽로98길,2188,1168,1020,1,236,349,409,380,813,1,88,201,227,228,423,0,148,148,182,152,390
2020,2,A,골목상권,1000997,올림픽로80길,1647,861,786,4,168,286,360,392,437,4,68,126,160,184,319,0,100,160,200,208,118
2020,2,A,골목상권,1000996,올림픽로78길,1673,923,750,7,229,286,342,370,439,5,101,146,176,191,304,2,128,140,166,179,135
2020,2,A,골목상권,1000995,올림픽로77길,1824,1010,814,9,219,358,425,396,417,5,104,187,227,203,284,4,115,171,198,193,133
2020,2,A,골목상권,1000994,올림픽로71길,2045,1077,968,9,263,450,478,425,420,5,106,212,261,215,278,4,157,238,217,210,142
2020,2,A,골목상권,1000993,올림픽로48길,21487,15997,5490,42,2391,5926,5023,4923,3182,17,1466,4348,3830,3837,2499,25,925,1578,1193,1086,683
2020,2,A,골목상권,1000992,양재대로96길,3572,1944,1628,10,449,761,838,872,642,9,218,411,470,420,416,1,231,350,368,452,226
2020,2,A,골목상권,1000991,양재대로95길,3064,1793,1271,11,337,586,735,730,665,9,196,372,436,375,405,2,141,214,299,355,260
2020,2,A,골목상권,1000990,양재대로91길,3486,2089,1397,12,425,714,818,829,688,10,215,433,480,480,471,2,210,281,338,349,217
2020,2,A,골목상권,1000989,양재대로133길,3249,1749,1500,13,410,679,812,756,579,2,171,377,420,405,374,11,239,302,392,351,205
2020,2,A,골목상권,1000988,양재대로124길,3733,2287,1446,9,349,663,834,966,912,5,198,420,489,584,591,4,151,243,345,382,321
2020,2,A,골목상권,1000987,양재대로116길,3352,1569,1783,11,364,503,762,986,726,7,191,305,370,330,366,4,173,198,392,656,360
2020,2,A,골목상권,1000986,양재대로101길,6685,3123,3562,24,1129,1353,1558,1517,1104,16,409,696,804,594,604,8,720,657,754,923,500
2020,2,A,골목상권,1000985,암사길,3278,1991,1287,6,444,762,786,823,457,1,218,474,449,539,310,5,226,288,337,284,147
2020,2,A,골목상권,1000984,성안로3길,15719,10725,4994,40,1806,3158,3398,4069,3248,17,1034,1960,2222,2972,2520,23,772,1198,1176,1097,728
2020,2,A,골목상권,1000983,성내로5길,16714,12021,4693,34,1884,5324,4452,3456,1564,14,1096,3858,3287,2564,1202,20,788,1466,1165,892,362
2020,2,A,골목상권,1000982,상일로5길,919,604,315,0,106,183,229,254,147,0,47,119,155,173,110,0,59,64,74,81,37
2020,2,A,골목상권,1000981,상암로5길,4232,1886,2346,5,425,706,904,1038,1154,4,181,380,436,379,506,1,244,326,468,659,648
2020,2,A,골목상권,1000980,상암로51길,2115,953,1162,2,209,386,517,550,451,0,64,187,233,234,235,2,145,199,284,316,216
2020,2,A,골목상권,1000979,상암로4길,2356,1216,1140,3,226,414,513,435,765,2,78,218,271,230,417,1,148,196,242,205,348
2020,2,A,골목상권,1000978,상암로14길,2439,1204,1235,1,252,422,520,471,773,1,82,217,260,224,420,0,170,205,260,247,353
2020,2,A,골목상권,1000977,명일로13길,2370,1260,1110,4,305,501,494,543,523,2,127,257,264,260,350,2,178,244,230,283,173
2020,2,A,골목상권,1000976,동남로85길,1560,790,770,0,154,294,388,398,326,0,61,149,173,196,211,0,93,145,215,202,115
2020,2,A,골목상권,1000975,동남로82길,736,264,472,0,84,156,183,205,108,0,16,53,68,75,52,0,68,103,115,130,56
2020,2,A,골목상권,1000974,동남로65길,862,441,421,1,73,196,209,284,99,1,32,75,97,157,79,0,41,121,112,127,20
2020,2,A,골목상권,1000973,구천면로42길,2512,1353,1159,6,222,495,639,643,507,1,73,225,334,368,352,5,149,270,305,275,155
2020,2,A,골목상권,1000972,구천면로41길,2634,1431,1203,6,283,554,649,636,506,2,100,261,348,366,354,4,183,293,301,270,152
2020,2,A,골목상권,1000971,구천면로36길,1476,794,682,2,133,234,306,342,459,2,46,101,142,159,344,0,87,133,164,183,115
2020,2,A,골목상권,1000970,고덕로61길,1417,657,760,0,141,288,399,394,195,0,55,130,168,181,123,0,86,158,231,213,72
2020,2,A,골목상권,1000969,고덕로25길,1210,622,588,3,114,166,214,296,417,1,42,87,90,125,277,2,72,79,124,171,140
2020,2,A,골목상권,1000968,고덕로10길,3507,1517,1990,3,312,511,710,863,1108,2,130,290,342,281,472,1,182,221,368,582,636
2020,2,A,골목상권,1000967,강동대로53길,4393,2785,1608,8,584,1064,1191,921,625,7,323,676,750,580,449,1,261,388,441,341,176
2020,2,A,골목상권,1000966,풍성로25길,2354,1231,1123,7,336,468,530,628,385,4,169,231,267,285,275,3,167,237,263,343,110
2020,2,A,골목상권,1000965,오금로46길,5777,3859,1918,17,613,1012,1039,1099,1997,13,360,664,635,635,1552,4,253,348,404,464,445
2020,2,A,골목상권,1000964,오금로36길,8762,6025,2737,22,1512,2571,2168,1644,845,13,867,1818,1582,1082,663,9,645,753,586,562,182
2020,2,A,골목상권,1000963,오금로11길,24198,13753,10445,51,3788,6203,5486,5235,3435,31,2092,3996,3291,2449,1894,20,1696,2207,2195,2786,1541
2020,2,A,골목상권,1000962,양재대로72길,22772,16675,6097,27,2845,5403,5734,5267,3496,13,1686,3711,4373,4341,2551,14,1159,1692,1361,926,945
2020,2,A,골목상권,1000961,양재대로71길,7301,5438,1863,18,603,1437,1906,2042,1295,14,301,932,1471,1612,1108,4,302,505,435,430,187
2020,2,A,골목상권,1000960,양재대로64길,14088,7953,6135,35,1591,3150,3034,2441,3837,16,726,1837,1925,1220,2229,19,865,1313,1109,1221,1608
2020,2,A,골목상권,1000959,양재대로62길,14774,8253,6521,33,2326,3507,3049,2730,3129,12,943,1946,1867,1367,2118,21,1383,1561,1182,1363,1011
2020,2,A,골목상권,1000958,송파대로30길,22655,13112,9543,70,3001,5092,5005,4472,5015,28,1367,3050,3223,2434,3010,42,1634,2042,1782,2038,2005
2020,2,A,골목상권,1000957,송이로36길,5749,3648,2101,10,864,1367,1427,1263,818,5,510,914,930,680,609,5,354,453,497,583,209
2020,2,A,골목상권,1000956,송이로32길,39353,30162,9191,23,3382,6782,10667,14138,4361,9,1993,4877,8225,11982,3076,14,1389,1905,2442,2156,1285
2020,2,A,골목상권,1000955,송이로23길,14254,7809,6445,69,1826,3028,2781,2547,4003,32,814,1709,1647,1186,2421,37,1012,1319,1134,1361,1582
2020,2,A,골목상권,1000954,삼전로13길,14756,9769,4987,37,2148,3337,3761,3234,2239,19,1136,2194,2607,2186,1627,18,1012,1143,1154,1048,612
2020,2,A,골목상권,1000953,백제고분로50길,17443,9418,8025,47,2805,3940,3800,4087,2764,34,1485,2586,2121,1690,1502,13,1320,1354,1679,2397,1262
2020,2,A,골목상권,1000952,백제고분로46길,16523,11352,5171,68,2506,4002,4361,3846,1740,50,1316,2694,3250,2744,1298,18,1190,1308,1111,1102,442
2020,2,A,골목상권,1000951,백제고분로45길,15378,8720,6658,29,2384,3918,3571,3343,2133,12,1032,2304,2283,1836,1253,17,1352,1614,1288,1507,880
2020,2,A,골목상권,1000950,백제고분로42길,8516,5295,3221,17,1073,2000,1949,1793,1684,4,500,1337,1292,1070,1092,13,573,663,657,723,592
2020,2,A,골목상권,1000949,백제고분로39길,4895,3304,1591,2,549,1286,1258,951,849,0,318,940,865,559,622,2,231,346,393,392,227
2020,2,A,골목상권,1000948,백제고분로34길,5206,3412,1794,15,645,1084,1272,1218,972,11,361,715,831,757,737,4,284,369,441,461,235
2020,2,A,골목상권,1000947,백제고분로33길,5340,3787,1553,11,566,969,1248,992,1554,8,281,596,841,687,1374,3,285,373,407,305,180
2020,2,A,골목상권,1000946,백제고분로32길,6694,4371,2323,13,959,1465,1444,1505,1308,11,566,984,950,922,938,2,393,481,494,583,370
2020,2,A,골목상권,1000945,백제고분로31길,13652,9597,4055,33,1722,2774,3329,2729,3065,28,1019,1936,2383,1827,2404,5,703,838,946,902,661
2020,2,A,골목상권,1000944,백제고분로22길,5641,3796,1845,13,865,1427,1288,1128,920,3,501,1019,906,707,660,10,364,408,382,421,260
2020,2,A,골목상권,1000943,백제고분로21길,14733,9943,4790,35,2165,3401,3692,3281,2159,21,1190,2315,2645,2234,1538,14,975,1086,1047,1047,621
2020,2,A,골목상권,1000942,마천로51길,1842,1001,841,1,175,392,515,491,268,0,100,222,246,225,208,1,75,170,269,266,60
2020,2,A,골목상권,1000941,동남로20길,4695,2916,1779,21,772,1191,1068,1071,572,17,453,774,664,598,410,4,319,417,404,473,162
2020,2,A,골목상권,1000940,거마로20길,1829,931,898,2,188,363,494,501,281,0,86,175,205,240,225,2,102,188,289,261,56
2020,2,A,골목상권,1000939,학동로77길,18382,7897,10485,81,3931,5147,4568,2902,1753,37,1378,2278,1797,1338,1069,44,2553,2869,2771,1564,684
2020,2,A,골목상권,1000938,학동로6길,12693,8132,4561,39,2720,4024,2934,1885,1091,26,1436,2695,2021,1219,735,13,1284,1329,913,666,356
2020,2,A,골목상권,1000937,학동로56길,14387,8425,5962,60,3263,4261,3139,2227,1437,29,1360,2374,2131,1487,1044,31,1903,1887,1008,740,393
2020,2,A,골목상권,1000936,학동로38길,25586,17465,8121,61,4794,7446,6044,3990,3251,17,2220,4888,4642,3174,2524,44,2574,2558,1402,816,727
2020,2,A,골목상권,1000935,테헤란로81길,55909,34430,21479,144,10080,21280,15399,6515,2491,56,4006,12817,11385,4644,1522,88,6074,8463,4014,1871,969
2020,2,A,골목상권,1000934,일원로9길,11032,3873,7159,31,3251,3561,2242,1333,614,3,670,1250,888,634,428,28,2581,2311,1354,699,186
2020,2,A,골목상권,1000933,일원로3길,3277,1943,1334,4,447,623,767,723,713,2,214,361,443,433,490,2,233,262,324,290,223
2020,2,A,골목상권,1000932,영동대로65길,35823,17183,18640,252,6607,8671,7946,7445,4902,110,3080,5179,4298,2640,1876,142,3527,3492,3648,4805,3026
2020,2,A,골목상권,1000931,영동대로112길,79440,60824,18616,152,15774,21126,21341,16831,4216,87,10103,15983,17682,14479,2490,65,5671,5143,3659,2352,1726
2020,2,A,골목상권,1000930,언주로81길,93504,56950,36554,187,17248,26811,24897,20075,4286,88,10236,18756,16178,8748,2944,99,7012,8055,8719,11327,1342
2020,2,A,골목상권,1000929,압구정로2길,12859,8055,4804,41,2476,3955,3398,2011,978,23,1102,2519,2284,1381,746,18,1374,1436,1114,630,232
2020,2,A,골목상권,1000928,선릉로18길,4438,2855,1583,57,877,1242,997,799,466,24,506,809,636,506,374,33,371,433,361,293,92
2020,2,A,골목상권,1000927,선릉로146길,21879,10989,10890,59,5999,7107,4597,2826,1291,15,1736,3412,2772,2148,906,44,4263,3695,1825,678,385
2020,2,A,골목상권,1000926,선릉로133길,21171,13647,7524,57,3803,6112,5428,3754,2017,13,1706,3650,3838,2839,1601,44,2097,2462,1590,915,416
2020,2,A,골목상권,1000925,선릉로132길,14797,8337,6460,62,2966,4134,3407,2601,1627,22,1265,2422,2118,1486,1024,40,1701,1712,1289,1115,603
2020,2,A,골목상권,1000924,선릉로121길,18000,11157,6843,53,3237,4976,4691,3250,1793,22,1435,2912,3203,2224,1361,31,1802,2064,1488,1026,432
2020,2,A,골목상권,1000923,삼성로75길,36407,23199,13208,154,5807,10785,10133,6080,3448,23,2523,6664,7248,4502,2239,131,3284,4121,2885,1578,1209
2020,2,A,골목상권,1000922,삼성로69길,8931,4633,4298,45,1557,2247,1999,1811,1272,28,693,1155,1038,925,794,17,864,1092,961,886,478
2020,2,A,골목상권,1000921,삼성로64길,35162,16304,18858,260,6558,8431,7767,7464,4682,105,3031,4961,4059,2487,1661,155,3527,3470,3708,4977,3021
2020,2,A,골목상권,1000920,삼성로63길,10667,5579,5088,41,1898,2740,2559,2177,1252,26,758,1441,1387,1197,770,15,1140,1299,1172,980,482
2020,2,A,골목상권,1000919,삼성로57길,6636,3581,3055,21,1190,1878,1701,1305,541,10,417,983,958,835,378,11,773,895,743,470,163
2020,2,A,골목상권,1000918,삼성로147길,12296,6043,6253,23,3433,3978,2326,1519,1017,7,1195,1958,1355,891,637,16,2238,2020,971,628,380
2020,2,A,골목상권,1000917,삼성로115길,13425,8468,4957,58,2827,3756,2883,1899,2002,22,1224,2494,2087,1222,1419,36,1603,1262,796,677,583
2020,2,A,골목상권,1000916,봉은사로68길,32233,21159,11074,60,4773,11509,9118,4497,2276,19,2142,7295,7189,3099,1415,41,2631,4214,1929,1398,861
2020,2,A,골목상권,1000915,봉은사로57길,9907,6461,3446,39,2215,3084,2106,1424,1039,25,1014,1834,1606,1150,832,14,1201,1250,500,274,207
2020,2,A,골목상권,1000914,봉은사로43길,24610,15242,9368,76,5118,7378,5787,3797,2454,32,2243,4420,3999,2674,1874,44,2875,2958,1788,1123,580
2020,2,A,골목상권,1000913,봉은사로29길,26224,16731,9493,70,5560,8193,6149,3958,2294,28,2449,5252,4379,2928,1695,42,3111,2941,1770,1030,599
2020,2,A,골목상권,1000912,봉은사로109길,24145,18222,5923,20,4868,7417,6774,4004,1062,6,2796,5509,5700,3406,805,14,2072,1908,1074,598,257
2020,2,A,골목상권,1000911,도산대로89길,15582,8941,6641,53,3591,4910,3627,2340,1061,25,1396,2918,2412,1412,778,28,2195,1992,1215,928,283
2020,2,A,골목상권,1000910,도산대로81길,27385,14619,12766,88,6799,9828,6003,3413,1254,32,2185,5140,3893,2419,950,56,4614,4688,2110,994,304
2020,2,A,골목상권,1000909,도산대로50길,22572,12409,10163,69,5440,7053,5252,3150,1608,22,1757,3485,3447,2427,1271,47,3683,3568,1805,723,337
2020,2,A,골목상권,1000908,도산대로38길,21627,12075,9552,49,4549,6686,5241,3289,1813,15,1620,3499,3348,2260,1333,34,2929,3187,1893,1029,480
2020,2,A,골목상권,1000907,도산대로30길,21588,11934,9654,79,5733,6495,4898,2782,1601,22,2154,3473,3199,1902,1184,57,3579,3022,1699,880,417
2020,2,A,골목상권,1000906,도산대로23길,14193,7539,6654,72,3880,4164,3152,1888,1037,21,1401,2263,1986,1139,729,51,2479,1901,1166,749,308
2020,2,A,골목상권,1000905,도산대로15길,11660,6658,5002,50,3189,3444,2432,1438,1107,14,1246,1951,1646,980,821,36,1943,1493,786,458,286
2020,2,A,골목상권,1000904,도곡로37길,35701,21132,14569,242,9630,10400,8608,4853,1968,84,4137,6467,5875,3069,1500,158,5493,3933,2733,1784,468
2020,2,A,골목상권,1000903,논현로8길,3256,2100,1156,4,503,741,725,654,629,1,248,485,459,431,476,3,255,256,266,223,153
2020,2,A,골목상권,1000902,논현로63길,36667,24758,11909,142,7242,9908,9605,7399,2371,42,2992,6291,7467,6076,1890,100,4250,3617,2138,1323,481
2020,2,A,골목상권,1000901,논현로28길,44952,23368,21584,229,8367,10518,13581,9175,3082,127,4058,6280,6374,4528,2001,102,4309,4238,7207,4647,1081
2020,2,A,골목상권,1000900,논현로26길,40746,21197,19549,210,7278,10726,12390,7170,2972,112,3624,6781,5771,2888,2021,98,3654,3945,6619,4282,951
2020,2,A,골목상권,1000899,논현로159길,7341,3388,3953,26,1678,2112,1628,1135,762,7,485,983,801,583,529,19,1193,1129,827,552,233
2020,2,A,골목상권,1000898,논현로139길,24381,14262,10119,100,6330,7345,5355,3137,2114,31,2532,4251,3691,2146,1611,69,3798,3094,1664,991,503
2020,2,A,골목상권,1000897,논현로123길,9592,5842,3750,41,2250,2774,2004,1467,1056,23,1098,1751,1356,890,724,18,1152,1023,648,577,332
2020,2,A,골목상권,1000896,논현로115길,23492,15502,7990,91,5412,7277,5283,3492,1937,49,2759,4778,3934,2581,1401,42,2653,2499,1349,911,536
2020,2,A,골목상권,1000895,논현로10길,5297,3312,1985,11,748,1190,1301,1096,951,3,375,745,791,659,739,8,373,445,510,437,212
2020,2,A,골목상권,1000894,논현로106길,13899,7758,6141,37,3054,4439,3228,1839,1302,14,1093,2548,2142,1076,885,23,1961,1891,1086,763,417
2020,2,A,골목상권,1000893,남부순환로365길,15923,10455,5468,81,2779,4396,4126,2593,1948,41,1329,3013,2997,1743,1332,40,1450,1383,1129,850,616
2020,2,A,골목상권,1000892,개포로82길,5032,3679,1353,5,764,1532,1246,879,606,3,466,1136,933,639,502,2,298,396,313,240,104
2020,2,A,골목상권,1000891,개포로28길,3568,2437,1131,10,596,991,913,613,445,3,294,656,675,423,386,7,302,335,238,190,59
2020,2,A,골목상권,1000890,개포로20길,12336,8232,4104,27,1910,3544,3270,2170,1415,11,988,2384,2354,1414,1081,16,922,1160,916,756,334
2020,2,A,골목상권,1000889,개포로17길,28812,12804,16008,106,4586,6834,9279,5716,2291,55,2221,3947,3251,1802,1528,51,2365,2887,6028,3914,763
2020,2,A,골목상권,1000888,강남대로140길,20953,11799,9154,51,4593,6512,4708,3179,1910,15,1631,3672,3101,1954,1426,36,2962,2840,1607,1225,484
2020,2,A,골목상권,1000887,강남대로136길,21883,13083,8800,48,4879,7114,5169,3066,1607,20,2064,4299,3523,2024,1153,28,2815,2815,1646,1042,454
2020,2,A,골목상권,1000886,강남대로118길,10604,6747,3857,61,2633,3254,2316,1419,921,42,1455,2142,1577,896,635,19,1178,1112,739,523,286
2020,2,A,골목상권,1000885,서초중앙로8길,38050,20954,17096,82,8143,9265,8034,10092,2434,24,2727,4762,4524,7107,1810,58,5416,4503,3510,2985,624
2020,2,A,골목상권,1000884,방배중앙로21길,16510,8458,8052,20,2629,4012,4628,2955,2266,7,832,1718,2309,1757,1835,13,1797,2294,2319,1198,431
2020,2,A,골목상권,1000883,효령로72길,24614,18420,6194,62,4386,8514,5977,4128,1547,23,2507,6534,4808,3459,1089,39,1879,1980,1169,669,458
2020,2,A,골목상권,1000882,효령로34길,9543,6126,3417,101,1530,2821,2430,1576,1085,32,778,1644,1705,1140,827,69,752,1177,725,436,258
2020,2,A,골목상권,1000881,효령로31길,10396,6972,3424,67,2283,3142,2320,1505,1079,54,1293,2175,1655,999,796,13,990,967,665,506,283
2020,2,A,골목상권,1000880,효령로23길,12360,8243,4117,70,2534,3561,2833,1887,1475,51,1396,2445,2027,1219,1105,19,1138,1116,806,668,370
2020,2,A,골목상권,1000879,청두곶길,13318,6766,6552,23,2174,3922,3771,2298,1130,8,761,1970,1855,1410,762,15,1413,1952,1916,888,368
2020,2,A,골목상권,1000878,주흥길,4434,2544,1890,5,758,1268,1079,818,506,1,301,746,698,452,346,4,457,522,381,366,160
2020,2,A,골목상권,1000877,주흥15길,8390,4402,3988,23,1897,2583,1908,1198,781,7,571,1379,1238,681,526,16,1326,1204,670,517,255
2020,2,A,골목상권,1000876,언남길,15684,10674,5010,57,2338,4446,4140,2875,1828,31,1297,3069,2963,1936,1378,26,1041,1377,1177,939,450
2020,2,A,골목상권,1000875,신반포로45길,9300,5414,3886,32,1924,2692,2293,1366,993,15,732,1544,1578,865,680,17,1192,1148,715,501,313
2020,2,A,골목상권,1000874,서초대로8길,8398,4185,4213,32,1337,2073,2131,1627,1198,17,529,1029,1017,810,783,15,808,1044,1114,817,415
2020,2,A,골목상권,1000873,서초대로64길,37600,20771,16829,57,7011,9434,8670,10586,1842,29,2689,5015,4514,7163,1361,28,4322,4419,4156,3423,481
2020,2,A,골목상권,1000872,서초대로4길,10140,4542,5598,28,1886,2617,2462,1862,1285,11,653,1116,1089,905,768,17,1233,1501,1373,957,517
2020,2,A,골목상권,1000871,서초대로25길,24314,16435,7879,106,4990,7269,5855,4164,1930,58,2305,4767,4433,3344,1528,48,2685,2502,1422,820,402
2020,2,A,골목상권,1000870,서초대로23길,14565,9691,4874,43,2337,3705,3867,3085,1528,22,1049,2314,2748,2370,1188,21,1288,1391,1119,715,340
2020,2,A,골목상권,1000869,서초대로15길,9192,5518,3674,30,1668,2228,2112,1684,1470,19,709,1313,1305,1049,1123,11,959,915,807,635,347
2020,2,A,골목상권,1000868,사평대로57길,9692,5277,4415,23,2181,2959,2377,1412,740,3,729,1591,1581,861,512,20,1452,1368,796,551,228
2020,2,A,골목상권,1000867,사평대로26길,8763,6278,2485,31,1301,2349,2263,1786,1033,13,701,1708,1772,1341,743,18,600,641,491,445,290
2020,2,A,골목상권,1000866,사평대로22길,83130,76093,7037,35,8034,17085,21932,32915,3129,16,6503,14918,20092,31859,2705,19,1531,2167,1840,1056,424
2020,2,A,골목상권,1000865,사임당로17길,18885,10560,8325,54,3095,5532,5094,3752,1358,32,1353,3183,2952,2067,973,22,1742,2349,2142,1685,385
2020,2,A,골목상권,1000864,방배로42길,19353,11886,7467,56,4076,5642,5020,3373,1186,21,1447,3361,3570,2531,956,35,2629,2281,1450,842,230
2020,2,A,골목상권,1000863,방배로35길,14040,8753,5287,45,2919,3994,3226,2662,1194,10,1039,2388,2311,2037,968,35,1880,1606,915,625,226
2020,2,A,골목상권,1000862,방배로18길,16840,11174,5666,81,3310,5220,4087,3098,1044,62,1567,3114,3035,2604,792,19,1743,2106,1052,494,252
2020,2,A,골목상권,1000861,반포대로9길,15176,11618,3558,15,1629,4660,4470,2975,1427,6,940,3607,3698,2393,974,9,689,1053,772,582,453
2020,2,A,골목상권,1000860,바우뫼로39길,39654,19271,20383,492,8808,9187,11046,6992,3129,236,4317,5422,4328,2604,2364,256,4491,3765,6718,4388,765
2020,2,A,골목상권,1000859,마방로2길,11756,8032,3724,54,1886,3149,2959,2368,1340,30,1016,2143,2116,1678,1049,24,870,1006,843,690,291
2020,2,A,골목상권,1000858,방배천로4안길,6670,3345,3325,11,1175,1741,1631,1195,917,3,392,798,816,709,627,8,783,943,815,486,290
2020,2,A,골목상권,1000857,동산로19길,14591,9621,4970,35,2268,4095,3799,2565,1829,17,1228,2718,2639,1669,1350,18,1040,1377,1160,896,479
2020,2,A,골목상권,1000856,동산로10길,9541,6026,3515,37,1657,2897,2324,1683,943,16,878,1823,1482,1116,711,21,779,1074,842,567,232
2020,2,A,골목상권,1000855,동광로39길,83553,76161,7392,42,8224,17347,22130,32757,3053,22,6604,15010,20184,31684,2657,20,1620,2337,1946,1073,396
2020,2,A,골목상권,1000854,동광로1길,18425,8873,9552,82,3241,4438,4954,3232,2478,67,997,1910,2270,1745,1884,15,2244,2528,2684,1487,594
2020,2,A,골목상권,1000853,동광로12길,16378,7732,8646,41,2860,3929,4673,3062,1813,19,968,1743,2280,1575,1147,22,1892,2186,2393,1487,666
2020,2,A,골목상권,1000852,논현로27길,43316,22358,20958,444,9311,10840,12210,7550,2961,214,4629,6597,5384,3167,2367,230,4682,4243,6826,4383,594
2020,2,A,골목상권,1000851,논현로1길,10640,6745,3895,39,2086,3148,2518,1816,1033,23,1269,2062,1534,1102,755,16,817,1086,984,714,278
2020,2,A,골목상권,1000850,남부순환로339길,10187,6065,4122,25,2320,3177,2368,1586,711,7,912,1974,1634,1031,507,18,1408,1203,734,555,204
2020,2,A,골목상권,1000849,남부순환로325길,21342,12721,8621,33,3446,6484,4846,4022,2511,12,1580,3541,3071,2698,1819,21,1866,2943,1775,1324,692
2020,2,A,골목상권,1000848,남부순환로317길,21593,13962,7631,26,3057,7074,5526,3765,2145,12,1416,4293,4011,2678,1552,14,1641,2781,1515,1087,593
2020,2,A,골목상권,1000847,고무래로8길,13873,8968,4905,51,1917,3635,3853,2761,1656,16,938,2304,2759,1866,1085,35,979,1331,1094,895,571
2020,2,A,골목상권,1000846,강남대로8길,28099,21600,6499,54,3219,6302,8273,8682,1569,26,1934,4597,6382,7416,1245,28,1285,1705,1891,1266,324
2020,2,A,골목상권,1000845,강남대로34길,19439,13196,6243,115,3510,5603,4524,3149,2538,57,1887,3958,3327,2118,1849,58,1623,1645,1197,1031,689
2020,2,A,골목상권,1000844,강남대로23길,17856,11217,6639,338,5243,5177,3755,2270,1073,156,2717,3479,2668,1415,782,182,2526,1698,1087,855,291
2020,2,A,골목상권,1000843,소담길,1287,662,625,0,188,300,337,255,207,0,66,145,154,137,160,0,122,155,183,118,47
2020,2,A,골목상권,1000842,원신길,810,406,404,8,99,206,220,189,88,2,29,89,125,91,70,6,70,117,95,98,18
2020,2,A,골목상권,1000841,양지길,354,148,206,2,30,61,112,93,56,1,5,15,49,44,34,1,25,46,63,49,22
2020,2,A,골목상권,1000840,양산길,658,370,288,1,97,127,198,167,68,0,47,70,118,92,43,1,50,57,80,75,25
2020,2,A,골목상권,1000839,호암로24길,2828,2180,648,5,419,643,839,667,255,2,283,486,669,544,196,3,136,157,170,123,59
2020,2,A,골목상권,1000838,호암로20길,2148,1594,554,8,357,601,628,393,161,1,240,436,498,294,125,7,117,165,130,99,36
2020,2,A,골목상권,1000837,행운길,6560,3975,2585,22,1181,1767,1468,1253,869,12,575,1123,909,722,634,10,606,644,559,531,235
2020,2,A,골목상권,1000836,행운1길,2989,1601,1388,16,488,629,710,702,444,10,208,318,380,387,298,6,280,311,330,315,146
2020,2,A,골목상권,1000835,청림3길,3726,2032,1694,5,570,1164,1162,590,235,4,250,635,647,337,159,1,320,529,515,253,76
2020,2,A,골목상권,1000834,청룡길,3032,1441,1591,7,506,751,716,533,519,3,132,305,363,308,330,4,374,446,353,225,189
2020,2,A,골목상권,1000833,청룡8길,2383,1069,1314,2,343,507,533,536,462,1,108,243,246,247,224,1,235,264,287,289,238
2020,2,A,골목상권,1000832,중앙길,2697,1260,1437,8,412,587,710,591,389,4,126,274,344,310,202,4,286,313,366,281,187
2020,2,A,골목상권,1000831,조원중앙로2길,6070,4212,1858,10,723,1022,1192,1113,2010,5,360,655,733,691,1768,5,363,367,459,422,242
2020,2,A,골목상권,1000830,조원로18길,6128,4664,1464,4,721,1400,1460,1014,1529,2,343,995,1136,762,1426,2,378,405,324,252,103
2020,2,A,골목상권,1000829,조원로10길,16779,9737,7042,39,3618,5716,4238,1962,1206,17,1555,3402,2671,1244,848,22,2063,2314,1567,718,358
2020,2,A,골목상권,1000828,장군봉2길,2452,1262,1190,4,370,521,484,571,502,2,128,264,257,288,323,2,242,257,227,283,179
2020,2,A,골목상권,1000827,장군봉1길,2517,1160,1357,2,375,556,567,551,466,1,126,266,274,269,224,1,249,290,293,282,242
2020,2,A,골목상권,1000826,인헌길,1704,889,815,7,274,443,484,355,141,4,127,246,248,161,103,3,147,197,236,194,38
2020,2,A,골목상권,1000825,은천로25길,1614,689,925,1,259,404,464,313,173,0,76,186,206,138,83,1,183,218,258,175,90
2020,2,A,골목상권,1000824,양녕로6길,2361,1110,1251,7,291,416,526,587,534,4,107,202,242,297,258,3,184,214,284,290,276
2020,2,A,골목상권,1000823,신원로3길,1829,969,860,5,172,307,365,418,562,0,82,163,207,212,305,5,90,144,158,206,257
2020,2,A,골목상권,1000822,신사로20길,2857,2160,697,1,454,818,905,519,160,1,216,615,773,439,116,0,238,203,132,80,44
2020,2,A,골목상권,1000821,신림로65길,2412,1329,1083,6,213,327,521,544,801,2,78,164,278,282,525,4,135,163,243,262,276
2020,2,A,골목상권,1000820,신림로64길,2304,913,1391,6,538,542,475,455,288,2,132,202,231,166,180,4,406,340,244,289,108
2020,2,A,골목상권,1000819,신림로48길,1224,556,668,6,173,227,241,296,281,1,75,122,119,108,131,5,98,105,122,188,150
2020,2,A,골목상권,1000818,신림로38길,1620,931,689,7,227,303,399,353,331,1,117,162,222,209,220,6,110,141,177,144,111
2020,2,A,골목상권,1000817,신림로28길,3185,2328,857,10,485,649,876,744,421,2,323,487,658,570,288,8,162,162,218,174,133
2020,2,A,골목상권,1000816,신림로11길,2928,2185,743,3,448,733,802,692,250,1,273,511,640,557,203,2,175,222,162,135,47
2020,2,A,골목상권,1000815,신림동길,2508,1472,1036,4,257,387,584,563,713,2,115,202,314,325,514,2,142,185,270,238,199
2020,2,A,골목상권,1000814,승방길,3114,2065,1049,7,575,763,809,576,384,5,304,522,561,400,273,2,271,241,248,176,111
2020,2,A,골목상권,1000813,서림7길,1807,1219,588,3,188,296,492,545,283,1,94,164,333,401,226,2,94,132,159,144,57
2020,2,A,골목상권,1000812,봉천로33길,4896,2257,2639,12,705,949,1077,1311,842,1,214,419,507,611,505,11,491,530,570,700,337
2020,2,A,골목상권,1000811,봉천로13길,2022,1107,915,4,267,425,445,460,421,1,114,220,243,242,287,3,153,205,202,218,134
2020,2,A,골목상권,1000810,복은길,1880,1060,820,8,275,361,475,394,367,2,138,188,251,236,245,6,137,173,224,158,122
2020,2,A,골목상권,1000809,법원단지길,767,374,393,10,102,156,168,202,129,7,39,77,79,92,80,3,63,79,89,110,49
2020,2,A,골목상권,1000808,법원단지9길,902,487,415,10,108,180,219,248,137,7,39,95,115,142,89,3,69,85,104,106,48
2020,2,A,골목상권,1000807,미성5길,1372,661,711,16,179,256,305,348,268,13,76,132,150,137,153,3,103,124,155,211,115
2020,2,A,골목상권,1000806,대학길,2550,2069,481,3,369,588,728,612,250,1,250,467,625,522,204,2,119,121,103,90,46
2020,2,A,골목상권,1000805,대학14길,1204,702,502,5,155,307,328,255,154,2,54,164,216,154,112,3,101,143,112,101,42
2020,2,A,골목상권,1000804,당곡길,3119,1744,1375,9,481,627,732,635,635,5,228,340,406,324,441,4,253,287,326,311,194
2020,2,A,골목상권,1000803,남현길,2714,1713,1001,0,391,639,718,504,462,0,171,393,485,315,349,0,220,246,233,189,113
2020,2,A,골목상권,1000802,남현3길,5523,3108,2415,8,1036,1416,1438,974,651,4,446,769,810,589,490,4,590,647,628,385,161
2020,2,A,골목상권,1000801,남현2길,3073,1912,1161,0,427,708,848,596,494,0,186,432,557,363,374,0,241,276,291,233,120
2020,2,A,골목상권,1000800,남부순환로248길,1853,971,882,9,291,518,486,332,217,7,104,267,245,173,175,2,187,251,241,159,42
2020,2,A,골목상권,1000799,남부순환로234길,4031,2679,1352,9,636,1259,802,714,611,6,309,864,515,479,506,3,327,395,287,235,105
2020,2,A,골목상권,1000798,남부순환로172길,1997,1171,826,1,280,526,428,417,345,1,124,298,254,264,230,0,156,228,174,153,115
2020,2,A,골목상권,1000797,남부순환로161길,4573,3124,1449,2,711,1290,1260,880,430,2,331,893,969,644,285,0,380,397,291,236,145
2020,2,A,골목상권,1000796,남부순환로151길,4734,3287,1447,6,738,1345,1363,927,355,4,350,948,1065,664,256,2,388,397,298,263,99
2020,2,A,골목상권,1000795,남부순환로142길,5112,3566,1546,18,457,846,934,918,1939,13,227,487,579,550,1710,5,230,359,355,368,229
2020,2,A,골목상권,1000794,난향길,1320,654,666,1,150,285,366,288,230,0,41,130,153,147,183,1,109,155,213,141,47
2020,2,A,골목상권,1000793,난우길,1334,638,696,21,163,273,289,354,234,16,67,117,125,168,145,5,96,156,164,186,89
2020,2,A,골목상권,1000792,난곡로74길,3239,2365,874,1,506,930,1014,595,193,1,239,690,834,464,137,0,267,240,180,131,56
2020,2,A,골목상권,1000791,난곡로34길,818,394,424,9,105,170,199,250,85,7,41,88,92,115,51,2,64,82,107,135,34
2020,2,A,골목상권,1000790,난곡로26길,1137,601,536,0,134,223,287,316,177,0,52,108,139,170,132,0,82,115,148,146,45
2020,2,A,골목상권,1000789,난곡로24길,1189,652,537,0,120,238,301,353,177,0,53,114,146,202,137,0,67,124,155,151,40
2020,2,A,골목상권,1000788,낙성대역길,5705,3605,2100,21,1084,1588,1265,940,807,11,500,1026,806,616,646,10,584,562,459,324,161
2020,2,A,골목상권,1000787,국회단지길,2886,1216,1670,14,430,565,664,833,380,2,117,248,322,288,239,12,313,317,342,545,141
2020,2,A,골목상권,1000786,구암길,1433,682,751,1,240,383,445,255,109,1,74,172,224,138,73,0,166,211,221,117,36
2020,2,A,골목상권,1000785,관천로22길,3943,2336,1607,8,544,963,1075,789,564,6,260,543,618,485,424,2,284,420,457,304,140
2020,2,A,골목상권,1000784,관천로15길,3272,2397,875,2,508,897,1026,641,198,2,245,663,829,518,140,0,263,234,197,123,58
2020,2,A,골목상권,1000783,관악로30길,3154,1519,1635,8,425,656,786,797,482,5,168,308,407,372,259,3,257,348,379,425,223
2020,2,A,골목상권,1000782,관악로28길,2354,1060,1294,7,280,460,567,648,392,4,95,189,275,291,206,3,185,271,292,357,186
2020,2,A,골목상권,1000781,관악로14길,6902,3781,3121,24,1181,2103,1553,1366,675,13,463,1100,860,849,496,11,718,1003,693,517,179
2020,2,A,골목상권,1000780,관악로10길,6564,4205,2359,15,997,2014,1505,1488,545,10,541,1285,942,1026,401,5,456,729,563,462,144
2020,2,A,골목상권,1000779,흑석로9길,670,368,302,1,107,148,180,141,93,0,48,87,98,71,64,1,59,61,82,70,29
2020,2,A,골목상권,1000778,흑석로13길,910,490,420,1,116,197,247,209,140,0,50,108,131,112,89,1,66,89,116,97,51
2020,2,A,골목상권,1000777,장승배기로27길,6829,3923,2906,19,976,2199,1812,1277,546,5,448,1164,1098,869,339,14,528,1035,714,408,207
2020,2,A,골목상권,1000776,장승배기로19길,2239,1229,1010,2,386,493,520,518,320,1,253,268,252,270,185,1,133,225,268,248,135
2020,2,A,골목상권,1000775,장승배기로10길,2989,1629,1360,14,453,643,709,723,447,8,284,369,374,340,254,6,169,274,335,383,193
2020,2,A,골목상권,1000774,여의대방로46길,6848,3977,2871,21,1161,2066,1822,1195,583,6,496,1267,1140,684,384,15,665,799,682,511,199
2020,2,A,골목상권,1000773,여의대방로24길,20339,12832,7507,53,3857,4058,3357,4807,4207,28,2884,3206,2158,2339,2217,25,973,852,1199,2468,1990
2020,2,A,골목상권,1000772,여의대방로22카길,18726,11820,6906,49,3543,3601,3077,4537,3919,25,2778,2902,1948,2136,2031,24,765,699,1129,2401,1888
2020,2,A,골목상권,1000771,여의대방로22나길,18445,11776,6669,50,3585,3615,2945,4402,3848,26,2813,2950,1896,2090,2001,24,772,665,1049,2312,1847
2020,2,A,골목상권,1000770,여의대방로22길,18481,11777,6704,51,3563,3569,2965,4450,3883,27,2804,2909,1894,2125,2018,24,759,660,1071,2325,1865
2020,2,A,골목상권,1000769,양녕로26길,1882,1191,691,3,208,407,440,527,297,2,106,241,296,399,147,1,102,166,144,128,150
2020,2,A,골목상권,1000768,신대방길,5744,3165,2579,19,1364,1446,1297,971,647,13,504,867,791,542,448,6,860,579,506,429,199
2020,2,A,골목상권,1000767,성대로29길,1658,762,896,2,224,316,366,429,321,1,97,153,150,202,159,1,127,163,216,227,162
2020,2,A,골목상권,1000766,성대로1길,1289,555,734,2,117,238,324,321,287,1,40,113,135,128,138,1,77,125,189,193,149
2020,2,A,골목상권,1000765,서달로8가길,403,153,250,1,52,56,103,110,81,0,11,18,38,40,46,1,41,38,65,70,35
2020,2,A,골목상권,1000764,서달로15길,594,279,315,1,66,104,168,155,100,0,16,40,81,78,64,1,50,64,87,77,36
2020,2,A,골목상권,1000763,서달로14길,539,257,282,1,64,98,142,136,98,0,19,40,63,71,64,1,45,58,79,65,34
2020,2,A,골목상권,1000762,서달로10길,654,357,297,0,96,152,157,148,101,0,55,95,81,69,57,0,41,57,76,79,44
2020,2,A,골목상권,1000761,상도로62길,1933,1117,816,1,153,362,550,527,340,0,61,169,314,311,262,1,92,193,236,216,78
2020,2,A,골목상권,1000760,상도로61길,3697,2231,1466,2,394,1053,1227,711,310,1,181,582,728,474,265,1,213,471,499,237,45
2020,2,A,골목상권,1000759,상도로47길,4010,2271,1739,9,727,1086,924,812,452,2,295,617,564,515,278,7,432,469,360,297,174
2020,2,A,골목상권,1000758,상도로37길,3599,2069,1530,10,672,958,800,740,419,2,280,566,495,470,256,8,392,392,305,270,163
2020,2,A,골목상권,1000757,상도로15길,1942,868,1074,3,243,407,492,433,364,1,97,191,200,190,189,2,146,216,292,243,175
2020,2,A,골목상권,1000756,사당로8길,3051,1713,1338,5,420,652,846,673,455,2,233,371,412,358,337,3,187,281,434,315,118
2020,2,A,골목상권,1000755,사당로30길,4369,2277,2092,10,835,1153,1133,825,413,3,260,553,638,536,287,7,575,600,495,289,126
2020,2,A,골목상권,1000754,사당로2차길,1302,661,641,1,117,247,369,351,217,0,51,97,163,189,161,1,66,150,206,162,56
2020,2,A,골목상권,1000753,사당로29길,2228,971,1257,8,346,546,597,423,308,2,115,239,240,179,196,6,231,307,357,244,112
2020,2,A,골목상권,1000752,사당로26길,2913,1431,1482,9,462,693,827,564,358,3,125,313,394,328,268,6,337,380,433,236,90
2020,2,A,골목상권,1000751,사당로23나길,812,325,487,6,86,151,226,231,112,2,31,64,86,83,59,4,55,87,140,148,53
2020,2,A,골목상권,1000750,사당로23길,2564,1477,1087,2,375,669,724,589,205,0,155,372,462,340,148,2,220,297,262,249,57
2020,2,A,골목상권,1000749,사당로20길,2063,1118,945,2,202,327,503,461,568,1,68,173,235,242,399,1,134,154,268,219,169
2020,2,A,골목상권,1000748,사당로16길,2477,1382,1095,5,230,400,562,527,753,4,89,206,258,287,538,1,141,194,304,240,215
2020,2,A,골목상권,1000747,사당로16가길,2654,1356,1298,4,250,442,656,587,715,1,100,198,276,290,491,3,150,244,380,297,224
2020,2,A,골목상권,1000746,만양로8길,3874,2130,1744,16,458,910,1022,916,552,12,220,525,600,457,316,4,238,385,422,459,236
2020,2,A,골목상권,1000745,만양로14길,2229,1309,920,5,276,620,582,441,305,3,124,366,376,257,183,2,152,254,206,184,122
2020,2,A,골목상권,1000744,등용로14길,7845,4648,3197,23,1135,2520,2134,1471,562,5,551,1437,1312,971,372,18,584,1083,822,500,190
2020,2,A,골목상권,1000743,동작대로7길,6637,3536,3101,14,1181,1731,1791,1201,719,5,378,879,981,748,545,9,803,852,810,453,174
2020,2,A,골목상권,1000742,동작대로35길,10962,4797,6165,17,1959,2951,3541,1891,603,7,626,1219,1646,977,322,10,1333,1732,1895,914,281
2020,2,A,골목상권,1000741,동작대로33길,11847,5006,6841,21,2065,3104,3615,2141,901,7,655,1273,1648,1003,420,14,1410,1831,1967,1138,481
2020,2,A,골목상권,1000740,동작대로29길,994,517,477,11,141,240,257,220,125,4,62,144,150,95,62,7,79,96,107,125,63
2020,2,A,골목상권,1000739,동작대로17길,5364,2626,2738,17,970,1213,1289,1038,837,7,293,560,624,565,577,10,677,653,665,473,260
2020,2,A,골목상권,1000738,대방동2길,17384,11015,6369,45,3429,3433,2729,4199,3549,24,2705,2797,1735,1952,1802,21,724,636,994,2247,1747
2020,2,A,골목상권,1000737,대방동27길,6476,4371,2105,8,1104,1427,1274,1795,868,4,608,983,873,1329,574,4,496,444,401,466,294
2020,2,A,골목상권,1000736,노량진로6길,6430,3598,2832,12,829,2037,1763,1276,513,3,377,1057,1021,823,317,9,452,980,742,453,196
2020,2,A,골목상권,1000735,국사봉길,1329,794,535,0,156,279,375,333,186,0,89,167,226,187,125,0,67,112,149,146,61
2020,2,A,골목상권,1000734,국사봉2길,16980,10887,6093,45,3354,3282,2656,4132,3511,24,2691,2728,1718,1933,1793,21,663,554,938,2199,1718
2020,2,A,골목상권,1000733,국사봉1길,1584,785,799,1,131,293,392,425,342,1,56,160,203,193,172,0,75,133,189,232,170
2020,2,A,골목상권,1000732,영신로9길,4324,2392,1932,35,628,983,987,1093,598,16,266,472,564,669,405,19,362,511,423,424,193
2020,2,A,골목상권,1000731,영등포로84길,3623,1678,1945,5,644,828,853,768,525,0,208,415,432,325,298,5,436,413,421,443,227
2020,2,A,골목상권,1000730,영등포로80길,3868,1857,2011,5,675,857,902,843,586,0,227,446,467,376,341,5,448,411,435,467,245
2020,2,A,골목상권,1000729,영등포로62길,1535,807,728,0,180,291,398,358,308,0,90,154,209,172,182,0,90,137,189,186,126
2020,2,A,골목상권,1000728,영등포로35길,3743,2275,1468,13,481,839,982,801,627,3,199,498,671,501,403,10,282,341,311,300,224
2020,2,A,골목상권,1000727,영등포로27길,5132,3063,2069,16,646,1200,1379,1042,849,7,257,654,882,657,606,9,389,546,497,385,243
2020,2,A,골목상권,1000726,영등포로25길,4637,2851,1786,11,528,977,1227,968,926,8,233,526,752,628,704,3,295,451,475,340,222
2020,2,A,골목상권,1000725,여의대방로61길,2949,1404,1545,7,608,751,745,478,360,1,203,349,366,243,242,6,405,402,379,235,118
2020,2,A,골목상권,1000724,여의대방로43나길,5885,4255,1630,6,967,1226,1133,1796,757,3,627,927,831,1350,517,3,340,299,302,446,240
2020,2,A,골목상권,1000723,여의대방로39길,4878,3529,1349,7,977,1162,986,1391,355,4,580,851,736,1108,250,3,397,311,250,283,105
2020,2,A,골목상권,1000722,여의대방로35길,3514,2250,1264,10,543,813,758,681,709,6,255,551,506,431,501,4,288,262,252,250,208
2020,2,A,골목상권,1000721,양평로28길,4121,2648,1473,9,479,886,1062,1067,618,5,262,568,640,676,497,4,217,318,422,391,121
2020,2,A,골목상권,1000720,양평로22라길,3947,2397,1550,9,528,912,1053,971,474,7,246,533,641,592,378,2,282,379,412,379,96
2020,2,A,골목상권,1000719,양평로19길,12312,6912,5400,37,2423,3545,3426,1789,1092,14,1069,2162,1915,964,788,23,1354,1383,1511,825,304
2020,2,A,골목상권,1000718,신길로60길,2096,1143,953,6,233,502,492,463,400,3,101,231,241,257,310,3,132,271,251,206,90
2020,2,A,골목상권,1000717,신길로42길,2009,1150,859,1,285,382,450,463,428,0,134,216,245,248,307,1,151,166,205,215,121
2020,2,A,골목상권,1000716,신길로42가길,2613,1392,1221,2,300,531,552,602,626,0,115,242,257,330,448,2,185,289,295,272,178
2020,2,A,골목상권,1000715,신길로39길,1624,885,739,3,153,276,372,412,408,3,56,129,191,217,289,0,97,147,181,195,119
2020,2,A,골목상권,1000714,신길로17길,2074,1208,866,10,201,480,645,489,249,6,111,294,326,293,178,4,90,186,319,196,71
2020,2,A,골목상권,1000713,선유서로28길,8052,4859,3193,42,1648,1899,1904,1475,1084,16,782,1211,1134,885,831,26,866,688,770,590,253
2020,2,A,골목상권,1000712,선유서로25길,5139,3803,1336,16,639,1291,1234,1015,944,8,380,982,931,738,764,8,259,309,303,277,180
2020,2,A,골목상권,1000711,선유서로24길,21565,11414,10151,134,5245,5295,4660,4210,2021,41,2258,3680,2454,1433,1548,93,2987,1615,2206,2777,473
2020,2,A,골목상권,1000710,선유로55길,11192,6156,5036,34,2214,3241,3133,1594,976,12,909,1925,1762,863,685,22,1305,1316,1371,731,291
2020,2,A,골목상권,1000709,디지털로74길,3431,1633,1798,8,825,802,852,647,297,5,236,391,415,370,216,3,589,411,437,277,81
2020,2,A,골목상권,1000708,디지털로57길,3660,2126,1534,6,365,498,748,904,1139,2,138,274,418,537,757,4,227,224,330,367,382
2020,2,A,골목상권,1000707,디지털로37길,4034,2188,1846,14,496,685,822,869,1148,4,168,334,424,498,760,10,328,351,398,371,388
2020,2,A,골목상권,1000706,도신로62길,2200,1144,1056,1,286,498,432,527,456,0,136,293,252,234,229,1,150,205,180,293,227
2020,2,A,골목상권,1000705,도신로60길,1226,653,573,0,195,316,261,240,214,0,101,172,136,130,114,0,94,144,125,110,100
2020,2,A,골목상권,1000704,도신로29길,1719,1132,587,6,200,400,496,391,226,4,96,271,345,264,152,2,104,129,151,127,74
2020,2,A,골목상권,1000703,도신로15길,2731,1586,1145,13,351,604,689,593,481,9,113,303,382,417,362,4,238,301,307,176,119
2020,2,A,골목상권,1000702,도림천로21길,16544,9657,6887,62,3622,5751,4140,1811,1158,25,1584,3459,2646,1167,776,37,2038,2292,1494,644,382
2020,2,A,골목상권,1000701,도림로63길,1116,737,379,1,109,196,295,301,214,1,67,121,196,185,167,0,42,75,99,116,47
2020,2,A,골목상권,1000700,도림로147길,7404,4074,3330,18,1114,1583,1783,1996,910,8,551,993,1053,914,555,10,563,590,730,1082,355
2020,2,A,골목상권,1000699,도림로112길,2150,1459,691,15,234,495,588,503,315,12,114,332,403,351,247,3,120,163,185,152,68
2020,2,A,골목상권,1000698,대림로8길,4605,2251,2354,2,1248,1295,964,692,404,2,397,692,541,364,255,0,851,603,423,328,149
2020,2,A,골목상권,1000697,대림로7길,4645,2570,2075,23,889,1417,1171,731,414,10,390,839,617,439,275,13,499,578,554,292,139
2020,2,A,골목상권,1000696,대림로44길,3546,2539,1007,12,462,923,1058,707,384,4,238,679,832,498,288,8,224,244,226,209,96
2020,2,A,골목상권,1000695,대림로34길,4794,3313,1481,17,573,1130,1337,1040,697,5,302,803,978,691,534,12,271,327,359,349,163
2020,2,A,골목상권,1000694,대림로31길,10368,6914,3454,23,1094,2203,2562,2468,2018,10,623,1669,1934,1500,1178,13,471,534,628,968,840
2020,2,A,골목상권,1000693,대림로29길,4656,2704,1952,8,477,756,1032,1146,1237,3,202,437,581,669,812,5,275,319,451,477,425
2020,2,A,골목상권,1000692,대림로22길,2553,1429,1124,4,346,439,576,665,523,0,120,239,318,379,373,4,226,200,258,286,150
2020,2,A,골목상권,1000691,당산로46길,8780,6183,2597,24,1222,2120,2253,1927,1234,7,607,1407,1660,1519,983,17,615,713,593,408,251
2020,2,A,골목상권,1000690,당산로38길,8580,5024,3556,27,1840,2474,1641,1561,1037,16,831,1378,1033,1030,736,11,1009,1096,608,531,301
2020,2,A,골목상권,1000689,당산로37길,15876,8761,7115,47,3483,4772,3765,2292,1517,19,1432,2703,2175,1412,1020,28,2051,2069,1590,880,497
2020,2,A,골목상권,1000688,당산로31길,10118,5475,4643,23,1984,2768,1970,1996,1377,12,921,1575,1172,1036,759,11,1063,1193,798,960,618
2020,2,A,골목상권,1000687,국회대로56길,7059,4101,2958,19,1498,1616,1611,1355,960,8,503,894,1064,912,720,11,995,722,547,443,240
2020,2,A,골목상권,1000686,경인로90길,8808,5069,3739,42,1724,2588,2335,1430,689,12,663,1422,1475,944,553,30,1061,1166,860,486,136
2020,2,A,골목상권,1000685,경인로80길,7895,4673,3222,27,1441,2116,2130,1375,806,12,590,1213,1330,869,659,15,851,903,800,506,147
2020,2,A,골목상권,1000684,경인로77길,9316,5310,4006,29,1778,2513,2454,1603,939,13,707,1384,1482,980,744,16,1071,1129,972,623,195
2020,2,A,골목상권,1000683,가마산로61길,1070,583,487,2,103,236,288,262,179,2,38,119,148,149,127,0,65,117,140,113,52
2020,2,A,골목상권,1000682,시흥대로94길,3087,1766,1321,5,376,577,670,873,586,1,181,319,357,475,433,4,195,258,313,398,153
2020,2,A,골목상권,1000681,시흥대로84길,2024,1141,883,7,263,457,509,515,273,7,154,272,276,239,193,0,109,185,233,276,80
2020,2,A,골목상권,1000680,시흥대로68길,3004,1558,1446,17,589,756,680,628,334,12,262,413,337,291,243,5,327,343,343,337,91
2020,2,A,골목상권,1000679,시흥대로63길,4531,2302,2229,14,696,1219,1043,1045,514,9,287,547,499,618,342,5,409,672,544,427,172
2020,2,A,골목상권,1000678,시흥대로62가길,1944,884,1060,7,319,366,487,501,264,6,131,171,219,198,159,1,188,195,268,303,105
2020,2,A,골목상권,1000677,시흥대로36길,6991,3889,3102,12,537,1047,1616,1813,1966,3,263,660,896,911,1156,9,274,387,720,902,810
2020,2,A,골목상권,1000676,시흥대로22길,7401,4380,3021,13,527,1004,1703,1940,2214,4,281,663,978,1049,1405,9,246,341,725,891,809
2020,2,A,골목상권,1000675,시흥대로153길,2904,1507,1397,14,271,410,599,654,956,3,147,225,331,361,440,11,124,185,268,293,516
2020,2,A,골목상권,1000674,시흥대로150길,2340,1417,923,11,307,444,603,596,379,2,156,255,331,374,299,9,151,189,272,222,80
2020,2,A,골목상권,1000673,시흥대로141길,2749,1758,991,11,335,507,624,710,562,1,182,304,358,472,441,10,153,203,266,238,121
2020,2,A,골목상권,1000672,시흥대로138길,1885,1086,799,3,234,356,463,464,365,2,140,212,278,251,203,1,94,144,185,213,162
2020,2,A,골목상권,1000671,시흥대로120길,2685,1613,1072,5,314,444,570,715,637,2,180,268,334,415,414,3,134,176,236,300,223
2020,2,A,골목상권,1000670,벚꽃로56길,44541,28679,15862,163,9094,13920,10927,6197,4240,105,4666,9107,7715,4003,3083,58,4428,4813,3212,2194,1157
2020,2,A,골목상권,1000669,범안로17길,8980,5829,3151,19,545,998,1226,1814,4378,17,335,683,803,1147,2844,2,210,315,423,667,1534
2020,2,A,골목상권,1000668,범안로11길,24441,16601,7840,68,2868,5378,5207,4561,6359,51,1714,3778,3789,3075,4194,17,1154,1600,1418,1486,2165
2020,2,A,골목상권,1000667,문성로5길,4518,3205,1313,5,299,651,854,812,1897,4,173,355,505,470,1698,1,126,296,349,342,199
2020,2,A,골목상권,1000666,독산로85길,1373,751,622,0,160,246,286,380,301,0,102,161,153,181,154,0,58,85,133,199,147
2020,2,A,골목상권,1000665,독산로78다길,1317,707,610,0,120,198,249,349,401,0,74,119,119,165,230,0,46,79,130,184,171
2020,2,A,골목상권,1000664,독산로70길,1667,951,716,1,164,263,322,430,487,0,89,139,159,241,323,1,75,124,163,189,164
2020,2,A,골목상권,1000663,독산로64길,1552,838,714,1,188,284,316,426,337,0,104,110,124,234,266,1,84,174,192,192,71
2020,2,A,골목상권,1000662,독산로50길,969,596,373,9,148,191,288,236,97,6,89,132,169,128,72,3,59,59,119,108,25
2020,2,A,골목상권,1000661,독산로40길,1493,907,586,13,224,305,427,378,146,10,140,213,255,180,109,3,84,92,172,198,37
2020,2,A,골목상권,1000660,독산로108길,5051,3636,1415,3,382,851,963,951,1901,2,222,511,600,604,1697,1,160,340,363,347,204
2020,2,A,골목상권,1000659,남부순환로112길,3662,2186,1476,10,389,688,793,691,1091,6,223,423,513,447,574,4,166,265,280,244,517
2020,2,A,골목상권,1000658,금하로24길,1694,977,717,6,190,373,401,418,306,6,101,216,209,248,197,0,89,157,192,170,109
2020,2,A,골목상권,1000657,금하로1길,1309,861,448,13,192,244,273,324,263,11,121,165,185,179,200,2,71,79,88,145,63
2020,2,A,골목상권,1000656,금하로14길,1288,607,681,2,125,205,348,360,248,1,49,93,161,171,132,1,76,112,187,189,116
2020,2,A,골목상권,1000655,가산로5길,9154,5413,3741,23,1390,2300,2163,1803,1475,18,787,1411,1336,1023,838,5,603,889,827,780,637
2020,2,A,골목상권,1000654,가산로3길,23895,16021,7874,85,4033,6853,5823,4192,2909,51,2156,4728,4260,2809,2017,34,1877,2125,1563,1383,892
2020,2,A,골목상권,1000653,중앙로1길,4765,2842,1923,4,529,1030,1138,1158,906,3,272,559,578,685,745,1,257,471,560,473,161
2020,2,A,골목상권,1000652,중앙로15길,1933,1250,683,4,260,436,459,525,249,2,164,302,293,302,187,2,96,134,166,223,62
2020,2,A,골목상권,1000651,우마길,5342,3270,2072,25,833,1287,1361,1038,798,17,423,788,849,644,549,8,410,499,512,394,249
2020,2,A,골목상권,1000650,오류로8길,3811,2518,1293,0,495,828,1007,944,537,0,343,518,637,630,390,0,152,310,370,314,147
2020,2,A,골목상권,1000649,신도림로13길,4873,3666,1207,8,483,1532,1346,976,528,7,274,1166,1084,739,396,1,209,366,262,237,132
2020,2,A,골목상권,1000648,새말로18길,4598,2651,1947,27,706,1196,1260,917,492,22,309,679,715,580,346,5,397,517,545,337,146
2020,2,A,골목상권,1000647,부일로1길,1888,1465,423,18,192,326,368,542,442,18,141,226,251,420,409,0,51,100,117,122,33
2020,2,A,골목상권,1000646,부일로15길,1310,802,508,5,102,218,319,369,297,3,47,111,192,236,213,2,55,107,127,133,84
2020,2,A,골목상권,1000645,부일로11길,1720,1024,696,5,168,338,435,483,291,2,80,194,255,302,191,3,88,144,180,181,100
2020,2,A,골목상권,1000644,디지털로32길,31052,18997,12055,82,6292,10839,8243,3635,1961,41,3001,6929,5356,2275,1395,41,3291,3910,2887,1360,566
2020,2,A,골목상권,1000643,디지털로32가길,30685,18890,11795,91,6090,10431,8067,3738,2268,44,2879,6638,5296,2379,1654,47,3211,3793,2771,1359,614
2020,2,A,골목상권,1000642,디지털로27길,25237,17450,7787,110,5318,8414,6118,3275,2002,74,2853,5869,4654,2327,1673,36,2465,2545,1464,948,329
2020,2,A,골목상권,1000641,도림로6길,6429,3922,2507,27,1035,1625,1619,1139,984,17,516,990,1001,717,681,10,519,635,618,422,303
2020,2,A,골목상권,1000640,도림로12길,4678,3284,1394,31,973,1404,1228,671,371,25,611,1005,911,451,281,6,362,399,317,220,90
2020,2,A,골목상권,1000639,남부순환로97길,6429,3568,2861,39,1174,1596,1362,1449,809,20,683,1075,689,609,492,19,491,521,673,840,317
2020,2,A,골목상권,1000638,구로중앙로8길,3151,2084,1067,3,289,590,787,902,580,2,135,345,514,657,431,1,154,245,273,245,149
2020,2,A,골목상권,1000637,구로중앙로7길,2087,1421,666,5,155,309,476,695,447,4,69,168,321,517,342,1,86,141,155,178,105
2020,2,A,골목상권,1000636,구로중앙로42길,8795,6396,2399,17,795,2277,2343,1997,1366,12,449,1687,1744,1454,1050,5,346,590,599,543,316
2020,2,A,골목상권,1000635,구로중앙로34길,4585,2949,1636,10,784,1122,1177,922,570,5,474,763,783,561,363,5,310,359,394,361,207
2020,2,A,골목상권,1000634,구로중앙로28길,11038,7181,3857,17,1421,2453,2823,2514,1810,11,859,1802,1962,1466,1081,6,562,651,861,1048,729
2020,2,A,골목상권,1000633,구로중앙로19길,5187,2873,2314,7,627,1401,1218,1332,602,3,283,752,655,825,355,4,344,649,563,507,247
2020,2,A,골목상권,1000632,구로동로8길,1826,1008,818,8,227,363,411,392,425,5,109,206,208,203,277,3,118,157,203,189,148
2020,2,A,골목상권,1000631,구로동로7길,10253,7086,3167,39,1979,3388,2613,1445,789,26,1082,2345,1916,1080,637,13,897,1043,697,365,152
2020,2,A,골목상권,1000630,구로동로42길,4570,2045,2525,17,721,1027,1027,1117,661,6,260,393,430,567,389,11,461,634,597,550,272
2020,2,A,골목상권,1000629,구로동로41길,1500,697,803,4,173,249,328,434,312,2,70,131,172,153,169,2,103,118,156,281,143
2020,2,A,골목상권,1000628,구로동로38길,4541,2539,2002,7,562,1227,1055,1197,493,3,265,649,588,744,290,4,297,578,467,453,203
2020,2,A,골목상권,1000627,구로동로28길,4421,2563,1858,7,555,1246,1028,1084,501,3,246,655,557,765,337,4,309,591,471,319,164
2020,2,A,골목상권,1000626,구로동로15길,9924,6864,3060,40,1967,3389,2578,1344,606,26,1065,2359,1911,1002,501,14,902,1030,667,342,105
2020,2,A,골목상권,1000625,공원로6가길,6922,4441,2481,32,1107,1791,1942,1338,712,25,618,1156,1274,878,490,7,489,635,668,460,222
2020,2,A,골목상권,1000624,고척로52길,5315,3889,1426,9,400,1118,1534,1736,518,8,220,818,1142,1346,355,1,180,300,392,390,163
2020,2,A,골목상권,1000623,고척로27다길,1272,690,582,2,130,300,292,316,232,0,67,141,129,171,182,2,63,159,163,145,50
2020,2,A,골목상권,1000622,고척로27길,1596,885,711,1,163,351,388,405,288,0,84,177,178,219,227,1,79,174,210,186,61
2020,2,A,골목상권,1000621,고척로21나길,2229,1322,907,6,254,485,526,593,365,1,143,291,294,322,271,5,111,194,232,271,94
2020,2,A,골목상권,1000620,경인로47길,3644,2363,1281,2,400,761,863,902,716,2,204,446,507,589,615,0,196,315,356,313,101
2020,2,A,골목상권,1000619,경인로35길,3129,1831,1298,12,258,628,829,788,614,10,132,353,463,446,427,2,126,275,366,342,187
2020,2,A,골목상권,1000618,경인로31길,1321,763,558,3,145,345,328,294,206,2,72,197,167,165,160,1,73,148,161,129,46
2020,2,A,골목상권,1000617,경인로15길,1956,1167,789,6,166,351,482,573,378,5,82,195,271,328,286,1,84,156,211,245,92
2020,2,A,골목상권,1000616,개봉로3길,1322,779,543,1,198,272,305,307,239,1,89,152,174,189,174,0,109,120,131,118,65
2020,2,A,골목상권,1000615,개봉로2길,5631,2907,2724,35,1132,1548,1201,1212,503,17,640,1025,577,408,240,18,492,523,624,804,263
2020,2,A,골목상권,1000614,개봉로23가길,7606,3974,3632,10,649,1443,1959,2251,1294,6,369,795,938,1066,800,4,280,648,1021,1185,494
2020,2,A,골목상권,1000613,개봉로20길,6983,3822,3161,39,1217,1718,1520,1607,882,20,698,1124,756,688,536,19,519,594,764,919,346
2020,2,A,골목상권,1000612,개봉로1길,1291,852,439,1,188,309,317,260,216,1,87,216,219,170,159,0,101,93,98,90,57
2020,2,A,골목상권,1000611,개봉로17다길,5444,3013,2431,39,1161,1422,1168,1064,590,20,647,952,554,430,410,19,514,470,614,634,180
2020,2,A,골목상권,1000610,개봉로17길,4721,2485,2236,38,1140,1373,992,856,322,20,640,925,436,272,192,18,500,448,556,584,130
2020,2,A,골목상권,1000609,개봉로11길,2872,1300,1572,8,426,520,734,793,391,6,221,284,279,271,239,2,205,236,455,522,152
2020,2,A,골목상권,1000608,화곡로64길,13331,7853,5478,57,2469,3328,2997,2781,1699,22,1004,2243,2108,1478,998,35,1465,1085,889,1303,701
2020,2,A,골목상권,1000607,화곡로59길,11331,6520,4811,40,1642,2904,2786,2885,1074,12,758,1821,1740,1562,627,28,884,1083,1046,1323,447
2020,2,A,골목상권,1000606,화곡로44나길,5789,3797,1992,7,665,1442,1348,1460,867,3,304,817,856,1079,738,4,361,625,492,381,129
2020,2,A,골목상권,1000605,화곡로31길,4177,2189,1988,5,936,866,839,823,708,2,261,447,439,500,540,3,675,419,400,323,168
2020,2,A,골목상권,1000604,화곡로20길,2589,1431,1158,2,298,541,572,670,506,1,151,319,306,360,294,1,147,222,266,310,212
2020,2,A,골목상권,1000603,화곡로13길,1740,973,767,0,175,324,466,509,266,0,88,167,239,280,199,0,87,157,227,229,67
2020,2,A,골목상권,1000602,초원로16길,3604,1800,1804,11,311,461,647,1096,1078,4,143,281,387,446,539,7,168,180,260,650,539
2020,2,A,골목상권,1000601,초록마을로8길,1780,1021,759,8,205,404,487,444,232,6,98,257,294,223,143,2,107,147,193,221,89
2020,2,A,골목상권,1000600,초록마을로3길,4067,2605,1462,5,851,847,792,820,752,1,292,509,512,627,664,4,559,338,280,193,88
2020,2,A,골목상권,1000599,월정로20길,1930,1221,709,16,185,388,520,593,228,14,101,241,326,364,175,2,84,147,194,229,53
2020,2,A,골목상권,1000598,우장산로6길,1666,914,752,0,263,279,400,447,277,0,121,145,190,247,211,0,142,134,210,200,66
2020,2,A,골목상권,1000597,양천로73가길,3841,2556,1285,6,468,916,933,886,632,5,216,579,604,617,535,1,252,337,329,269,97
2020,2,A,골목상권,1000596,양천로71길,12540,4429,8111,21,2025,4005,3917,1801,771,9,628,1414,1004,748,626,12,1397,2591,2913,1053,145
2020,2,A,골목상권,1000595,양천로49길,5710,3599,2111,14,619,1180,1278,1459,1160,8,317,748,781,891,854,6,302,432,497,568,306
2020,2,A,골목상권,1000594,양천로26길,1360,872,488,2,176,295,335,366,186,1,97,186,187,243,158,1,79,109,148,123,28
2020,2,A,골목상권,1000593,양천로24길,1923,1097,826,6,242,403,499,508,265,5,130,249,270,267,176,1,112,154,229,241,89
2020,2,A,골목상권,1000592,양천로24가길,3150,2066,1084,10,315,559,942,851,473,8,176,349,645,541,347,2,139,210,297,310,126
2020,2,A,골목상권,1000591,양천로14길,3079,2104,975,7,260,550,863,863,536,5,152,337,608,574,428,2,108,213,255,289,108
2020,2,A,골목상권,1000590,방화대로6라길,1476,921,555,1,151,323,422,380,199,0,75,205,270,236,135,1,76,118,152,144,64
2020,2,A,골목상권,1000589,방화대로21길,4053,2046,2007,9,399,636,737,1110,1162,2,171,370,450,466,587,7,228,266,287,644,575
2020,2,A,골목상권,1000588,등촌로5길,2909,1351,1558,1,685,836,638,492,257,0,154,367,327,300,203,1,531,469,311,192,54
2020,2,A,골목상권,1000587,등촌로55길,2946,1834,1112,12,417,636,755,673,453,6,182,401,449,436,360,6,235,235,306,237,93
2020,2,A,골목상권,1000586,등촌로51길,2282,1364,918,6,305,436,562,553,420,2,122,234,317,346,343,4,183,202,245,207,77
2020,2,A,골목상권,1000585,등촌로39길,3594,2050,1544,2,439,705,865,921,662,1,209,366,530,552,392,1,230,339,335,369,270
2020,2,A,골목상권,1000584,등촌로13길,1203,700,503,1,108,234,301,339,220,1,43,137,149,206,164,0,65,97,152,133,56
2020,2,A,골목상권,1000583,남부순환로11길,1314,880,434,1,137,302,376,307,191,0,65,187,249,219,160,1,72,115,127,88,31
2020,2,A,골목상권,1000582,까치산로4길,3059,1643,1416,17,504,787,803,634,314,13,203,444,433,368,182,4,301,343,370,266,132
2020,2,A,골목상권,1000581,국회대로7길,3300,1523,1777,3,685,796,697,710,409,2,176,352,364,372,257,1,509,444,333,338,152
2020,2,A,골목상권,1000580,공항대로8길,1968,1203,765,5,230,409,479,485,360,1,96,238,291,308,269,4,134,171,188,177,91
2020,2,A,골목상권,1000579,공항대로61길,4789,3049,1740,16,648,1117,1101,1068,839,12,278,664,694,742,659,4,370,453,407,326,180
2020,2,A,골목상권,1000578,공항대로59다길,6422,4014,2408,16,810,1474,1724,1593,805,12,342,868,1122,1036,634,4,468,606,602,557,171
2020,2,A,골목상권,1000577,공항대로59길,5310,3325,1985,18,847,1253,1193,1161,838,13,380,761,731,777,663,5,467,492,462,384,175
2020,2,A,골목상권,1000576,공항대로55길,9865,6181,3684,31,1979,2664,2300,1763,1128,17,724,1698,1692,1235,815,14,1255,966,608,528,313
2020,2,A,골목상권,1000575,공항대로42길,3316,1427,1889,1,310,526,643,669,1167,0,105,248,294,275,505,1,205,278,349,394,662
2020,2,A,골목상권,1000574,공항대로38길,3757,1683,2074,5,359,584,714,748,1347,3,140,299,351,300,590,2,219,285,363,448,757
2020,2,A,골목상권,1000573,곰달래로60길,3810,1592,2218,2,835,1029,833,744,367,1,201,419,386,358,227,1,634,610,447,386,140
2020,2,A,골목상권,1000572,곰달래로53길,1091,644,447,6,124,230,256,292,183,3,64,138,139,170,130,3,60,92,117,122,53
2020,2,A,골목상권,1000571,곰달래로47길,2067,1097,970,8,272,603,564,430,190,5,138,324,274,230,126,3,134,279,290,200,64
2020,2,A,골목상권,1000570,곰달래로31길,2412,1359,1053,7,336,644,672,497,256,6,167,356,345,309,176,1,169,288,327,188,80
2020,2,A,골목상권,1000569,곰달래로25길,1684,862,822,4,226,323,432,439,260,4,93,173,200,216,176,0,133,150,232,223,84
2020,2,A,골목상권,1000568,개화동로25길,32037,16958,15079,3,5511,10823,8819,5927,954,0,1268,4466,5153,5250,821,3,4243,6357,3666,677,133
2020,2,A,골목상권,1000567,개화동로23길,33039,17452,15587,6,5602,10936,8956,6162,1377,3,1294,4523,5237,5403,992,3,4308,6413,3719,759,385
2020,2,A,골목상권,1000566,강서로8길,2287,1239,1048,7,267,470,599,607,337,6,107,274,315,309,228,1,160,196,284,298,109
2020,2,A,골목상권,1000565,강서로5라길,1890,1096,794,2,190,367,491,500,340,2,100,215,266,260,253,0,90,152,225,240,87
2020,2,A,골목상권,1000564,강서로5나길,2286,1480,806,16,205,464,622,688,291,14,108,299,404,432,223,2,97,165,218,256,68
2020,2,A,골목상권,1000563,강서로5가길,2258,1213,1045,14,236,427,598,647,336,14,110,260,336,316,177,0,126,167,262,331,159
2020,2,A,골목상권,1000562,강서로47라길,1942,898,1044,3,163,335,537,634,270,1,67,145,191,295,199,2,96,190,346,339,71
2020,2,A,골목상권,1000561,강서로47길,1969,880,1089,2,184,371,567,584,261,0,65,170,200,256,189,2,119,201,367,328,72
2020,2,A,골목상권,1000560,강서로45다길,5741,3586,2155,10,725,1321,1435,1418,832,8,394,860,870,833,621,2,331,461,565,585,211
2020,2,A,골목상권,1000559,강서로45길,5233,3255,1978,11,661,1237,1345,1320,659,7,374,831,801,751,491,4,287,406,544,569,168
2020,2,A,골목상권,1000558,강서로35길,2339,1233,1106,3,315,457,541,584,439,2,120,244,274,298,295,1,195,213,267,286,144
2020,2,A,골목상권,1000557,강서로29길,2908,1388,1520,8,437,616,661,679,507,5,155,333,333,310,252,3,282,283,328,369,255
2020,2,A,골목상권,1000556,강서로18길,3094,1910,1184,8,395,789,840,724,338,6,204,465,465,506,264,2,191,324,375,218,74
2020,2,A,골목상권,1000555,강서로17가길,1813,1078,735,5,151,300,482,566,309,3,65,172,258,359,221,2,86,128,224,207,88
2020,2,A,골목상권,1000554,강서로15길,3243,2104,1139,16,288,577,845,1038,479,14,156,350,503,697,384,2,132,227,342,341,95
2020,2,A,골목상권,1000553,가로공원로80길,2802,1680,1122,7,268,522,665,806,534,4,127,316,384,519,330,3,141,206,281,287,204
2020,2,A,골목상권,1000552,가로공원로76가길,2785,1828,957,5,213,451,706,945,465,3,113,266,432,654,360,2,100,185,274,291,105
2020,2,A,골목상권,1000551,화곡로4길,2028,986,1042,0,243,472,465,510,338,0,79,193,198,269,247,0,164,279,267,241,91
2020,2,A,골목상권,1000550,화곡로3길,1610,737,873,7,235,411,427,385,145,4,83,171,183,194,102,3,152,240,244,191,43
2020,2,A,골목상권,1000549,지양로7길,2827,1640,1187,3,253,384,528,705,954,3,148,238,319,415,517,0,105,146,209,290,437
2020,2,A,골목상권,1000548,중앙로55길,2507,1271,1236,9,217,443,656,756,426,8,101,261,324,332,245,1,116,182,332,424,181
2020,2,A,골목상권,1000547,중앙로51길,3024,1674,1350,13,263,472,809,831,636,10,146,264,390,418,446,3,117,208,419,413,190
2020,2,A,골목상권,1000546,중앙로47길,3972,3000,972,4,365,821,893,526,1363,1,161,497,664,384,1293,3,204,324,229,142,70
2020,2,A,골목상권,1000545,중앙로45길,3498,2631,867,7,219,369,584,690,1629,2,100,196,307,489,1537,5,119,173,277,201,92
2020,2,A,골목상권,1000544,중앙로36길,791,390,401,2,98,168,182,188,153,1,34,74,76,101,104,1,64,94,106,87,49
2020,2,A,골목상권,1000543,중앙로32길,8051,4620,3431,28,1512,2034,1907,1652,918,24,525,1230,1141,1015,685,4,987,804,766,637,233
2020,2,A,골목상권,1000542,중앙로25길,7155,4352,2803,28,946,1851,2058,1487,785,23,504,1161,1353,798,513,5,442,690,705,689,272
2020,2,A,골목상권,1000541,은행정로7길,3893,2310,1583,12,838,600,564,661,1218,5,255,285,302,379,1084,7,583,315,262,282,134
2020,2,A,골목상권,1000540,은행정로5길,1327,635,692,2,144,276,287,361,257,1,64,127,122,161,160,1,80,149,165,200,97
2020,2,A,골목상권,1000539,오목로5길,2561,1546,1015,4,195,376,587,789,610,2,85,207,321,472,459,2,110,169,266,317,151
2020,2,A,골목상권,1000538,오목로3길,2742,1990,752,4,147,302,554,918,817,1,67,167,346,666,743,3,80,135,208,252,74
2020,2,A,골목상권,1000537,오목로30길,4088,2402,1686,10,840,599,639,729,1271,4,255,300,329,403,1111,6,585,299,310,326,160
2020,2,A,골목상권,1000536,오목로23길,3264,1648,1616,17,848,638,695,686,380,12,275,352,381,355,273,5,573,286,314,331,107
2020,2,A,골목상권,1000535,신월로20길,1527,957,570,4,142,247,376,387,371,1,63,127,219,235,312,3,79,120,157,152,59
2020,2,A,골목상권,1000534,신월로15길,2407,1676,731,3,127,263,503,781,730,1,55,139,295,540,646,2,72,124,208,241,84
2020,2,A,골목상권,1000533,신목로6길,12839,7152,5687,66,2407,4118,3253,2274,721,31,945,2195,1983,1461,537,35,1462,1923,1270,813,184
2020,2,A,골목상권,1000532,신목로5길,16076,9739,6337,89,2806,5277,4081,2815,1008,66,1341,3237,2618,1825,652,23,1465,2040,1463,990,356
2020,2,A,골목상권,1000531,신목로2길,12127,6779,5348,66,2275,3961,3073,2106,646,31,881,2114,1895,1374,484,35,1394,1847,1178,732,162
2020,2,A,골목상권,1000530,목동중앙서로8가길,3429,1541,1888,4,775,990,813,625,222,2,162,421,430,357,169,2,613,569,383,268,53
2020,2,A,골목상권,1000529,목동중앙서로7길,3933,2050,1883,5,799,1056,935,771,367,1,207,513,540,490,299,4,592,543,395,281,68
2020,2,A,골목상권,1000528,목동중앙북로8길,5137,3009,2128,3,654,1082,1257,1263,878,1,306,610,760,777,555,2,348,472,497,486,323
2020,2,A,골목상권,1000527,목동중앙북로16길,4358,2547,1811,4,563,963,1287,1088,453,3,237,480,842,697,288,1,326,483,445,391,165
2020,2,A,골목상권,1000526,목동중앙본로7길,1797,936,861,4,178,368,433,510,304,4,74,204,205,262,187,0,104,164,228,248,117
2020,2,A,골목상권,1000525,목동중앙로3길,2498,1211,1287,5,284,548,763,592,306,3,124,269,308,274,233,2,160,279,455,318,73
2020,2,A,골목상권,1000524,목동중앙로13나길,1935,1252,683,3,235,575,543,388,191,2,117,338,357,309,129,1,118,237,186,79,62
2020,2,A,골목상권,1000523,목동중앙남로3가길,1936,1069,867,4,198,454,465,515,300,4,84,266,236,278,201,0,114,188,229,237,99
2020,2,A,골목상권,1000522,목동로9길,3502,1840,1662,9,474,817,876,787,539,6,193,430,467,419,325,3,281,387,409,368,214
2020,2,A,골목상권,1000521,목동로19길,4271,2529,1742,5,433,753,802,903,1375,2,127,341,390,513,1156,3,306,412,412,390,219
2020,2,A,골목상권,1000520,목동동로8길,7239,4481,2758,17,1024,2056,1883,1549,710,7,587,1395,1220,855,417,10,437,661,663,694,293
2020,2,A,골목상권,1000519,목동동로12길,18134,10297,7837,113,3684,5643,4400,2944,1350,79,1501,3168,2724,1900,925,34,2183,2475,1676,1044,425
2020,2,A,골목상권,1000518,목동남로4길,2104,1223,881,7,250,507,529,468,343,4,135,297,283,263,241,3,115,210,246,205,102
2020,2,A,골목상권,1000517,남부순환로88길,1848,1273,575,3,104,257,445,634,405,0,44,151,292,462,324,3,60,106,153,172,81
2020,2,A,골목상권,1000516,남부순환로79길,1692,1022,670,2,120,245,415,542,368,0,52,135,225,326,284,2,68,110,190,216,84
2020,2,A,골목상권,1000515,남부순환로70길,3594,2662,932,4,319,506,739,1074,952,2,174,321,493,818,854,2,145,185,246,256,98
2020,2,A,골목상권,1000514,남부순환로58길,1480,847,633,5,182,327,383,415,168,2,95,187,217,232,114,3,87,140,166,183,54
2020,2,A,골목상권,1000513,남부순환로40길,1841,1020,821,1,202,347,410,483,398,0,76,153,193,291,307,1,126,194,217,192,91
2020,2,A,골목상권,1000512,남부순환로33길,2613,1436,1177,1,269,561,577,680,525,1,123,285,299,393,335,0,146,276,278,287,190
2020,2,A,골목상권,1000511,곰달래로5길,2566,1425,1141,4,268,481,549,681,583,2,114,246,271,409,383,2,154,235,278,272,200
2020,2,A,골목상권,1000510,곰달래로3길,2129,1259,870,4,211,408,549,685,272,2,109,227,303,420,198,2,102,181,246,265,74
2020,2,A,골목상권,1000509,곰달래로2길,2257,1536,721,7,230,371,520,739,390,3,127,237,340,512,317,4,103,134,180,227,73
2020,2,A,골목상권,1000508,곰달래로10길,2455,1620,835,7,239,416,579,788,426,4,126,267,371,520,332,3,113,149,208,268,94
2020,2,A,골목상권,1000507,가로공원로58길,1014,585,429,0,101,169,214,309,221,0,36,63,107,199,180,0,65,106,107,110,41
2020,2,A,골목상권,1000506,효창원로93길,2738,1473,1265,2,542,627,683,599,285,2,280,380,336,297,178,0,262,247,347,302,107
2020,2,A,골목상권,1000505,토정로37길,13888,8500,5388,13,2141,3321,3206,2759,2448,9,1058,2025,2191,1716,1501,4,1083,1296,1015,1043,947
2020,2,A,골목상권,1000504,월드컵로8길,11509,5833,5676,65,2414,3563,2751,1693,1023,44,994,1657,1451,962,725,21,1420,1906,1300,731,298
2020,2,A,골목상권,1000503,월드컵로7길,4418,2232,2186,10,765,1063,1090,828,662,5,284,491,597,448,407,5,481,572,493,380,255
2020,2,A,골목상권,1000502,월드컵로36길,2648,1228,1420,9,317,493,697,735,397,5,115,244,323,308,233,4,202,249,374,427,164
2020,2,A,골목상권,1000501,월드컵로25길,1959,1087,872,2,220,387,547,456,347,1,108,213,284,253,228,1,112,174,263,203,119
2020,2,A,골목상권,1000500,월드컵로19길,3830,2335,1495,6,552,727,826,640,1079,4,245,377,435,391,883,2,307,350,391,249,196
2020,2,A,골목상권,1000499,월드컵로16길,5122,2926,2196,8,667,1007,1290,994,1156,6,275,518,675,560,892,2,392,489,615,434,264
2020,2,A,골목상권,1000498,월드컵로11길,3309,1814,1495,5,567,778,860,607,492,3,240,408,469,357,337,2,327,370,391,250,155
2020,2,A,골목상권,1000497,월드컵로10길,6092,3082,3010,13,1002,1583,1610,1144,740,9,385,750,851,614,473,4,617,833,759,530,267
2020,2,A,골목상권,1000496,와우산로3길,3074,1839,1235,31,670,929,704,480,260,20,304,547,460,315,193,11,366,382,244,165,67
2020,2,A,골목상권,1000495,와우산로29길,3716,1999,1717,20,767,935,869,695,430,12,394,551,457,325,260,8,373,384,412,370,170
2020,2,A,골목상권,1000494,와우산로29가길,5051,3328,1723,21,803,1159,1271,1061,736,13,427,759,872,692,565,8,376,400,399,369,171
2020,2,A,골목상권,1000493,양화진길,3858,2187,1671,6,650,1068,1001,766,367,5,243,557,643,507,232,1,407,511,358,259,135
2020,2,A,골목상권,1000492,양화로1길,4275,2265,2010,10,759,1169,1058,771,508,7,296,545,634,448,335,3,463,624,424,323,173
2020,2,A,골목상권,1000491,양화로11길,10929,5400,5529,63,2297,3451,2604,1577,937,44,939,1550,1336,868,663,19,1358,1901,1268,709,274
2020,2,A,골목상권,1000490,신촌로30길,1379,724,655,2,346,446,283,177,125,1,133,247,148,106,89,1,213,199,135,71,36
2020,2,A,골목상권,1000489,신촌로28가길,752,296,456,1,103,194,203,152,99,1,32,69,62,63,69,0,71,125,141,89,30
2020,2,A,골목상권,1000488,신촌로12길,3946,1781,2165,10,815,883,900,792,546,3,354,427,403,298,296,7,461,456,497,494,250
2020,2,A,골목상권,1000487,숭문길,6842,4186,2656,89,1444,1619,1501,1382,807,34,700,979,985,950,538,55,744,640,516,432,269
2020,2,A,골목상권,1000486,숭문8길,2735,1664,1071,0,255,423,605,849,603,0,76,246,380,560,402,0,179,177,225,289,201
2020,2,A,골목상권,1000485,성지3길,3664,2180,1484,10,552,1062,1011,686,343,8,213,554,666,485,254,2,339,508,345,201,89
2020,2,A,골목상권,1000484,성산로4길,7479,4521,2958,22,897,1523,1696,2154,1187,12,500,1039,1117,1133,720,10,397,484,579,1021,467
2020,2,A,골목상권,1000483,성미산로32길,2558,1512,1046,6,463,625,587,513,364,5,196,354,324,336,297,1,267,271,263,177,67
2020,2,A,골목상권,1000482,성미산로1길,7338,4500,2838,19,916,1345,1544,1879,1635,11,463,915,1012,927,1172,8,453,430,532,952,463
2020,2,A,골목상권,1000481,성미산로11길,4046,2664,1382,13,538,998,1026,845,626,11,263,603,695,608,484,2,275,395,331,237,142
2020,2,A,골목상권,1000480,백범로16길,11843,6682,5161,92,2239,2925,2945,2427,1215,37,1118,1683,1682,1366,796,55,1121,1242,1263,1061,419
2020,2,A,골목상권,1000479,방울내로9안길,5395,3168,2227,19,670,1008,1186,1654,858,10,361,737,806,762,492,9,309,271,380,892,366
2020,2,A,골목상권,1000478,모래내로7길,1886,1205,681,3,178,335,447,527,396,2,80,176,294,372,281,1,98,159,153,155,115
2020,2,A,골목상권,1000477,매봉산로2길,7758,4869,2889,7,1643,2988,2130,779,211,4,769,1962,1426,552,156,3,874,1026,704,227,55
2020,2,A,골목상권,1000476,망원로2길,3573,1970,1603,12,911,970,773,517,390,5,529,512,375,277,272,7,382,458,398,240,118
2020,2,A,골목상권,1000475,망원로11길,6899,4290,2609,16,825,1251,1414,1794,1599,8,432,864,941,892,1153,8,393,387,473,902,446
2020,2,A,골목상권,1000474,만리재옛길,7898,4890,3008,27,1351,2535,2248,1325,412,3,689,1516,1496,931,255,24,662,1019,752,394,157
2020,2,A,골목상권,1000473,마포대로4길,12997,8041,4956,19,1972,3107,3139,2694,2066,14,945,1877,2168,1723,1314,5,1027,1230,971,971,752
2020,2,A,골목상권,1000472,마포대로20길,6189,3402,2787,3,1075,2041,1828,915,327,2,565,1167,973,506,189,1,510,874,855,409,138
2020,2,A,골목상권,1000471,마포대로12길,16374,9997,6377,89,3461,4980,4450,2701,693,33,1440,2797,3042,2155,530,56,2021,2183,1408,546,163
2020,2,A,골목상권,1000470,동교로38길,4017,2115,1902,12,763,1016,954,794,478,8,301,513,522,438,333,4,462,503,432,356,145
2020,2,A,골목상권,1000469,동교로27길,7445,4120,3325,26,1274,1892,1719,1388,1146,18,516,1053,1063,794,676,8,758,839,656,594,470
2020,2,A,골목상권,1000468,동교로25길,8136,4596,3540,29,1403,2144,1878,1494,1188,21,558,1182,1203,898,734,8,845,962,675,596,454
2020,2,A,골목상권,1000467,동교로19길,7995,4255,3740,21,1245,2157,2011,1503,1058,16,468,1122,1242,803,604,5,777,1035,769,700,454
2020,2,A,골목상권,1000466,동교로17길,9387,5193,4194,24,1595,2393,2243,1567,1565,15,606,1172,1268,928,1204,9,989,1221,975,639,361
2020,2,A,골목상권,1000465,독막로8길,3879,2189,1690,16,779,1135,970,653,326,8,300,606,606,432,237,8,479,529,364,221,89
2020,2,A,골목상권,1000464,독막로32길,5866,3312,2554,13,738,1526,1597,1417,575,10,314,725,890,950,423,3,424,801,707,467,152
2020,2,A,골목상권,1000463,독막로22길,2658,1530,1128,5,344,594,712,599,404,2,126,277,409,394,322,3,218,317,303,205,82
2020,2,A,골목상권,1000462,도화길,17974,9976,7998,28,3098,4346,4235,3811,2456,16,1498,2609,2619,1790,1444,12,1600,1737,1616,2021,1012
2020,2,A,골목상권,1000461,도화4길,16876,9892,6984,39,2983,3895,3920,3784,2255,21,1543,2617,2510,1864,1337,18,1440,1278,1410,1920,918
2020,2,A,골목상권,1000460,대흥로28길,947,375,572,2,105,198,264,236,142,1,26,55,84,118,91,1,79,143,180,118,51
2020,2,A,골목상권,1000459,대흥로21길,5558,2516,3042,66,2280,1294,799,703,416,23,848,602,358,411,274,43,1432,692,441,292,142
2020,2,A,골목상권,1000458,광성로6길,4309,2311,1998,8,585,1137,1113,1048,418,5,221,510,610,672,293,3,364,627,503,376,125
2020,2,A,골목상권,1000457,홍제내길,1474,745,729,1,180,256,379,425,233,1,74,127,203,209,131,0,106,129,176,216,102
2020,2,A,골목상권,1000456,홍연길,2909,1921,988,55,808,746,494,546,260,30,461,584,302,346,198,25,347,162,192,200,62
2020,2,A,골목상권,1000455,통일로39길,1448,749,699,3,167,225,380,479,194,1,48,109,194,270,127,2,119,116,186,209,67
2020,2,A,골목상권,1000454,통일로37길,1828,904,924,3,190,271,490,592,282,1,55,136,237,310,165,2,135,135,253,282,117
2020,2,A,골목상권,1000453,통일로11길,1521,816,705,4,161,295,393,422,246,2,53,134,211,250,166,2,108,161,182,172,80
2020,2,A,골목상권,1000452,충정로6길,21254,12909,8345,55,3567,6876,5753,3722,1281,25,1596,4024,3722,2578,964,30,1971,2852,2031,1144,317
2020,2,A,골목상권,1000451,충정로4길,10911,6497,4414,17,1800,3206,2959,2041,888,11,900,1947,1794,1228,617,6,900,1259,1165,813,271
2020,2,A,골목상권,1000450,증가로6길,2897,2017,880,35,517,820,647,602,276,30,323,586,463,407,208,5,194,234,184,195,68
2020,2,A,골목상권,1000449,증가로23나길,3726,1805,1921,9,539,808,864,920,586,4,162,387,432,471,349,5,377,421,432,449,237
2020,2,A,골목상권,1000448,증가로20가길,2033,1107,926,1,239,515,577,488,213,0,83,293,306,266,159,1,156,222,271,222,54
2020,2,A,골목상권,1000447,증가로10길,3090,1973,1117,30,543,972,736,605,204,27,332,651,463,354,146,3,211,321,273,251,58
2020,2,A,골목상권,1000446,응암로1길,3491,1774,1717,7,541,903,813,720,507,3,175,500,462,351,283,4,366,403,351,369,224
2020,2,A,골목상권,1000445,연희로10길,7041,5233,1808,4,896,1621,1470,2337,713,1,563,1074,991,2003,601,3,333,547,479,334,112
2020,2,A,골목상권,1000444,신촌로37길,3846,2292,1554,2,702,1092,944,679,427,1,330,659,579,444,279,1,372,433,365,235,148
2020,2,A,골목상권,1000443,수색로8길,2218,1603,615,0,96,232,309,462,1119,0,38,113,136,297,1019,0,58,119,173,165,100
2020,2,A,골목상권,1000442,세무서길,1599,845,754,5,180,231,420,513,250,1,46,119,204,309,166,4,134,112,216,204,84
2020,2,A,골목상권,1000441,세무서2길,1768,917,851,4,192,268,468,568,268,2,55,142,231,312,175,2,137,126,237,256,93
2020,2,A,골목상권,1000440,세검정로1길,7951,1661,6290,3,250,578,2095,3756,1269,1,93,194,366,496,511,2,157,384,1729,3260,758
2020,2,A,골목상권,1000439,북아현로4길,4173,2515,1658,3,713,1133,1023,806,495,1,334,709,630,512,329,2,379,424,393,294,166
2020,2,A,골목상권,1000438,모래내로15길,5054,3015,2039,12,419,756,963,1282,1622,8,251,488,593,697,978,4,168,268,370,585,644
2020,2,A,골목상권,1000437,명지대길,3551,2329,1222,30,580,1061,886,691,303,26,350,746,591,413,203,4,230,315,295,278,100
2020,2,A,골목상권,1000436,독립문로8길,4382,2674,1708,6,482,812,1071,1165,846,3,222,487,686,712,564,3,260,325,385,453,282
2020,2,A,골목상권,1000435,가재울로6길,888,539,349,0,77,134,240,276,161,0,36,70,145,173,115,0,41,64,95,103,46
2020,2,A,골목상권,1000434,통일로92길,2182,1011,1171,7,335,535,557,460,288,5,118,274,240,197,177,2,217,261,317,263,111
2020,2,A,골목상권,1000433,통일로87길,2146,1024,1122,9,346,519,538,443,291,6,121,268,251,200,178,3,225,251,287,243,113
2020,2,A,골목상권,1000432,통일로78길,3460,1707,1753,7,332,481,609,702,1329,2,143,252,274,297,739,5,189,229,335,405,590
2020,2,A,골목상권,1000431,통일로69길,1346,637,709,8,153,255,386,330,214,7,69,128,175,134,124,1,84,127,211,196,90
2020,2,A,골목상권,1000430,진흥로1길,3173,1417,1756,4,333,557,870,870,539,0,110,254,400,372,281,4,223,303,470,498,258
2020,2,A,골목상권,1000429,진흥로12길,2905,1340,1565,8,388,754,791,621,343,6,145,313,368,289,219,2,243,441,423,332,124
2020,2,A,골목상권,1000428,증산서길,2915,2010,905,0,232,477,547,595,1064,0,102,264,283,399,962,0,130,213,264,196,102
2020,2,A,골목상권,1000427,증산로9길,2163,1494,669,2,280,583,607,471,220,2,139,419,427,332,175,0,141,164,180,139,45
2020,2,A,골목상권,1000426,증산로5길,2072,1401,671,0,258,547,578,460,229,0,121,397,406,324,153,0,137,150,172,136,76
2020,2,A,골목상권,1000425,증산로21길,2416,1375,1041,1,253,492,645,577,448,1,133,247,349,321,324,0,120,245,296,256,124
2020,2,A,골목상권,1000424,증산로17길,1533,971,562,1,158,267,349,407,351,1,105,154,187,236,288,0,53,113,162,171,63
2020,2,A,골목상권,1000423,증산로15길,1952,1466,486,3,198,393,502,526,330,3,141,289,360,382,291,0,57,104,142,144,39
2020,2,A,골목상권,1000422,증산로13길,2140,1515,625,3,216,497,551,539,334,3,112,344,398,384,274,0,104,153,153,155,60
2020,2,A,골목상권,1000421,응암로34길,2471,1323,1148,3,276,441,524,582,645,2,123,210,269,282,437,1,153,231,255,300,208
2020,2,A,골목상권,1000420,응암로22길,1297,807,490,1,145,210,288,366,287,1,79,121,163,219,224,0,66,89,125,147,63
2020,2,A,골목상권,1000419,응암로14길,1013,417,596,1,128,206,284,266,128,0,35,71,108,122,81,1,93,135,176,144,47
2020,2,A,골목상권,1000418,응암로13길,1445,689,756,2,130,245,361,401,306,1,40,79,135,204,230,1,90,166,226,197,76
2020,2,A,골목상권,1000417,응암로12길,1435,563,872,1,166,271,408,394,195,0,45,84,145,163,126,1,121,187,263,231,69
2020,2,A,골목상권,1000416,은평로8길,2497,1530,967,3,244,406,580,610,654,2,113,215,332,354,514,1,131,191,248,256,140
2020,2,A,골목상권,1000415,은평로3길,2891,1471,1420,3,254,536,804,767,527,1,96,257,390,370,357,2,158,279,414,397,170
2020,2,A,골목상권,1000414,은평로20길,3249,1745,1504,5,395,859,865,854,271,3,193,415,422,525,187,2,202,444,443,329,84
2020,2,A,골목상권,1000413,은평로13길,4882,2635,2247,11,464,981,1167,1295,964,5,204,443,579,730,674,6,260,538,588,565,290
2020,2,A,골목상권,1000412,은평로10길,2810,1504,1306,6,287,449,620,714,734,4,131,216,311,338,504,2,156,233,309,376,230
2020,2,A,골목상권,1000411,연서로5길,3063,1436,1627,3,492,601,791,742,434,1,202,274,346,323,290,2,290,327,445,419,144
2020,2,A,골목상권,1000410,연서로41길,2016,1078,938,1,100,185,246,350,1134,0,42,105,102,176,653,1,58,80,144,174,481
2020,2,A,골목상권,1000409,연서로3길,2341,1159,1182,5,259,448,668,606,355,2,111,227,323,264,232,3,148,221,345,342,123
2020,2,A,골목상권,1000408,연서로34길,2541,1241,1300,4,149,280,401,486,1221,2,53,139,160,202,685,2,96,141,241,284,536
2020,2,A,골목상권,1000407,연서로33길,2718,1375,1343,3,170,344,389,525,1287,1,57,190,184,226,717,2,113,154,205,299,570
2020,2,A,골목상권,1000406,연서로29길,2086,818,1268,9,331,486,525,473,262,6,84,193,201,183,151,3,247,293,324,290,111
2020,2,A,골목상권,1000405,연서로28길,2622,1207,1415,11,448,580,692,556,335,6,144,281,297,265,214,5,304,299,395,291,121
2020,2,A,골목상권,1000404,연서로27길,2703,1310,1393,12,373,580,685,599,454,7,109,276,302,294,322,5,264,304,383,305,132
2020,2,A,골목상권,1000403,연서로21길,4079,2411,1668,10,316,591,958,1350,854,6,125,324,486,850,620,4,191,267,472,500,234
2020,2,A,골목상권,1000402,연서로17길,4262,2441,1821,10,328,658,981,1413,872,3,130,338,493,861,616,7,198,320,488,552,256
2020,2,A,골목상권,1000401,연서로16길,3513,1430,2083,12,551,724,911,861,454,3,172,291,372,331,261,9,379,433,539,530,193
2020,2,A,골목상권,1000400,연서로13길,4099,2157,1942,11,554,694,881,1307,652,2,181,304,429,794,447,9,373,390,452,513,205
2020,2,A,골목상권,1000399,연서로11길,2285,1161,1124,10,456,477,497,471,374,3,193,221,235,256,253,7,263,256,262,215,121
2020,2,A,골목상권,1000398,역말로9길,2151,1132,1019,3,261,472,592,464,359,3,101,238,301,230,259,0,160,234,291,234,100
2020,2,A,골목상권,1000397,수색로18길,570,385,185,0,61,95,137,169,108,0,25,54,96,122,88,0,36,41,41,47,20
2020,2,A,골목상권,1000396,서오릉로8길,2126,1123,1003,11,274,456,566,478,341,8,113,217,290,250,245,3,161,239,276,228,96
2020,2,A,골목상권,1000395,서오릉로21길,2587,1706,881,2,196,423,582,951,433,0,71,199,318,750,368,2,125,224,264,201,65
2020,2,A,골목상권,1000394,불광천길,1739,1013,726,2,175,341,436,474,311,2,94,177,240,274,226,0,81,164,196,200,85
2020,2,A,골목상권,1000393,갈현로7길,2513,1162,1351,8,465,592,616,529,303,2,160,291,307,215,187,6,305,301,309,314,116
2020,2,A,골목상권,1000392,갈현로41길,1687,960,727,7,251,413,396,381,239,4,139,253,226,189,149,3,112,160,170,192,90
2020,2,A,골목상권,1000391,갈현로33길,1587,732,855,5,210,381,379,418,194,2,90,175,175,167,123,3,120,206,204,251,71
2020,2,A,골목상권,1000390,갈현로1길,1825,900,925,6,304,414,399,358,344,1,100,195,204,167,233,5,204,219,195,191,111
2020,2,A,골목상권,1000389,가좌로7길,2176,1151,1025,0,223,439,587,577,350,0,87,234,282,302,246,0,136,205,305,275,104
2020,2,A,골목상권,1000388,한글비석로44길,1614,800,814,3,101,158,255,416,681,2,45,84,104,182,383,1,56,74,151,234,298
2020,2,A,골목상권,1000387,한글비석로24길,1357,635,722,6,134,222,327,384,284,2,41,105,152,179,156,4,93,117,175,205,128
2020,2,A,골목상권,1000386,한글비석로22길,1955,947,1008,7,220,393,505,492,338,2,81,195,259,208,202,5,139,198,246,284,136
2020,2,A,골목상권,1000385,석계로1길,1699,812,887,4,181,273,422,477,342,2,66,112,183,225,224,2,115,161,239,252,118
2020,2,A,골목상권,1000384,상계로9가길,1790,778,1012,6,219,309,471,494,291,4,76,161,196,203,138,2,143,148,275,291,153
2020,2,A,골목상권,1000383,상계로1길,1710,765,945,3,199,318,434,471,285,0,74,174,195,192,130,3,125,144,239,279,155
2020,2,A,골목상권,1000382,상계로12길,2778,1526,1252,15,390,539,719,680,435,11,153,297,366,381,318,4,237,242,353,299,117
2020,2,A,골목상권,1000381,동일로242길,1655,907,748,4,185,318,384,419,345,4,87,188,203,233,192,0,98,130,181,186,153
2020,2,A,골목상권,1000380,동일로192길,2933,1744,1189,7,250,389,576,757,954,3,125,174,285,514,643,4,125,215,291,243,311
2020,2,A,골목상권,1000379,동일로173가길,4507,2423,2084,7,423,581,929,1317,1250,3,198,330,466,658,768,4,225,251,463,659,482
2020,2,A,골목상권,1000378,공릉로58길,3479,2325,1154,5,354,680,894,1015,531,2,168,397,576,768,414,3,186,283,318,247,117
2020,2,A,골목상권,1000377,해등로16길,6159,3977,2182,2,696,1378,1486,1288,1309,0,374,978,1050,696,879,2,322,400,436,592,430
2020,2,A,골목상권,1000376,우이천로4다길,1311,783,528,4,134,226,369,393,185,1,50,132,220,253,127,3,84,94,149,140,58
2020,2,A,골목상권,1000375,우이천로32길,1433,692,741,0,202,304,375,355,197,0,60,133,156,173,170,0,142,171,219,182,27
2020,2,A,골목상권,1000374,시루봉로23길,2007,1393,614,7,171,326,422,562,519,5,88,210,238,396,456,2,83,116,184,166,63
2020,2,A,골목상권,1000373,삼양로144길,721,298,423,0,103,108,183,165,162,0,19,38,81,65,95,0,84,70,102,100,67
2020,2,A,골목상권,1000372,방학로6가길,941,461,480,1,99,154,245,255,187,1,50,76,111,123,100,0,49,78,134,132,87
2020,2,A,골목상권,1000371,방학로5길,1988,902,1086,4,311,470,491,452,260,2,93,231,236,191,149,2,218,239,255,261,111
2020,2,A,골목상권,1000370,방학로15길,2236,1446,790,7,437,536,516,461,279,7,294,319,346,250,230,0,143,217,170,211,49
2020,2,A,골목상권,1000369,방학로10길,1322,623,699,3,143,331,353,297,195,2,49,153,162,134,123,1,94,178,191,163,72
2020,2,A,골목상권,1000368,도봉산길,1275,888,387,0,43,90,247,427,468,0,15,52,178,333,310,0,28,38,69,94,158
2020,2,A,골목상권,1000367,도봉산4길,1096,811,285,0,23,63,199,380,431,0,9,36,157,317,292,0,14,27,42,63,139
2020,2,A,골목상권,1000366,도봉로181길,749,388,361,0,59,110,179,202,199,0,13,51,75,106,143,0,46,59,104,96,56
2020,2,A,골목상권,1000365,도봉로169나길,1230,878,352,2,64,188,229,399,348,1,24,106,144,296,307,1,40,82,85,103,41
2020,2,A,골목상권,1000364,도봉로156길,1281,929,352,1,66,160,250,386,418,0,22,92,148,293,374,1,44,68,102,93,44
2020,2,A,골목상권,1000363,도봉로152가길,1287,838,449,2,75,174,250,407,379,1,22,83,135,283,314,1,53,91,115,124,65
2020,2,A,골목상권,1000362,도봉로147길,2653,1366,1287,6,287,448,600,920,392,2,150,267,298,428,221,4,137,181,302,492,171
2020,2,A,골목상권,1000361,도봉로143길,1706,982,724,5,215,362,408,444,272,4,97,219,241,254,167,1,118,143,167,190,105
2020,2,A,골목상권,1000360,도봉로114길,1941,1023,918,5,269,361,447,514,345,1,92,141,236,305,248,4,177,220,211,209,97
2020,2,A,골목상권,1000359,도봉로109길,3318,1622,1696,7,603,745,790,742,431,4,153,339,417,416,293,3,450,406,373,326,138
2020,2,A,골목상권,1000358,도당로29길,2804,1527,1277,6,275,496,683,858,486,5,150,329,325,355,363,1,125,167,358,503,123
2020,2,A,골목상권,1000357,도당로19길,1552,583,969,3,174,260,433,537,145,3,86,151,140,127,76,0,88,109,293,410,69
2020,2,A,골목상권,1000356,도당로13바길,1045,467,578,0,92,205,263,215,270,0,37,93,114,102,121,0,55,112,149,113,149
2020,2,A,골목상권,1000355,도당로13가길,742,396,346,1,86,149,193,177,136,1,41,79,88,97,90,0,45,70,105,80,46
2020,2,A,골목상권,1000354,덕릉로60길,1084,606,478,2,100,216,311,274,181,1,31,122,184,148,120,1,69,94,127,126,61
2020,2,A,골목상권,1000353,노해로63다길,5926,3931,1995,6,637,1379,1476,1182,1246,4,352,984,1046,677,868,2,285,395,430,505,378
2020,2,A,골목상권,1000352,노해로60길,2005,1119,886,7,258,399,475,517,349,4,89,178,266,326,256,3,169,221,209,191,93
2020,2,A,골목상권,1000351,한천로140길,3507,1801,1706,6,375,859,910,874,483,5,143,394,473,511,275,1,232,465,437,363,208
2020,2,A,골목상권,1000350,한천로139가길,3365,1468,1897,10,307,680,719,776,873,8,97,267,327,445,324,2,210,413,392,331,549
2020,2,A,골목상권,1000349,한천로132길,4083,2319,1764,7,454,1047,975,1035,565,6,199,551,552,683,328,1,255,496,423,352,237
2020,2,A,골목상권,1000348,한천로130길,1159,597,562,1,133,204,272,293,256,1,41,90,149,145,171,0,92,114,123,148,85
2020,2,A,골목상권,1000347,한천로124나길,1582,1052,530,0,241,388,333,398,222,0,121,259,215,305,152,0,120,129,118,93,70
2020,2,A,골목상권,1000346,한천로109길,1731,911,820,10,206,332,401,448,334,7,68,155,215,251,215,3,138,177,186,197,119
2020,2,A,골목상권,1000345,인수봉로79길,2108,1156,952,6,278,520,511,519,274,6,117,278,273,275,207,0,161,242,238,244,67
2020,2,A,골목상권,1000344,인수봉로72길,3985,2568,1417,0,249,550,888,1099,1199,0,80,281,601,772,834,0,169,269,287,327,365
2020,2,A,골목상권,1000343,인수봉로56길,2237,1341,896,0,190,405,586,707,349,0,63,185,366,456,271,0,127,220,220,251,78
2020,2,A,골목상권,1000342,오패산로67길,3448,1963,1485,8,408,621,684,869,858,4,167,359,360,538,535,4,241,262,324,331,323
2020,2,A,골목상권,1000341,오패산로52길,1713,1004,709,2,181,340,484,464,242,2,88,176,274,293,171,0,93,164,210,171,71
2020,2,A,골목상권,1000340,오패산로30길,1173,548,625,8,119,172,341,288,245,6,52,74,144,127,145,2,67,98,197,161,100
2020,2,A,골목상권,1000339,수유로12길,3114,1486,1628,5,344,454,641,822,848,1,84,188,264,398,551,4,260,266,377,424,297
2020,2,A,골목상권,1000338,솔샘로65길,1680,791,889,8,123,270,394,410,475,7,33,99,167,220,265,1,90,171,227,190,210
2020,2,A,골목상권,1000337,솔매로50길,2145,1151,994,8,231,442,606,562,296,7,91,188,300,340,225,1,140,254,306,222,71
2020,2,A,골목상권,1000336,솔매로45길,1602,867,735,3,192,330,439,424,214,1,78,149,251,252,136,2,114,181,188,172,78
2020,2,A,골목상권,1000335,솔매로41길,1599,892,707,1,186,336,458,426,192,0,83,170,253,259,127,1,103,166,205,167,65
2020,2,A,골목상권,1000334,삼양로93길,2583,1532,1051,0,221,467,693,790,412,0,66,225,438,496,307,0,155,242,255,294,105
2020,2,A,골목상권,1000333,삼양로77길,1258,524,734,1,124,256,353,391,133,0,45,102,142,156,79,1,79,154,211,235,54
2020,2,A,골목상권,1000332,삼양로54길,1233,592,641,2,94,151,242,315,429,2,29,62,121,168,210,0,65,89,121,147,219
2020,2,A,골목상권,1000331,삼양로41길,1030,584,446,5,119,193,245,241,227,3,52,86,124,148,171,2,67,107,121,93,56
2020,2,A,골목상권,1000330,삼양로27길,1407,729,678,1,238,381,422,238,127,0,94,204,231,110,90,1,144,177,191,128,37
2020,2,A,골목상권,1000329,삼양로24길,1095,702,393,2,75,180,273,290,275,1,35,88,154,196,228,1,40,92,119,94,47
2020,2,A,골목상권,1000328,삼양로20길,5023,2590,2433,416,1990,1284,666,420,247,177,890,703,373,240,207,239,1100,581,293,180,40
2020,2,A,골목상권,1000327,삼각산로28길,4686,2178,2508,9,400,813,913,1212,1339,8,129,336,409,677,619,1,271,477,504,535,720
2020,2,A,골목상권,1000326,도봉로99길,1726,787,939,1,383,412,412,379,139,0,101,196,193,201,96,1,282,216,219,178,43
2020,2,A,골목상권,1000325,도봉로8길,860,355,505,3,132,188,214,200,123,2,33,68,83,88,81,1,99,120,131,112,42
2020,2,A,골목상권,1000324,도봉로76길,4137,2376,1761,5,482,796,901,1078,875,1,210,455,513,657,540,4,272,341,388,421,335
2020,2,A,골목상권,1000323,도봉로67길,1676,842,834,3,218,339,441,433,242,1,78,158,230,231,144,2,140,181,211,202,98
2020,2,A,골목상권,1000322,도봉로45길,1984,992,992,1,190,389,536,486,382,1,82,178,276,282,173,0,108,211,260,204,209
2020,2,A,골목상권,1000321,도봉로18길,1442,705,737,7,132,243,417,378,265,6,39,87,162,199,212,1,93,156,255,179,53
2020,2,A,골목상권,1000320,도봉로13길,931,573,358,1,93,187,219,267,164,1,37,98,126,181,130,0,56,89,93,86,34
2020,2,A,골목상권,1000319,덕릉로41길,4574,2478,2096,10,512,1051,1028,1202,771,8,199,522,530,774,445,2,313,529,498,428,326
2020,2,A,골목상권,1000318,덕릉로40길,981,475,506,2,125,130,270,309,145,0,52,61,101,172,89,2,73,69,169,137,56
2020,2,A,골목상권,1000317,노해로33길,1032,522,510,1,143,197,273,255,163,0,44,97,126,133,122,1,99,100,147,122,41
2020,2,A,골목상권,1000316,노해로23길,1488,1041,447,2,136,183,370,533,264,0,57,103,259,417,205,2,79,80,111,116,59
2020,2,A,골목상권,1000315,노해로17길,3379,1488,1891,5,286,662,736,802,888,4,89,266,337,462,330,1,197,396,399,340,558
2020,2,A,골목상권,1000314,화랑로40길,2188,1476,712,1,140,177,301,419,1150,0,52,85,162,259,918,1,88,92,139,160,232
2020,2,A,골목상권,1000313,화랑로32길,1528,947,581,4,186,373,394,357,214,0,71,233,235,238,170,4,115,140,159,119,44
2020,2,A,골목상권,1000312,화랑로1길,3846,2556,1290,6,357,646,771,887,1179,3,178,396,449,596,934,3,179,250,322,291,245
2020,2,A,골목상권,1000311,화랑로19길,1924,1083,841,4,339,477,528,372,204,1,153,280,296,204,149,3,186,197,232,168,55
2020,2,A,골목상권,1000310,화랑로14길,3348,2039,1309,3,554,1083,785,586,337,0,266,704,461,360,248,3,288,379,324,226,89
2020,2,A,골목상권,1000309,화랑로13길,3666,2389,1277,1,489,1018,810,696,652,0,231,675,508,447,528,1,258,343,302,249,124
2020,2,A,골목상권,1000308,한천로76길,1061,657,404,2,138,204,254,283,180,0,66,104,141,203,143,2,72,100,113,80,37
2020,2,A,골목상권,1000307,한천로101가길,700,312,388,6,87,145,201,154,107,4,36,61,84,55,72,2,51,84,117,99,35
2020,2,A,골목상권,1000306,창경궁로43길,6137,3067,3070,30,812,1435,1729,1420,711,19,288,670,898,770,422,11,524,765,831,650,289
2020,2,A,골목상권,1000305,지봉로20길,7371,5614,1757,7,803,2211,1513,1469,1368,2,447,1781,1218,1191,975,5,356,430,295,278,393
2020,2,A,골목상권,1000304,종암로5길,976,488,488,0,107,230,308,227,104,0,37,97,153,139,62,0,70,133,155,88,42
2020,2,A,골목상권,1000303,종암로24가길,1829,1059,770,2,233,409,426,551,208,0,115,271,248,336,89,2,118,138,178,215,119
2020,2,A,골목상권,1000302,종암로21길,21348,11507,9841,61,1725,5284,7395,5936,947,12,757,1915,3385,4717,721,49,968,3369,4010,1219,226
2020,2,A,골목상권,1000301,종암로19길,19081,9789,9292,57,1523,4879,6999,5431,192,13,621,1616,3100,4314,125,44,902,3263,3899,1117,67
2020,2,A,골목상권,1000300,종암로16길,1435,562,873,3,196,255,347,385,249,1,61,104,137,147,112,2,135,151,210,238,137
2020,2,A,골목상권,1000299,정릉로8길,1934,1384,550,15,321,601,450,314,233,14,185,439,354,247,145,1,136,162,96,67,88
2020,2,A,골목상권,1000298,정릉로27길,2503,1119,1384,2,395,517,679,574,336,0,110,215,269,295,230,2,285,302,410,279,106
2020,2,A,골목상권,1000297,정릉로26길,1495,568,927,1,255,373,406,316,144,0,62,153,129,131,93,1,193,220,277,185,51
2020,2,A,골목상권,1000296,장위로50길,2540,1674,866,6,201,300,339,457,1237,2,67,159,170,269,1007,4,134,141,169,188,230
2020,2,A,골목상권,1000295,장월로1길,3837,2383,1454,5,671,1155,920,721,365,1,334,778,573,433,264,4,337,377,347,288,101
2020,2,A,골목상권,1000294,인촌로6길,7167,5526,1641,11,781,2081,1360,1419,1515,5,480,1723,1109,1120,1089,6,301,358,251,299,426
2020,2,A,골목상권,1000293,인촌로5길,3744,2001,1743,8,384,927,1023,1089,313,2,132,383,542,741,201,6,252,544,481,348,112
2020,2,A,골목상권,1000292,인촌로24길,3279,2060,1219,3,363,782,950,756,425,0,148,448,603,521,340,3,215,334,347,235,85
2020,2,A,골목상권,1000291,개운사길,1657,853,804,1,198,454,562,333,109,0,70,197,309,202,75,1,128,257,253,131,34
2020,2,A,골목상권,1000290,인촌로1길,5136,2931,2205,11,550,1230,1246,1337,762,3,244,628,732,871,453,8,306,602,514,466,309
2020,2,A,골목상권,1000289,인촌로17가길,1215,677,538,1,241,377,311,175,110,0,115,240,168,88,66,1,126,137,143,87,44
2020,2,A,골목상권,1000288,오패산로4길,4408,2833,1575,4,583,1149,982,932,758,2,286,749,590,605,601,2,297,400,392,327,157
2020,2,A,골목상권,1000287,오패산로3길,2850,1845,1005,4,209,352,537,564,1184,4,84,169,284,372,932,0,125,183,253,192,252
2020,2,A,골목상권,1000286,오패산로19길,1435,649,786,8,205,309,385,334,194,7,70,129,176,158,109,1,135,180,209,176,85
2020,2,A,골목상권,1000285,안암로5길,4306,2796,1510,12,544,890,945,942,973,5,289,608,638,609,647,7,255,282,307,333,326
2020,2,A,골목상권,1000284,아리랑로4길,2365,1201,1164,21,341,481,540,576,406,16,110,203,273,322,277,5,231,278,267,254,129
2020,2,A,골목상권,1000283,솔샘로6길,912,567,345,0,69,143,230,271,199,0,25,73,132,188,149,0,44,70,98,83,50
2020,2,A,골목상권,1000282,성북로8길,4182,2354,1828,23,494,912,1411,968,374,12,211,482,771,591,287,11,283,430,640,377,87
2020,2,A,골목상권,1000281,삼양로8길,5716,2840,2876,421,2108,1423,856,565,343,178,934,772,460,247,249,243,1174,651,396,318,94
2020,2,A,골목상권,1000280,삼선교로16가길,2374,1509,865,2,288,621,698,570,195,0,104,382,484,420,119,2,184,239,214,150,76
2020,2,A,골목상권,1000279,삼선교로10다길,2140,1279,861,3,162,256,647,619,453,0,60,121,380,400,318,3,102,135,267,219,135
2020,2,A,골목상권,1000278,삼선교로10길,2448,1319,1129,4,222,314,722,727,459,2,76,134,409,421,277,2,146,180,313,306,182
2020,2,A,골목상권,1000277,보문로32길,3795,2025,1770,12,402,961,1025,1093,302,5,150,395,543,737,195,7,252,566,482,356,107
2020,2,A,골목상권,1000276,보문로31길,6816,3595,3221,9,765,1759,2112,1724,447,2,270,782,1077,1187,277,7,495,977,1035,537,170
2020,2,A,골목상권,1000275,보문로26길,1538,813,725,1,285,437,401,268,146,0,127,270,209,121,86,1,158,167,192,147,60
2020,2,A,골목상권,1000274,보문로13길,6379,4803,1576,7,521,1743,1183,1318,1607,1,318,1444,946,1014,1080,6,203,299,237,304,527
2020,2,A,골목상권,1000273,보국문로16길,1473,809,664,2,134,166,324,455,392,0,44,77,162,269,257,2,90,89,162,186,135
2020,2,A,골목상권,1000272,동소문로6길,3075,1751,1324,11,285,567,1022,837,353,4,130,325,582,467,243,7,155,242,440,370,110
2020,2,A,골목상권,1000271,동소문로2길,2629,1268,1361,8,361,575,735,574,376,5,162,334,362,209,196,3,199,241,373,365,180
2020,2,A,골목상권,1000270,동소문로26가길,2325,1062,1263,23,336,488,529,546,403,11,90,178,233,281,269,12,246,310,296,265,134
2020,2,A,골목상권,1000269,동소문로15길,13122,7940,5182,60,2012,3087,4057,2407,1499,26,932,1807,2691,1751,733,34,1080,1280,1366,656,766
2020,2,A,골목상권,1000268,동소문로13길,15530,8923,6607,61,2321,3756,4947,2768,1677,27,1042,2114,3047,1895,798,34,1279,1642,1900,873,879
2020,2,A,골목상권,1000267,돌곶이로8길,1501,991,510,3,168,348,339,377,266,0,78,211,198,280,224,3,90,137,141,97,42
2020,2,A,골목상권,1000266,돌곶이로41길,578,281,297,5,93,145,159,113,63,3,42,78,81,42,35,2,51,67,78,71,28
2020,2,A,골목상권,1000265,돌곶이로28길,2464,1679,785,6,192,251,323,451,1241,1,75,134,182,273,1014,5,117,117,141,178,227
2020,2,A,골목상권,1000264,돌곶이로27길,1146,638,508,1,113,202,254,253,323,0,35,95,119,131,258,1,78,107,135,122,65
2020,2,A,골목상권,1000263,돌곶이로22길,2523,1745,778,4,227,361,362,436,1133,0,104,229,227,270,915,4,123,132,135,166,218
2020,2,A,골목상권,1000262,돌곶이로14길,1130,729,401,3,138,285,273,289,142,0,69,183,170,195,112,3,69,102,103,94,30
2020,2,A,골목상권,1000261,길음로7길,2033,690,1343,9,643,584,388,269,140,0,112,217,147,119,95,9,531,367,241,150,45
2020,2,A,골목상권,1000260,중랑천로10길,3242,2165,1077,11,329,735,995,928,244,10,150,453,692,689,171,1,179,282,303,239,73
2020,2,A,골목상권,1000259,용마산로94길,1479,1008,471,1,135,212,335,428,368,0,46,122,218,335,287,1,89,90,117,93,81
2020,2,A,골목상권,1000258,용마산로118길,1833,1219,614,3,134,257,368,560,511,1,50,110,200,400,458,2,84,147,168,160,53
2020,2,A,골목상권,1000257,용마산로112길,1061,691,370,3,77,147,200,352,282,1,29,62,111,243,245,2,48,85,89,109,37
2020,2,A,골목상권,1000256,용마산로100길,1375,864,511,0,108,178,316,388,385,0,39,93,188,261,283,0,69,85,128,127,102
2020,2,A,골목상권,1000255,신내로7가길,2885,1702,1183,7,421,599,614,650,594,4,252,346,321,339,440,3,169,253,293,311,154
2020,2,A,골목상권,1000254,사가정로54길,2447,1561,886,4,257,394,587,682,523,4,98,209,351,486,413,0,159,185,236,196,110
2020,2,A,골목상권,1000253,사가정로42길,1480,984,496,2,143,326,437,379,193,2,79,194,297,268,144,0,64,132,140,111,49
2020,2,A,골목상권,1000252,봉화산로56길,6034,3615,2419,7,777,1325,1309,1525,1091,6,404,672,687,972,874,1,373,653,622,553,217
2020,2,A,골목상권,1000251,봉화산로4길,1177,649,528,7,163,237,282,241,247,6,79,99,141,134,190,1,84,138,141,107,57
2020,2,A,골목상권,1000250,봉화산로30길,2185,1269,916,11,274,462,498,523,417,10,120,230,272,306,331,1,154,232,226,217,86
2020,2,A,골목상권,1000249,봉우재로33길,2885,1792,1093,6,408,726,863,553,329,3,226,499,471,322,271,3,182,227,392,231,58
2020,2,A,골목상권,1000248,면목로78길,2567,1467,1100,3,353,606,757,571,277,0,176,401,378,294,218,3,177,205,379,277,59
2020,2,A,골목상권,1000247,면목로56길,2604,1612,992,5,254,532,633,676,504,0,94,286,378,479,375,5,160,246,255,197,129
2020,2,A,골목상권,1000246,면목로55길,2381,1425,956,4,284,506,594,560,433,1,120,285,316,372,331,3,164,221,278,188,102
2020,2,A,골목상권,1000245,면목로49길,2892,1746,1146,6,325,625,796,681,459,3,139,346,451,460,347,3,186,279,345,221,112
2020,2,A,골목상권,1000244,면목로48길,2802,1706,1096,6,308,506,636,752,594,2,99,241,361,531,472,4,209,265,275,221,122
2020,2,A,골목상권,1000243,면목로45길,2478,1502,976,5,260,477,642,635,459,2,95,236,362,453,354,3,165,241,280,182,105
2020,2,A,골목상권,1000242,면목로33길,1771,1210,561,3,146,273,467,639,243,2,61,154,307,496,190,1,85,119,160,143,53
2020,2,A,골목상권,1000241,면목로21길,1619,1149,470,1,128,228,394,595,273,1,63,138,260,478,209,0,65,90,134,117,64
2020,2,A,골목상권,1000240,망우로73길,1580,995,585,2,129,243,331,503,372,1,48,97,162,350,337,1,81,146,169,153,35
2020,2,A,골목상권,1000239,망우로68길,1840,1024,816,11,182,275,356,549,467,2,56,90,174,333,369,9,126,185,182,216,98
2020,2,A,골목상권,1000238,동일로163길,1116,609,507,1,113,238,281,312,171,1,33,124,148,186,117,0,80,114,133,126,54
2020,2,A,골목상권,1000237,동일로157길,2828,1746,1082,2,371,654,717,740,344,2,195,416,418,482,233,0,176,238,299,258,111
2020,2,A,골목상권,1000236,동일로149길,1644,1148,496,1,250,431,408,418,136,1,160,301,274,311,101,0,90,130,134,107,35
2020,2,A,골목상권,1000235,동일로140길,2688,1741,947,1,373,630,649,637,398,1,212,366,386,448,328,0,161,264,263,189,70
2020,2,A,골목상권,1000234,동일로139길,1911,1335,576,2,290,481,447,429,262,2,182,319,296,333,203,0,108,162,151,96,59
2020,2,A,골목상권,1000233,동일로139가길,2323,1520,803,2,338,578,560,546,299,2,202,364,338,382,232,0,136,214,222,164,67
2020,2,A,골목상권,1000232,동일로130길,1739,907,832,0,221,381,428,392,317,0,80,163,212,207,245,0,141,218,216,185,72
2020,2,A,골목상권,1000231,동일로123길,2657,1671,986,4,253,497,628,611,664,2,112,252,362,403,540,2,141,245,266,208,124
2020,2,A,골목상권,1000230,동일로112길,4163,2571,1592,5,455,878,1184,921,720,0,216,554,654,565,582,5,239,324,530,356,138
2020,2,A,골목상권,1000229,동일로101길,1342,738,604,2,111,223,316,394,296,1,38,102,165,210,222,1,73,121,151,184,74
2020,2,A,골목상권,1000228,동일로100길,3062,1918,1144,5,382,644,840,712,479,1,186,437,469,435,390,4,196,207,371,277,89
2020,2,A,골목상권,1000227,답십리로75길,1647,1158,489,2,146,269,413,594,223,1,61,158,284,477,177,1,85,111,129,117,46
2020,2,A,골목상권,1000226,공릉로2길,1693,846,847,0,190,354,448,430,271,0,59,167,211,219,190,0,131,187,237,211,81
2020,2,A,골목상권,1000225,공릉로12가길,1387,675,712,5,120,302,379,375,206,1,41,141,168,184,140,4,79,161,211,191,66
2020,2,A,골목상권,1000224,겸재로54길,1723,989,734,2,149,360,435,489,288,0,52,182,235,314,206,2,97,178,200,175,82
2020,2,A,골목상권,1000223,겸재로36길,1894,1125,769,2,224,410,491,451,316,1,99,235,263,282,245,1,125,175,228,169,71
2020,2,A,골목상권,1000222,겸재로29길,2514,1442,1072,3,356,591,717,548,299,0,154,393,354,299,242,3,202,198,363,249,57
2020,2,A,골목상권,1000221,휘경로3길,1648,978,670,1,105,240,504,490,308,1,31,114,291,337,204,0,74,126,213,153,104
2020,2,A,골목상권,1000220,휘경로2길,3049,1311,1738,1,618,820,765,547,298,0,109,292,374,339,197,1,509,528,391,208,101
2020,2,A,골목상권,1000219,휘경로23길,614,320,294,1,67,110,160,169,107,1,22,58,78,92,69,0,45,52,82,77,38
2020,2,A,골목상권,1000218,휘경로14길,1479,863,616,2,157,276,399,372,273,0,59,153,246,256,149,2,98,123,153,116,124
2020,2,A,골목상권,1000217,한천로46길,2745,1664,1081,7,257,609,744,699,429,4,108,329,405,450,368,3,149,280,339,249,61
2020,2,A,골목상권,1000216,한천로40길,3901,2396,1505,42,1579,638,549,630,463,24,890,432,324,364,362,18,689,206,225,266,101
2020,2,A,골목상권,1000215,한천로33길,3866,2281,1585,44,1555,669,619,604,375,25,889,443,365,303,256,19,666,226,254,301,119
2020,2,A,골목상권,1000214,한천로14길,4755,3015,1740,10,482,875,1053,1151,1184,8,265,564,729,724,725,2,217,311,324,427,459
2020,2,A,골목상권,1000213,천호대로97길,2965,1783,1182,3,272,446,561,649,1034,1,124,255,305,374,724,2,148,191,256,275,310
2020,2,A,골목상권,1000212,천호대로77길,7115,4648,2467,42,1435,1733,1428,1183,1294,11,692,1167,993,781,1004,31,743,566,435,402,290
2020,2,A,골목상권,1000211,천호대로45길,3003,1572,1431,4,394,735,773,837,260,3,173,340,347,530,179,1,221,395,426,307,81
2020,2,A,골목상권,1000210,천호대로17길,6749,4474,2275,19,1205,1945,1500,1062,1018,8,649,1242,1040,758,777,11,556,703,460,304,241
2020,2,A,골목상권,1000209,천호대로12길,7588,3791,3797,17,654,1869,2390,2008,650,5,311,1118,1104,826,427,12,343,751,1286,1182,223
2020,2,A,골목상권,1000208,천장산로7길,1507,887,620,1,143,268,481,414,200,1,46,118,281,284,157,0,97,150,200,130,43
2020,2,A,골목상권,1000207,제기로5길,935,590,345,1,67,174,296,222,175,1,33,90,177,153,136,0,34,84,119,69,39
2020,2,A,골목상권,1000206,제기로21길,2839,1722,1117,3,462,786,682,637,269,2,167,399,457,465,232,1,295,387,225,172,37
2020,2,A,골목상권,1000205,전농로4길,4531,3351,1180,21,816,1152,1084,816,642,20,613,873,800,557,488,1,203,279,284,259,154
2020,2,A,골목상권,1000204,전농로3길,5028,2106,2922,6,712,1005,1480,1452,373,3,484,665,450,279,225,3,228,340,1030,1173,148
2020,2,A,골목상권,1000203,전농로29길,2714,1526,1188,4,365,562,704,736,343,1,149,259,429,454,234,3,216,303,275,282,109
2020,2,A,골목상권,1000202,장한로8길,5023,3212,1811,13,542,925,1072,1109,1362,9,274,576,665,701,987,4,268,349,407,408,375
2020,2,A,골목상권,1000201,장한로5길,5323,3412,1911,16,511,879,1104,1211,1602,12,281,571,744,755,1049,4,230,308,360,456,553
2020,2,A,골목상권,1000200,장한로27길,5011,2537,2474,51,1855,967,882,799,457,31,974,542,372,353,265,20,881,425,510,446,192
2020,2,A,골목상권,1000199,장한로27가길,5462,2697,2765,50,1892,1073,1078,938,431,31,977,583,448,388,270,19,915,490,630,550,161
2020,2,A,골목상권,1000198,장한로26길,4475,2559,1916,13,776,1044,1177,953,512,9,415,600,587,556,392,4,361,444,590,397,120
2020,2,A,골목상권,1000197,장한로26가길,3157,1546,1611,2,436,691,837,757,434,1,156,334,371,389,295,1,280,357,466,368,139
2020,2,A,골목상권,1000196,장한로25길,2822,1232,1590,11,422,622,742,672,353,8,155,291,285,291,202,3,267,331,457,381,151
2020,2,A,골목상권,1000195,장한로14길,2657,1721,936,1,344,567,590,714,441,0,183,363,374,464,337,1,161,204,216,250,104
2020,2,A,골목상권,1000194,이문로42길,1875,896,979,2,236,373,458,469,337,1,77,189,213,209,207,1,159,184,245,260,130
2020,2,A,골목상권,1000193,왕산로43길,2884,1522,1362,2,423,750,539,578,592,2,174,472,259,286,329,0,249,278,280,292,263
2020,2,A,골목상권,1000192,왕산로33길,1277,685,592,3,165,207,251,351,300,2,71,118,146,162,186,1,94,89,105,189,114
2020,2,A,골목상권,1000191,왕산로32길,2790,1398,1392,4,356,682,704,775,269,3,136,293,297,488,181,1,220,389,407,287,88
2020,2,A,골목상권,1000190,약령시로17길,1197,647,550,0,100,194,256,364,283,0,47,96,132,171,201,0,53,98,124,193,82
2020,2,A,골목상권,1000189,서울시립대로4길,1374,920,454,5,205,281,370,322,191,3,135,171,236,225,150,2,70,110,134,97,41
2020,2,A,골목상권,1000188,서울시립대로29길,2817,1495,1322,5,375,592,640,678,527,2,120,239,337,390,407,3,255,353,303,288,120
2020,2,A,골목상권,1000187,서울시립대로16길,1212,705,507,2,157,239,338,315,161,1,73,132,206,200,93,1,84,107,132,115,68
2020,2,A,골목상권,1000186,사가정로2길,5921,2739,3182,6,842,1281,1651,1543,598,1,558,846,593,346,395,5,284,435,1058,1197,203
2020,2,A,골목상권,1000185,사가정로23가길,2757,1624,1133,7,243,514,745,769,479,4,107,272,387,451,403,3,136,242,358,318,76
2020,2,A,골목상권,1000184,사가정로13길,3844,2135,1709,3,409,833,1054,1019,526,1,191,398,597,596,352,2,218,435,457,423,174
2020,2,A,골목상권,1000183,무학로45길,3892,2514,1378,6,635,942,861,797,651,1,265,586,560,574,528,5,370,356,301,223,123
2020,2,A,골목상권,1000182,무학로16길,6673,4996,1677,44,537,1158,1534,2228,1172,30,339,869,1214,1655,889,14,198,289,320,573,283
2020,2,A,골목상권,1000181,망우로21길,2985,1539,1446,4,476,624,771,769,341,1,138,335,448,437,180,3,338,289,323,332,161
2020,2,A,골목상권,1000180,망우로18길,3637,1908,1729,3,523,764,946,984,417,1,160,354,548,589,256,2,363,410,398,395,161
2020,2,A,골목상권,1000179,망우로18가길,1678,939,739,2,157,343,451,474,251,0,74,131,251,308,175,2,83,212,200,166,76
2020,2,A,골목상권,1000178,답십리로72길,4692,2705,1987,14,840,1135,1265,971,467,10,456,674,650,563,352,4,384,461,615,408,115
2020,2,A,골목상권,1000177,답십리로69길,2975,1406,1569,4,394,595,796,749,437,2,133,276,322,362,311,2,261,319,474,387,126
2020,2,A,골목상권,1000176,답십리로68길,4296,2087,2209,10,547,830,982,1006,921,9,238,431,475,481,453,1,309,399,507,525,468
2020,2,A,골목상권,1000175,답십리로64길,3592,1860,1732,14,351,550,734,948,995,11,178,315,412,456,488,3,173,235,322,492,507
2020,2,A,골목상권,1000174,답십리로63길,3950,2081,1869,49,1679,741,663,541,277,31,917,445,284,227,177,18,762,296,379,314,100
2020,2,A,골목상권,1000173,답십리로60길,2814,1528,1286,10,218,367,546,730,943,8,104,213,339,376,488,2,114,154,207,354,455
2020,2,A,골목상권,1000172,답십리로56길,1642,966,676,7,193,331,415,414,282,5,84,182,226,261,208,2,109,149,189,153,74
2020,2,A,골목상권,1000171,답십리로23길,621,354,267,0,53,109,142,155,162,0,36,69,95,81,73,0,17,40,47,74,89
2020,2,A,골목상권,1000170,난계로30길,11888,6465,5423,26,1011,2333,3278,3040,2200,15,518,1425,1712,1450,1345,11,493,908,1566,1590,855
2020,2,A,골목상권,1000169,경희대로4길,2471,851,1620,1,635,796,539,319,181,1,118,263,205,132,132,0,517,533,334,187,49
2020,2,A,골목상권,1000168,경희대로3길,1887,985,902,3,421,627,363,278,195,2,150,306,216,169,142,1,271,321,147,109,53
2020,2,A,골목상권,1000167,천호대로129길,4015,2458,1557,57,613,763,1054,994,534,25,326,456,705,595,351,32,287,307,349,399,183
2020,2,A,골목상권,1000166,천호대로123길,3663,2023,1640,12,472,752,948,854,625,4,247,428,501,410,433,8,225,324,447,444,192
2020,2,A,골목상권,1000165,천호대로109길,4122,2443,1679,12,675,953,1056,806,620,7,368,568,606,448,446,5,307,385,450,358,174
2020,2,A,골목상권,1000164,자양번영로3길,2410,1751,659,5,268,492,717,699,229,3,184,349,521,521,173,2,84,143,196,178,56
2020,2,A,골목상권,1000163,자양로53길,3133,1922,1211,7,338,584,936,852,416,3,155,354,590,521,299,4,183,230,346,331,117
2020,2,A,골목상권,1000162,자양로50길,3389,2111,1278,55,516,563,871,921,463,24,288,333,588,579,299,31,228,230,283,342,164
2020,2,A,골목상권,1000161,자양로45길,3528,1956,1572,18,389,699,906,884,632,8,170,399,508,438,433,10,219,300,398,446,199
2020,2,A,골목상권,1000160,자양로26길,11120,9301,1819,8,645,1498,3166,4721,1082,7,395,1137,2640,4179,943,1,250,361,526,542,139
2020,2,A,골목상권,1000159,자양로15길,14033,10711,3322,15,963,2057,3878,5600,1520,11,438,1259,3031,4713,1259,4,525,798,847,887,261
2020,2,A,골목상권,1000158,자양로11길,4146,2273,1873,13,510,846,1120,1097,560,9,194,432,630,617,391,4,316,414,490,480,169
2020,2,A,골목상권,1000157,용마산로3길,3963,2259,1704,12,592,827,1025,859,648,4,333,474,558,438,452,8,259,353,467,421,196
2020,2,A,골목상권,1000156,용마산로21길,3266,1755,1511,52,500,666,824,773,451,6,177,324,426,465,357,46,323,342,398,308,94
2020,2,A,골목상권,1000155,아차산로78길,13980,8708,5272,179,4372,3794,2639,2038,958,56,2128,2558,1845,1418,703,123,2244,1236,794,620,255
2020,2,A,골목상권,1000154,아차산로65길,5416,3292,2124,9,825,1240,1171,1078,1093,3,489,877,821,559,543,6,336,363,350,519,550
2020,2,A,골목상권,1000153,아차산로55길,6399,3241,3158,11,462,1050,1872,2133,871,8,211,550,1006,966,500,3,251,500,866,1167,371
2020,2,A,골목상권,1000152,아차산로51길,14145,10878,3267,14,898,2236,3957,5628,1412,11,462,1418,3051,4759,1177,3,436,818,906,869,235
2020,2,A,골목상권,1000151,아차산로40길,2465,1497,968,8,381,560,656,533,327,5,188,318,401,323,262,3,193,242,255,210,65
2020,2,A,골목상권,1000150,면목로17길,1926,1424,502,3,185,382,468,611,277,0,108,283,338,487,208,3,77,99,130,124,69
2020,2,A,골목상권,1000149,뚝섬로64길,3109,1715,1394,4,279,676,816,901,433,1,128,384,446,452,304,3,151,292,370,449,129
2020,2,A,골목상권,1000148,뚝섬로58길,3129,1834,1295,13,357,640,850,913,356,9,224,372,481,482,266,4,133,268,369,431,90
2020,2,A,골목상권,1000147,뚝섬로54길,2167,1408,759,14,469,477,538,459,210,10,355,322,305,250,166,4,114,155,233,209,44
2020,2,A,골목상권,1000146,뚝섬로48길,2096,1462,634,7,385,414,538,518,234,4,273,293,365,350,177,3,112,121,173,168,57
2020,2,A,골목상권,1000145,뚝섬로24길,764,520,244,5,87,139,162,166,205,4,47,93,102,107,167,1,40,46,60,59,38
2020,2,A,골목상권,1000144,뚝섬로23길,1254,788,466,9,148,237,279,287,294,8,75,133,167,179,226,1,73,104,112,108,68
2020,2,A,골목상권,1000143,동일로24길,3094,2015,1079,13,419,693,812,642,515,6,211,440,547,411,400,7,208,253,265,231,115
2020,2,A,골목상권,1000142,동일로18길,4424,2913,1511,26,523,877,1104,1066,828,20,262,551,712,743,625,6,261,326,392,323,203
2020,2,A,골목상권,1000141,능동로4길,2258,1685,573,7,267,584,648,542,210,2,189,451,491,398,154,5,78,133,157,144,56
2020,2,A,골목상권,1000140,능동로3길,2129,1681,448,9,225,532,590,525,248,5,165,433,476,408,194,4,60,99,114,117,54
2020,2,A,골목상권,1000139,능동로34길,4493,2629,1864,9,675,1001,1143,949,716,4,373,577,667,509,499,5,302,424,476,440,217
2020,2,A,골목상권,1000138,능동로19길,1993,1264,729,2,200,302,497,650,342,0,76,165,320,437,266,2,124,137,177,213,76
2020,2,A,골목상권,1000137,능동로13길,4553,2803,1750,7,669,1058,1229,1063,527,3,315,632,803,641,409,4,354,426,426,422,118
2020,2,A,골목상권,1000136,긴고랑로9길,1980,983,997,53,378,344,489,433,283,6,118,181,232,239,207,47,260,163,257,194,76
2020,2,A,골목상권,1000135,긴고랑로8길,5420,2611,2809,79,1401,1029,1086,1266,559,25,598,551,538,502,397,54,803,478,548,764,162
2020,2,A,골목상권,1000134,긴고랑로7길,3060,1768,1292,53,541,661,682,674,449,6,214,383,383,426,356,47,327,278,299,248,93
2020,2,A,골목상권,1000133,긴고랑로20길,3283,1719,1564,57,615,678,815,706,412,10,280,394,410,366,259,47,335,284,405,340,153
2020,2,A,골목상권,1000132,광나루로52길,9838,5349,4489,11,1019,1942,2434,2779,1653,6,585,1271,1501,1178,808,5,434,671,933,1601,845
2020,2,A,골목상권,1000131,광나루로40길,1969,1079,890,3,238,444,549,492,243,1,97,227,302,276,176,2,141,217,247,216,67
2020,2,A,골목상권,1000130,광나루로37길,1980,1078,902,2,219,408,502,523,326,1,76,190,254,301,256,1,143,218,248,222,70
2020,2,A,골목상권,1000129,광나루로36길,2682,1763,919,3,398,720,634,630,297,1,216,459,407,436,244,2,182,261,227,194,53
2020,2,A,골목상권,1000128,광나루로24길,1255,912,343,2,99,164,339,443,208,0,47,108,239,342,176,2,52,56,100,101,32
2020,2,A,골목상권,1000127,광나루로12길,3398,1952,1446,4,531,874,868,700,421,1,268,518,526,340,299,3,263,356,342,360,122
2020,2,A,골목상권,1000126,한림말길,13906,9816,4090,21,1965,4373,4011,2983,553,15,733,2938,3234,2518,378,6,1232,1435,777,465,175
2020,2,A,골목상권,1000125,한림말3길,4514,1697,2817,5,1162,1329,1012,717,289,0,285,463,467,332,150,5,877,866,545,385,139
2020,2,A,골목상권,1000124,청계천로10나길,8716,5845,2871,46,796,1707,2077,2834,1256,33,441,1062,1400,2005,904,13,355,645,677,829,352
2020,2,A,골목상권,1000123,장터길,934,408,526,1,110,227,249,238,109,0,28,86,114,112,68,1,82,141,135,126,41
2020,2,A,골목상권,1000122,용답중앙길,5789,2733,3056,7,815,1244,1633,1519,571,2,560,857,601,343,370,5,255,387,1032,1176,201
2020,2,A,골목상권,1000121,용답29길,8662,5091,3571,27,1495,2040,2283,1941,876,22,1118,1520,1135,669,627,5,377,520,1148,1272,249
2020,2,A,골목상권,1000120,왕십리로6길,7264,4704,2560,27,1259,1744,1605,1402,1227,19,714,1132,1034,944,861,8,545,612,571,458,366
2020,2,A,골목상권,1000119,왕십리로31길,3548,2008,1540,18,697,788,769,756,520,6,205,443,526,502,326,12,492,345,243,254,194
2020,2,A,골목상권,1000118,왕십리로26길,6654,3331,3323,18,1042,1228,1446,1783,1137,4,381,706,866,893,481,14,661,522,580,890,656
2020,2,A,골목상권,1000117,왕십리로21길,1515,781,734,1,187,321,403,404,199,0,71,141,204,221,144,1,116,180,199,183,55
2020,2,A,골목상권,1000116,왕십리로14길,5086,3544,1542,18,769,999,1018,1140,1142,14,450,658,670,835,917,4,319,341,348,305,225
2020,2,A,골목상권,1000115,아차산로5길,9775,6281,3494,38,1502,2414,2298,1907,1616,25,865,1548,1526,1214,1103,13,637,866,772,693,513
2020,2,A,골목상권,1000114,아차산로15길,12223,8023,4200,52,1906,3102,3255,2484,1424,41,1007,2064,2204,1616,1091,11,899,1038,1051,868,333
2020,2,A,골목상권,1000113,아차산로11길,17999,11757,6242,66,3025,4638,4518,3640,2112,48,1693,3158,3070,2212,1576,18,1332,1480,1448,1428,536
2020,2,A,골목상권,1000112,송정4가길,5430,3327,2103,9,898,1444,1399,1020,660,3,455,898,890,601,480,6,443,546,509,419,180
2020,2,A,골목상권,1000111,송정12라길,841,408,433,1,94,153,198,229,166,0,29,73,91,109,106,1,65,80,107,120,60
2020,2,A,골목상권,1000110,성수일로6길,19921,12818,7103,79,3614,5323,4621,3601,2683,56,2042,3547,3112,2240,1821,23,1572,1776,1509,1361,862
2020,2,A,골목상권,1000109,성수이로7길,15268,9362,5906,70,3328,4144,3343,2613,1770,44,1645,2669,2210,1538,1256,26,1683,1475,1133,1075,514
2020,2,A,골목상권,1000108,성수이로18길,19110,12036,7074,144,3817,4756,4454,3682,2257,89,1922,3107,2991,2302,1625,55,1895,1649,1463,1380,632
2020,2,A,골목상권,1000107,성덕정길,2631,1722,909,3,239,473,607,782,527,2,125,317,393,540,345,1,114,156,214,242,182
2020,2,A,골목상권,1000106,성덕정17길,4785,3353,1432,79,805,1244,1217,956,484,39,481,882,887,680,384,40,324,362,330,276,100
2020,2,A,골목상권,1000105,서울숲2길,2591,1654,937,5,386,534,625,594,447,4,159,321,384,419,367,1,227,213,241,175,80
2020,2,A,골목상권,1000104,상원길,7684,5001,2683,33,1293,1930,1773,1442,1213,23,766,1276,1185,958,793,10,527,654,588,484,420
2020,2,A,골목상권,1000103,상원12길,4697,3328,1369,19,695,908,930,1048,1097,14,419,634,651,746,864,5,276,274,279,302,233
2020,2,A,골목상권,1000102,사근동길,2512,1782,730,2,144,443,815,743,365,2,54,289,563,579,295,0,90,154,252,164,70
2020,2,A,골목상권,1000101,무학봉길,1081,535,546,1,139,248,287,259,147,1,52,115,138,124,105,0,87,133,149,135,42
2020,2,A,골목상권,1000100,무학봉28길,3725,2164,1561,12,559,795,870,897,592,2,212,465,548,574,363,10,347,330,322,323,229
2020,2,A,골목상권,1000099,무학로6길,5587,2607,2980,19,915,985,1139,1446,1083,4,332,567,644,620,440,15,583,418,495,826,643
2020,2,A,골목상권,1000098,무수막길,679,380,299,0,75,129,163,160,152,0,25,60,89,90,116,0,50,69,74,70,36
2020,2,A,골목상권,1000097,매봉길,1094,570,524,1,102,264,300,308,119,0,29,126,178,163,74,1,73,138,122,145,45
2020,2,A,골목상권,1000096,마조로1길,3520,2522,998,0,245,654,1049,1086,486,0,99,435,752,862,374,0,146,219,297,224,112
2020,2,A,골목상권,1000095,마조로16길,1505,918,587,1,177,277,358,417,275,1,78,162,206,264,207,0,99,115,152,153,68
2020,2,A,골목상권,1000094,마장로39길,1481,987,494,1,145,233,349,437,316,1,87,154,216,291,238,0,58,79,133,146,78
2020,2,A,골목상권,1000093,마장로27길,8509,5092,3417,39,917,1342,1816,2804,1591,29,425,861,1213,1670,894,10,492,481,603,1134,697
2020,2,A,골목상권,1000092,뚝섬로5길,8814,5702,3112,35,1634,2623,2123,1448,951,20,875,1689,1433,989,696,15,759,934,690,459,255
2020,2,A,골목상권,1000091,둘레9길,3374,2333,1041,7,364,796,895,832,480,5,211,628,643,554,292,2,153,168,252,278,188
2020,2,A,골목상권,1000090,금호산길,1475,833,642,2,190,354,362,303,264,2,63,180,206,184,198,0,127,174,156,119,66
2020,2,A,골목상권,1000089,금호산2길,2853,1176,1677,16,339,857,1053,394,194,1,108,294,448,187,138,15,231,563,605,207,56
2020,2,A,골목상권,1000088,고산자로6길,4971,2984,1987,12,659,1084,1372,1214,630,2,206,570,863,850,493,10,453,514,509,364,137
2020,2,A,골목상권,1000087,후암로28길,3499,2332,1167,5,330,605,1151,1006,402,4,135,345,844,725,279,1,195,260,307,281,123
2020,2,A,골목상권,1000086,효창원로39길,6649,4579,2070,21,1208,1796,1823,1289,512,14,670,1302,1313,906,374,7,538,494,510,383,138
2020,2,A,골목상권,1000085,회나무로13길,1052,594,458,2,137,281,267,205,160,0,63,144,136,121,130,2,74,137,131,84,30
2020,2,A,골목상권,1000084,한남대로20길,18863,14261,4602,39,2876,5155,4808,5107,878,31,1410,3407,3963,4709,741,8,1466,1748,845,398,137
2020,2,A,골목상권,1000083,한강대로88길,3952,1815,2137,11,649,1471,1056,506,259,4,167,568,572,327,177,7,482,903,484,179,82
2020,2,A,골목상권,1000082,한강대로7길,9300,5247,4053,15,1043,2286,3042,2124,790,7,453,1206,1646,1405,530,8,590,1080,1396,719,260
2020,2,A,골목상권,1000081,한강대로62길,15932,7729,8203,61,3485,5114,4374,2273,625,30,1377,2333,2253,1355,381,31,2108,2781,2121,918,244
2020,2,A,골목상권,1000080,한강대로52길,25834,9922,15912,128,6440,8327,7146,2984,809,54,2309,3034,2590,1432,503,74,4131,5293,4556,1552,306
2020,2,A,골목상권,1000079,한강대로43길,27127,10372,16755,153,7139,9391,7217,2423,804,71,2574,3620,2609,980,518,82,4565,5771,4608,1443,286
2020,2,A,골목상권,1000078,한강대로15길,8277,4527,3750,11,827,1963,2797,1995,684,6,309,971,1448,1323,470,5,518,992,1349,672,214
2020,2,A,골목상권,1000077,한강대로104길,36052,21422,14630,180,11153,11590,7342,3944,1843,24,3407,7445,5886,3240,1420,156,7746,4145,1456,704,423
2020,2,A,골목상권,1000076,청파로73길,4721,2547,2174,10,913,1365,965,784,684,5,300,628,566,511,537,5,613,737,399,273,147
2020,2,A,골목상권,1000075,청파로71길,6797,3510,3287,8,1504,1964,1330,1123,868,3,431,888,775,731,682,5,1073,1076,555,392,186
2020,2,A,골목상권,1000074,청파로47나길,6480,3174,3306,11,1149,1831,1425,1178,886,6,301,709,739,749,670,5,848,1122,686,429,216
2020,2,A,골목상권,1000073,청파로47길,7345,4142,3203,31,1393,2513,1795,1096,517,14,618,1336,1078,735,361,17,775,1177,717,361,156
2020,2,A,골목상권,1000072,장문로45길,4115,2951,1164,32,578,1180,1192,829,304,22,313,825,916,643,232,10,265,355,276,186,72
2020,2,A,골목상권,1000071,이태원로54길,12930,8355,4575,42,2700,4776,3105,1813,494,23,1251,2857,2315,1566,343,19,1449,1919,790,247,151
2020,2,A,골목상권,1000070,이태원로27길,17872,8709,9163,49,4899,6777,3836,1789,522,28,1439,3078,2376,1391,397,21,3460,3699,1460,398,125
2020,2,A,골목상권,1000069,이촌로22길,3232,2176,1056,11,493,860,915,676,277,4,252,552,689,507,172,7,241,308,226,169,105
2020,2,A,골목상권,1000068,원효로89길,8896,6141,2755,41,1655,2966,2333,1332,569,16,888,1947,1799,1072,419,25,767,1019,534,260,150
2020,2,A,골목상권,1000067,원효로53길,5634,3975,1659,25,859,1695,1558,892,605,18,526,1240,1133,617,441,7,333,455,425,275,164
2020,2,A,골목상권,1000066,원효로41길,6829,4947,1882,28,1098,2181,1898,1182,442,15,626,1544,1466,944,352,13,472,637,432,238,90
2020,2,A,골목상권,1000065,원효로19길,8012,5809,2203,31,1316,2537,2176,1373,579,15,750,1802,1695,1091,456,16,566,735,481,282,123
2020,2,A,골목상권,1000064,우사단로4길,2880,1830,1050,3,448,948,794,491,196,2,133,579,586,385,145,1,315,369,208,106,51
2020,2,A,골목상권,1000063,우사단로14길,5875,3406,2469,31,1371,2016,1430,723,304,16,503,1093,1025,555,214,15,868,923,405,168,90
2020,2,A,골목상권,1000062,우사단로10길,4890,2621,2269,26,907,1656,1262,703,336,10,249,845,824,501,192,16,658,811,438,202,144
2020,2,A,골목상권,1000061,신흥로20길,2563,1659,904,2,324,477,813,752,195,2,118,274,586,545,134,0,206,203,227,207,61
2020,2,A,골목상권,1000060,소월로20길,2112,1428,684,0,196,392,707,673,144,0,77,220,527,502,102,0,119,172,180,171,42
2020,2,A,골목상권,1000059,서빙고로71길,5642,3293,2349,2,725,1658,2088,833,336,0,250,673,1464,674,232,2,475,985,624,159,104
2020,2,A,골목상권,1000058,백범로90길,5637,3729,1908,38,1004,1627,1387,992,589,23,564,1101,985,658,398,15,440,526,402,334,191
2020,2,A,골목상권,1000057,백범로79길,4502,2899,1603,22,667,1156,1105,895,657,13,361,755,740,584,446,9,306,401,365,311,211
2020,2,A,골목상권,1000056,두텁바위로1길,8157,4692,3465,19,1343,2358,2180,1545,712,8,412,1114,1467,1139,552,11,931,1244,713,406,160
2020,2,A,골목상권,1000055,대사관로34길,5784,4038,1746,52,932,1551,1468,1050,731,39,528,1057,1090,782,542,13,404,494,378,268,189
2020,2,A,골목상권,1000054,녹사평대로46길,9993,4025,5968,16,3300,4161,1822,524,170,5,776,1717,997,398,132,11,2524,2444,825,126,38
2020,2,A,골목상권,1000053,녹사평대로40나길,2385,1253,1132,6,316,719,598,567,179,5,113,319,313,371,132,1,203,400,285,196,47
2020,2,A,골목상권,1000052,녹사평대로32길,2868,1497,1371,14,486,847,659,621,241,11,177,375,350,402,182,3,309,472,309,219,59
2020,2,A,골목상권,1000051,녹사평대로26길,6173,3582,2591,31,1164,1704,1560,1176,538,18,527,929,944,791,373,13,637,775,616,385,165
2020,2,A,골목상권,1000050,녹사평대로11길,2064,1125,939,2,295,517,651,378,221,0,90,266,388,247,134,2,205,251,263,131,87
2020,2,A,골목상권,1000049,퇴계로90길,2340,1262,1078,6,384,594,555,454,347,6,172,281,281,269,253,0,212,313,274,185,94
2020,2,A,골목상권,1000048,퇴계로8길,40352,22269,18083,168,7554,13382,11011,6350,1887,49,3063,7131,6203,4612,1211,119,4491,6251,4808,1738,676
2020,2,A,골목상권,1000047,퇴계로56길,46130,22957,23173,475,13559,12158,9834,7281,2823,195,6451,7253,5636,2525,897,280,7108,4905,4198,4756,1926
2020,2,A,골목상권,1000046,퇴계로46길,7358,4531,2827,39,1345,1788,1912,1395,879,20,585,1039,1276,967,644,19,760,749,636,428,235
2020,2,A,골목상권,1000045,퇴계로18길,21805,10426,11379,69,3104,6809,7093,3775,955,11,996,3010,3117,2725,567,58,2108,3799,3976,1050,388
2020,2,A,골목상권,1000044,퇴계로12길,26422,13011,13411,140,4810,8216,7892,4320,1044,42,1706,3903,3780,2936,644,98,3104,4313,4112,1384,400
2020,2,A,골목상권,1000043,청구로1길,3640,1960,1680,6,508,951,871,792,512,3,172,478,531,479,297,3,336,473,340,313,215
2020,2,A,골목상권,1000042,청구로17길,8635,4699,3936,17,1623,2359,2025,1733,878,6,591,1271,1211,1044,576,11,1032,1088,814,689,302
2020,2,A,골목상권,1000041,장충단로8길,11253,6178,5075,32,1960,3119,3017,2360,765,5,686,1825,1809,1370,483,27,1274,1294,1208,990,282
2020,2,A,골목상권,1000040,삼일대로4길,30429,16439,13990,112,5902,9352,8151,4979,1933,33,2050,5138,4755,3182,1281,79,3852,4214,3396,1797,652
2020,2,A,골목상권,1000039,명동길,71495,34548,36947,303,20557,24257,14903,9392,2083,97,6091,10970,9400,6561,1429,206,14466,13287,5503,2831,654
2020,2,A,골목상권,1000038,동호로8길,4658,2510,2148,13,958,1262,1054,838,533,5,331,731,664,442,337,8,627,531,390,396,196
2020,2,A,골목상권,1000037,동호로20길,12817,6753,6064,45,2550,3524,3201,2598,899,8,851,1970,1848,1463,613,37,1699,1554,1353,1135,286
2020,2,A,골목상권,1000036,동호로15길,7812,4287,3525,16,1500,2148,1861,1562,725,7,567,1144,1111,952,506,9,933,1004,750,610,219
2020,2,A,골목상권,1000035,동호로11길,5028,3300,1728,12,759,1711,1310,878,358,3,388,1211,937,531,230,9,371,500,373,347,128
2020,2,A,골목상권,1000034,동호로10길,6836,3723,3113,17,1312,1820,1519,1314,854,6,483,1029,936,745,524,11,829,791,583,569,330
2020,2,A,골목상권,1000033,다산로39길,2618,1371,1247,9,425,591,630,561,402,2,144,273,347,330,275,7,281,318,283,231,127
2020,2,A,골목상권,1000032,다산로38길,2273,1114,1159,11,398,551,534,446,333,4,128,219,275,260,228,7,270,332,259,186,105
2020,2,A,골목상권,1000031,다산로36길,2442,1186,1256,5,357,635,640,491,314,4,106,262,333,271,210,1,251,373,307,220,104
2020,2,A,골목상권,1000030,다산로33길,5574,2897,2677,12,790,1334,1468,1445,525,4,266,632,791,863,341,8,524,702,677,582,184
2020,2,A,골목상권,1000029,난계로21길,3313,1971,1342,13,399,606,723,744,828,12,216,362,413,456,512,1,183,244,310,288,316
2020,2,A,골목상권,1000028,난계로11길,2321,1306,1015,5,366,628,595,452,275,4,181,347,311,260,203,1,185,281,284,192,72
2020,2,A,골목상권,1000027,필운대로1길,4413,1985,2428,11,618,710,826,1256,992,4,322,378,383,434,464,7,296,332,443,822,528
2020,2,A,골목상권,1000026,평창길,13893,6673,7220,18,1203,3748,5345,2958,621,9,486,1608,2803,1418,349,9,717,2140,2542,1540,272
2020,2,A,골목상권,1000025,통일로12길,1099,504,595,9,253,305,259,176,97,8,83,129,128,87,69,1,170,176,131,89,28
2020,2,A,골목상권,1000024,창신길,773,266,507,2,118,150,173,195,135,1,25,45,76,70,49,1,93,105,97,125,86
2020,2,A,골목상권,1000023,창신5길,1560,587,973,2,184,311,477,360,226,1,43,101,156,150,136,1,141,210,321,210,90
2020,2,A,골목상권,1000022,창신2길,901,410,491,3,106,169,222,210,191,1,27,58,107,106,111,2,79,111,115,104,80
2020,2,A,골목상권,1000021,창경궁로35길,5813,2758,3055,27,756,1319,1559,1342,810,17,245,562,760,705,469,10,511,757,799,637,341
2020,2,A,골목상권,1000020,지봉로8길,1900,811,1089,4,226,368,551,466,285,0,63,141,194,232,181,4,163,227,357,234,104
2020,2,A,골목상권,1000019,종로65길,4112,2215,1897,6,318,483,752,966,1587,0,109,241,412,484,969,6,209,242,340,482,618
2020,2,A,골목상권,1000018,종로58가길,2197,954,1243,7,359,425,597,483,326,7,105,157,231,243,211,0,254,268,366,240,115
2020,2,A,골목상권,1000017,종로24길,6369,4113,2256,22,689,1588,1642,1347,1081,5,312,969,1103,899,825,17,377,619,539,448,256
2020,2,A,골목상권,1000016,자하문로7길,9639,6195,3444,47,1451,2302,2548,2135,1156,2,887,1634,1874,1195,603,45,564,668,674,940,553
2020,2,A,골목상권,1000015,이화장길,11255,7059,4196,21,2049,3568,2887,1860,870,4,844,2133,2040,1452,586,17,1205,1435,847,408,284
2020,2,A,골목상권,1000014,율곡로16길,10582,6889,3693,19,1923,3337,2847,1794,662,3,808,2083,2079,1460,456,16,1115,1254,768,334,206
2020,2,A,골목상권,1000013,율곡로10길,16455,12606,3849,19,1992,5454,4925,3014,1051,7,1161,4109,3995,2506,828,12,831,1345,930,508,223
2020,2,A,골목상권,1000012,옥인길,2008,1072,936,38,440,518,405,385,222,0,140,256,250,258,168,38,300,262,155,127,54
2020,2,A,골목상권,1000011,숭인동길,8281,3317,4964,7,870,1349,1601,2113,2341,0,245,580,725,633,1134,7,625,769,876,1480,1207
2020,2,A,골목상권,1000010,성균관로5길,1914,1040,874,15,346,469,424,374,286,11,118,211,252,253,195,4,228,258,172,121,91
2020,2,A,골목상권,1000009,삼청로5길,8686,7310,1376,1,1103,2426,2948,1866,342,0,848,1946,2550,1663,303,1,255,480,398,203,39
2020,2,A,골목상권,1000008,북촌로5나길,9434,7676,1758,1,1173,2620,3126,2003,511,0,866,2010,2638,1731,431,1,307,610,488,272,80
2020,2,A,골목상권,1000007,북촌로5길,9139,7323,1816,3,1312,2611,2919,1877,417,1,890,2027,2453,1603,349,2,422,584,466,274,68
2020,2,A,골목상권,1000006,북촌로11길,14654,11573,3081,5,1601,4779,4375,2998,896,5,968,3687,3606,2584,723,0,633,1092,769,414,173
2020,2,A,골목상권,1000005,백석동길,4252,2472,1780,18,780,1347,1116,729,262,8,313,748,710,510,183,10,467,599,406,219,79
2020,2,A,골목상권,1000004,명륜길,1696,957,739,11,323,483,360,296,223,11,133,250,224,177,162,0,190,233,136,119,61
2020,2,A,골목상권,1000003,돈화문로11가길,39506,26181,13325,1279,10020,10738,9145,5958,2366,597,5207,7310,6817,4624,1626,682,4813,3428,2328,1334,740
2020,2,A,골목상권,1000002,난계로27길,11773,6288,5485,24,1005,2306,3308,3030,2100,14,498,1408,1718,1410,1240,10,507,898,1590,1620,860
2020,2,A,골목상권,1000001,계동길,13700,10172,3528,7,1421,4634,4218,2628,792,6,720,3381,3297,2165,603,1,701,1253,921,463,189
2020,1,A,골목상권,1001010,풍성로37가길,2748,1678,1070,6,410,594,684,640,414,2,264,372,393,389,258,4,146,222,291,251,156
2020,1,A,골목상권,1001009,천호옛길,6064,3635,2429,9,803,1428,1488,1645,691,5,447,723,830,1088,542,4,356,705,658,557,149
2020,1,A,골목상권,1001008,천호옛14길,2503,1310,1193,8,459,534,594,535,373,2,250,263,287,285,223,6,209,271,307,250,150
2020,1,A,골목상권,1001007,천호대로219길,966,662,304,0,107,187,231,268,173,0,53,131,167,183,128,0,54,56,64,85,45
2020,1,A,골목상권,1001006,천호대로197길,2122,1190,932,2,260,374,420,580,486,2,147,232,225,279,305,0,113,142,195,301,181
2020,1,A,골목상권,1001005,천호대로187길,4336,2078,2258,11,515,786,1018,1163,843,6,222,426,507,425,492,5,293,360,511,738,351
2020,1,A,골목상권,1001004,천호대로170길,5760,3089,2671,12,898,999,1127,1075,1649,7,329,496,608,593,1056,5,569,503,519,482,593
2020,1,A,골목상권,1001003,천호대로162길,3635,2072,1563,6,405,532,675,667,1350,2,221,281,341,374,853,4,184,251,334,293,497
2020,1,A,골목상권,1001002,천중로51길,3276,1938,1338,7,333,588,749,854,745,4,166,368,422,485,493,3,167,220,327,369,252
2020,1,A,골목상권,1001001,천중로39길,3291,2040,1251,8,289,596,840,816,742,3,142,371,504,519,501,5,147,225,336,297,241
2020,1,A,골목상권,1001000,진황도로47길,4044,1908,2136,15,481,761,994,1016,777,9,197,423,509,354,416,6,284,338,485,662,361
2020,1,A,골목상권,1000999,진황도로27길,5557,2819,2738,10,881,1020,1035,997,1614,7,261,431,524,506,1090,3,620,589,511,491,524
2020,1,A,골목상권,1000998,올림픽로98길,2188,1168,1020,1,236,349,409,380,813,1,88,201,227,228,423,0,148,148,182,152,390
2020,1,A,골목상권,1000997,올림픽로80길,1647,861,786,4,168,286,360,392,437,4,68,126,160,184,319,0,100,160,200,208,118
2020,1,A,골목상권,1000996,올림픽로78길,1673,923,750,7,229,286,342,370,439,5,101,146,176,191,304,2,128,140,166,179,135
2020,1,A,골목상권,1000995,올림픽로77길,1824,1010,814,9,219,358,425,396,417,5,104,187,227,203,284,4,115,171,198,193,133
2020,1,A,골목상권,1000994,올림픽로71길,2045,1077,968,9,263,450,478,425,420,5,106,212,261,215,278,4,157,238,217,210,142
2020,1,A,골목상권,1000993,올림픽로48길,21487,15997,5490,42,2391,5926,5023,4923,3182,17,1466,4348,3830,3837,2499,25,925,1578,1193,1086,683
2020,1,A,골목상권,1000992,양재대로96길,3572,1944,1628,10,449,761,838,872,642,9,218,411,470,420,416,1,231,350,368,452,226
2020,1,A,골목상권,1000991,양재대로95길,3064,1793,1271,11,337,586,735,730,665,9,196,372,436,375,405,2,141,214,299,355,260
2020,1,A,골목상권,1000990,양재대로91길,3486,2089,1397,12,425,714,818,829,688,10,215,433,480,480,471,2,210,281,338,349,217
2020,1,A,골목상권,1000989,양재대로133길,3249,1749,1500,13,410,679,812,756,579,2,171,377,420,405,374,11,239,302,392,351,205
2020,1,A,골목상권,1000988,양재대로124길,3733,2287,1446,9,349,663,834,966,912,5,198,420,489,584,591,4,151,243,345,382,321
2020,1,A,골목상권,1000987,양재대로116길,3352,1569,1783,11,364,503,762,986,726,7,191,305,370,330,366,4,173,198,392,656,360
2020,1,A,골목상권,1000986,양재대로101길,6685,3123,3562,24,1129,1353,1558,1517,1104,16,409,696,804,594,604,8,720,657,754,923,500
2020,1,A,골목상권,1000985,암사길,3278,1991,1287,6,444,762,786,823,457,1,218,474,449,539,310,5,226,288,337,284,147
2020,1,A,골목상권,1000984,성안로3길,15719,10725,4994,40,1806,3158,3398,4069,3248,17,1034,1960,2222,2972,2520,23,772,1198,1176,1097,728
2020,1,A,골목상권,1000983,성내로5길,16714,12021,4693,34,1884,5324,4452,3456,1564,14,1096,3858,3287,2564,1202,20,788,1466,1165,892,362
2020,1,A,골목상권,1000982,상일로5길,919,604,315,0,106,183,229,254,147,0,47,119,155,173,110,0,59,64,74,81,37
2020,1,A,골목상권,1000981,상암로5길,4232,1886,2346,5,425,706,904,1038,1154,4,181,380,436,379,506,1,244,326,468,659,648
2020,1,A,골목상권,1000980,상암로51길,2115,953,1162,2,209,386,517,550,451,0,64,187,233,234,235,2,145,199,284,316,216
2020,1,A,골목상권,1000979,상암로4길,2356,1216,1140,3,226,414,513,435,765,2,78,218,271,230,417,1,148,196,242,205,348
2020,1,A,골목상권,1000978,상암로14길,2439,1204,1235,1,252,422,520,471,773,1,82,217,260,224,420,0,170,205,260,247,353
2020,1,A,골목상권,1000977,명일로13길,2370,1260,1110,4,305,501,494,543,523,2,127,257,264,260,350,2,178,244,230,283,173
2020,1,A,골목상권,1000976,동남로85길,1560,790,770,0,154,294,388,398,326,0,61,149,173,196,211,0,93,145,215,202,115
2020,1,A,골목상권,1000975,동남로82길,736,264,472,0,84,156,183,205,108,0,16,53,68,75,52,0,68,103,115,130,56
2020,1,A,골목상권,1000974,동남로65길,862,441,421,1,73,196,209,284,99,1,32,75,97,157,79,0,41,121,112,127,20
2020,1,A,골목상권,1000973,구천면로42길,2512,1353,1159,6,222,495,639,643,507,1,73,225,334,368,352,5,149,270,305,275,155
2020,1,A,골목상권,1000972,구천면로41길,2634,1431,1203,6,283,554,649,636,506,2,100,261,348,366,354,4,183,293,301,270,152
2020,1,A,골목상권,1000971,구천면로36길,1476,794,682,2,133,234,306,342,459,2,46,101,142,159,344,0,87,133,164,183,115
2020,1,A,골목상권,1000970,고덕로61길,1417,657,760,0,141,288,399,394,195,0,55,130,168,181,123,0,86,158,231,213,72
2020,1,A,골목상권,1000969,고덕로25길,1210,622,588,3,114,166,214,296,417,1,42,87,90,125,277,2,72,79,124,171,140
2020,1,A,골목상권,1000968,고덕로10길,3507,1517,1990,3,312,511,710,863,1108,2,130,290,342,281,472,1,182,221,368,582,636
2020,1,A,골목상권,1000967,강동대로53길,4393,2785,1608,8,584,1064,1191,921,625,7,323,676,750,580,449,1,261,388,441,341,176
2020,1,A,골목상권,1000966,풍성로25길,2354,1231,1123,7,336,468,530,628,385,4,169,231,267,285,275,3,167,237,263,343,110
2020,1,A,골목상권,1000965,오금로46길,5777,3859,1918,17,613,1012,1039,1099,1997,13,360,664,635,635,1552,4,253,348,404,464,445
2020,1,A,골목상권,1000964,오금로36길,8762,6025,2737,22,1512,2571,2168,1644,845,13,867,1818,1582,1082,663,9,645,753,586,562,182
2020,1,A,골목상권,1000963,오금로11길,24198,13753,10445,51,3788,6203,5486,5235,3435,31,2092,3996,3291,2449,1894,20,1696,2207,2195,2786,1541
2020,1,A,골목상권,1000962,양재대로72길,22772,16675,6097,27,2845,5403,5734,5267,3496,13,1686,3711,4373,4341,2551,14,1159,1692,1361,926,945
2020,1,A,골목상권,1000961,양재대로71길,7301,5438,1863,18,603,1437,1906,2042,1295,14,301,932,1471,1612,1108,4,302,505,435,430,187
2020,1,A,골목상권,1000960,양재대로64길,14088,7953,6135,35,1591,3150,3034,2441,3837,16,726,1837,1925,1220,2229,19,865,1313,1109,1221,1608
2020,1,A,골목상권,1000959,양재대로62길,14774,8253,6521,33,2326,3507,3049,2730,3129,12,943,1946,1867,1367,2118,21,1383,1561,1182,1363,1011
2020,1,A,골목상권,1000958,송파대로30길,22655,13112,9543,70,3001,5092,5005,4472,5015,28,1367,3050,3223,2434,3010,42,1634,2042,1782,2038,2005
2020,1,A,골목상권,1000957,송이로36길,5749,3648,2101,10,864,1367,1427,1263,818,5,510,914,930,680,609,5,354,453,497,583,209
2020,1,A,골목상권,1000956,송이로32길,39353,30162,9191,23,3382,6782,10667,14138,4361,9,1993,4877,8225,11982,3076,14,1389,1905,2442,2156,1285
2020,1,A,골목상권,1000955,송이로23길,14254,7809,6445,69,1826,3028,2781,2547,4003,32,814,1709,1647,1186,2421,37,1012,1319,1134,1361,1582
2020,1,A,골목상권,1000954,삼전로13길,14756,9769,4987,37,2148,3337,3761,3234,2239,19,1136,2194,2607,2186,1627,18,1012,1143,1154,1048,612
2020,1,A,골목상권,1000953,백제고분로50길,17443,9418,8025,47,2805,3940,3800,4087,2764,34,1485,2586,2121,1690,1502,13,1320,1354,1679,2397,1262
2020,1,A,골목상권,1000952,백제고분로46길,16523,11352,5171,68,2506,4002,4361,3846,1740,50,1316,2694,3250,2744,1298,18,1190,1308,1111,1102,442
2020,1,A,골목상권,1000951,백제고분로45길,15378,8720,6658,29,2384,3918,3571,3343,2133,12,1032,2304,2283,1836,1253,17,1352,1614,1288,1507,880
2020,1,A,골목상권,1000950,백제고분로42길,8516,5295,3221,17,1073,2000,1949,1793,1684,4,500,1337,1292,1070,1092,13,573,663,657,723,592
2020,1,A,골목상권,1000949,백제고분로39길,4895,3304,1591,2,549,1286,1258,951,849,0,318,940,865,559,622,2,231,346,393,392,227
2020,1,A,골목상권,1000948,백제고분로34길,5206,3412,1794,15,645,1084,1272,1218,972,11,361,715,831,757,737,4,284,369,441,461,235
2020,1,A,골목상권,1000947,백제고분로33길,5340,3787,1553,11,566,969,1248,992,1554,8,281,596,841,687,1374,3,285,373,407,305,180
2020,1,A,골목상권,1000946,백제고분로32길,6694,4371,2323,13,959,1465,1444,1505,1308,11,566,984,950,922,938,2,393,481,494,583,370
2020,1,A,골목상권,1000945,백제고분로31길,13652,9597,4055,33,1722,2774,3329,2729,3065,28,1019,1936,2383,1827,2404,5,703,838,946,902,661
2020,1,A,골목상권,1000944,백제고분로22길,5641,3796,1845,13,865,1427,1288,1128,920,3,501,1019,906,707,660,10,364,408,382,421,260
2020,1,A,골목상권,1000943,백제고분로21길,14733,9943,4790,35,2165,3401,3692,3281,2159,21,1190,2315,2645,2234,1538,14,975,1086,1047,1047,621
2020,1,A,골목상권,1000942,마천로51길,1842,1001,841,1,175,392,515,491,268,0,100,222,246,225,208,1,75,170,269,266,60
2020,1,A,골목상권,1000941,동남로20길,4695,2916,1779,21,772,1191,1068,1071,572,17,453,774,664,598,410,4,319,417,404,473,162
2020,1,A,골목상권,1000940,거마로20길,1829,931,898,2,188,363,494,501,281,0,86,175,205,240,225,2,102,188,289,261,56
2020,1,A,골목상권,1000939,학동로77길,18382,7897,10485,81,3931,5147,4568,2902,1753,37,1378,2278,1797,1338,1069,44,2553,2869,2771,1564,684
2020,1,A,골목상권,1000938,학동로6길,12693,8132,4561,39,2720,4024,2934,1885,1091,26,1436,2695,2021,1219,735,13,1284,1329,913,666,356
2020,1,A,골목상권,1000937,학동로56길,14387,8425,5962,60,3263,4261,3139,2227,1437,29,1360,2374,2131,1487,1044,31,1903,1887,1008,740,393
2020,1,A,골목상권,1000936,학동로38길,25586,17465,8121,61,4794,7446,6044,3990,3251,17,2220,4888,4642,3174,2524,44,2574,2558,1402,816,727
2020,1,A,골목상권,1000935,테헤란로81길,55909,34430,21479,144,10080,21280,15399,6515,2491,56,4006,12817,11385,4644,1522,88,6074,8463,4014,1871,969
2020,1,A,골목상권,1000934,일원로9길,11032,3873,7159,31,3251,3561,2242,1333,614,3,670,1250,888,634,428,28,2581,2311,1354,699,186
2020,1,A,골목상권,1000933,일원로3길,3277,1943,1334,4,447,623,767,723,713,2,214,361,443,433,490,2,233,262,324,290,223
2020,1,A,골목상권,1000932,영동대로65길,35823,17183,18640,252,6607,8671,7946,7445,4902,110,3080,5179,4298,2640,1876,142,3527,3492,3648,4805,3026
2020,1,A,골목상권,1000931,영동대로112길,79440,60824,18616,152,15774,21126,21341,16831,4216,87,10103,15983,17682,14479,2490,65,5671,5143,3659,2352,1726
2020,1,A,골목상권,1000930,언주로81길,93504,56950,36554,187,17248,26811,24897,20075,4286,88,10236,18756,16178,8748,2944,99,7012,8055,8719,11327,1342
2020,1,A,골목상권,1000929,압구정로2길,12859,8055,4804,41,2476,3955,3398,2011,978,23,1102,2519,2284,1381,746,18,1374,1436,1114,630,232
2020,1,A,골목상권,1000928,선릉로18길,4438,2855,1583,57,877,1242,997,799,466,24,506,809,636,506,374,33,371,433,361,293,92
2020,1,A,골목상권,1000927,선릉로146길,21879,10989,10890,59,5999,7107,4597,2826,1291,15,1736,3412,2772,2148,906,44,4263,3695,1825,678,385
2020,1,A,골목상권,1000926,선릉로133길,21171,13647,7524,57,3803,6112,5428,3754,2017,13,1706,3650,3838,2839,1601,44,2097,2462,1590,915,416
2020,1,A,골목상권,1000925,선릉로132길,14797,8337,6460,62,2966,4134,3407,2601,1627,22,1265,2422,2118,1486,1024,40,1701,1712,1289,1115,603
2020,1,A,골목상권,1000924,선릉로121길,18000,11157,6843,53,3237,4976,4691,3250,1793,22,1435,2912,3203,2224,1361,31,1802,2064,1488,1026,432
2020,1,A,골목상권,1000923,삼성로75길,36407,23199,13208,154,5807,10785,10133,6080,3448,23,2523,6664,7248,4502,2239,131,3284,4121,2885,1578,1209
2020,1,A,골목상권,1000922,삼성로69길,8931,4633,4298,45,1557,2247,1999,1811,1272,28,693,1155,1038,925,794,17,864,1092,961,886,478
2020,1,A,골목상권,1000921,삼성로64길,35162,16304,18858,260,6558,8431,7767,7464,4682,105,3031,4961,4059,2487,1661,155,3527,3470,3708,4977,3021
2020,1,A,골목상권,1000920,삼성로63길,10667,5579,5088,41,1898,2740,2559,2177,1252,26,758,1441,1387,1197,770,15,1140,1299,1172,980,482
2020,1,A,골목상권,1000919,삼성로57길,6636,3581,3055,21,1190,1878,1701,1305,541,10,417,983,958,835,378,11,773,895,743,470,163
2020,1,A,골목상권,1000918,삼성로147길,12296,6043,6253,23,3433,3978,2326,1519,1017,7,1195,1958,1355,891,637,16,2238,2020,971,628,380
2020,1,A,골목상권,1000917,삼성로115길,13425,8468,4957,58,2827,3756,2883,1899,2002,22,1224,2494,2087,1222,1419,36,1603,1262,796,677,583
2020,1,A,골목상권,1000916,봉은사로68길,32233,21159,11074,60,4773,11509,9118,4497,2276,19,2142,7295,7189,3099,1415,41,2631,4214,1929,1398,861
2020,1,A,골목상권,1000915,봉은사로57길,9907,6461,3446,39,2215,3084,2106,1424,1039,25,1014,1834,1606,1150,832,14,1201,1250,500,274,207
2020,1,A,골목상권,1000914,봉은사로43길,24610,15242,9368,76,5118,7378,5787,3797,2454,32,2243,4420,3999,2674,1874,44,2875,2958,1788,1123,580
2020,1,A,골목상권,1000913,봉은사로29길,26224,16731,9493,70,5560,8193,6149,3958,2294,28,2449,5252,4379,2928,1695,42,3111,2941,1770,1030,599
2020,1,A,골목상권,1000912,봉은사로109길,24145,18222,5923,20,4868,7417,6774,4004,1062,6,2796,5509,5700,3406,805,14,2072,1908,1074,598,257
2020,1,A,골목상권,1000911,도산대로89길,15582,8941,6641,53,3591,4910,3627,2340,1061,25,1396,2918,2412,1412,778,28,2195,1992,1215,928,283
2020,1,A,골목상권,1000910,도산대로81길,27385,14619,12766,88,6799,9828,6003,3413,1254,32,2185,5140,3893,2419,950,56,4614,4688,2110,994,304
2020,1,A,골목상권,1000909,도산대로50길,22572,12409,10163,69,5440,7053,5252,3150,1608,22,1757,3485,3447,2427,1271,47,3683,3568,1805,723,337
2020,1,A,골목상권,1000908,도산대로38길,21627,12075,9552,49,4549,6686,5241,3289,1813,15,1620,3499,3348,2260,1333,34,2929,3187,1893,1029,480
2020,1,A,골목상권,1000907,도산대로30길,21588,11934,9654,79,5733,6495,4898,2782,1601,22,2154,3473,3199,1902,1184,57,3579,3022,1699,880,417
2020,1,A,골목상권,1000906,도산대로23길,14193,7539,6654,72,3880,4164,3152,1888,1037,21,1401,2263,1986,1139,729,51,2479,1901,1166,749,308
2020,1,A,골목상권,1000905,도산대로15길,11660,6658,5002,50,3189,3444,2432,1438,1107,14,1246,1951,1646,980,821,36,1943,1493,786,458,286
2020,1,A,골목상권,1000904,도곡로37길,35701,21132,14569,242,9630,10400,8608,4853,1968,84,4137,6467,5875,3069,1500,158,5493,3933,2733,1784,468
2020,1,A,골목상권,1000903,논현로8길,3256,2100,1156,4,503,741,725,654,629,1,248,485,459,431,476,3,255,256,266,223,153
2020,1,A,골목상권,1000902,논현로63길,36667,24758,11909,142,7242,9908,9605,7399,2371,42,2992,6291,7467,6076,1890,100,4250,3617,2138,1323,481
2020,1,A,골목상권,1000901,논현로28길,44952,23368,21584,229,8367,10518,13581,9175,3082,127,4058,6280,6374,4528,2001,102,4309,4238,7207,4647,1081
2020,1,A,골목상권,1000900,논현로26길,40746,21197,19549,210,7278,10726,12390,7170,2972,112,3624,6781,5771,2888,2021,98,3654,3945,6619,4282,951
2020,1,A,골목상권,1000899,논현로159길,7341,3388,3953,26,1678,2112,1628,1135,762,7,485,983,801,583,529,19,1193,1129,827,552,233
2020,1,A,골목상권,1000898,논현로139길,24381,14262,10119,100,6330,7345,5355,3137,2114,31,2532,4251,3691,2146,1611,69,3798,3094,1664,991,503
2020,1,A,골목상권,1000897,논현로123길,9592,5842,3750,41,2250,2774,2004,1467,1056,23,1098,1751,1356,890,724,18,1152,1023,648,577,332
2020,1,A,골목상권,1000896,논현로115길,23492,15502,7990,91,5412,7277,5283,3492,1937,49,2759,4778,3934,2581,1401,42,2653,2499,1349,911,536
2020,1,A,골목상권,1000895,논현로10길,5297,3312,1985,11,748,1190,1301,1096,951,3,375,745,791,659,739,8,373,445,510,437,212
2020,1,A,골목상권,1000894,논현로106길,13899,7758,6141,37,3054,4439,3228,1839,1302,14,1093,2548,2142,1076,885,23,1961,1891,1086,763,417
2020,1,A,골목상권,1000893,남부순환로365길,15923,10455,5468,81,2779,4396,4126,2593,1948,41,1329,3013,2997,1743,1332,40,1450,1383,1129,850,616
2020,1,A,골목상권,1000892,개포로82길,5032,3679,1353,5,764,1532,1246,879,606,3,466,1136,933,639,502,2,298,396,313,240,104
2020,1,A,골목상권,1000891,개포로28길,3568,2437,1131,10,596,991,913,613,445,3,294,656,675,423,386,7,302,335,238,190,59
2020,1,A,골목상권,1000890,개포로20길,12336,8232,4104,27,1910,3544,3270,2170,1415,11,988,2384,2354,1414,1081,16,922,1160,916,756,334
2020,1,A,골목상권,1000889,개포로17길,28812,12804,16008,106,4586,6834,9279,5716,2291,55,2221,3947,3251,1802,1528,51,2365,2887,6028,3914,763
2020,1,A,골목상권,1000888,강남대로140길,20953,11799,9154,51,4593,6512,4708,3179,1910,15,1631,3672,3101,1954,1426,36,2962,2840,1607,1225,484
2020,1,A,골목상권,1000887,강남대로136길,21883,13083,8800,48,4879,7114,5169,3066,1607,20,2064,4299,3523,2024,1153,28,2815,2815,1646,1042,454
2020,1,A,골목상권,1000886,강남대로118길,10604,6747,3857,61,2633,3254,2316,1419,921,42,1455,2142,1577,896,635,19,1178,1112,739,523,286
2020,1,A,골목상권,1000885,서초중앙로8길,38050,20954,17096,82,8143,9265,8034,10092,2434,24,2727,4762,4524,7107,1810,58,5416,4503,3510,2985,624
2020,1,A,골목상권,1000884,방배중앙로21길,16510,8458,8052,20,2629,4012,4628,2955,2266,7,832,1718,2309,1757,1835,13,1797,2294,2319,1198,431
2020,1,A,골목상권,1000883,효령로72길,24614,18420,6194,62,4386,8514,5977,4128,1547,23,2507,6534,4808,3459,1089,39,1879,1980,1169,669,458
2020,1,A,골목상권,1000882,효령로34길,9543,6126,3417,101,1530,2821,2430,1576,1085,32,778,1644,1705,1140,827,69,752,1177,725,436,258
2020,1,A,골목상권,1000881,효령로31길,10396,6972,3424,67,2283,3142,2320,1505,1079,54,1293,2175,1655,999,796,13,990,967,665,506,283
2020,1,A,골목상권,1000880,효령로23길,12360,8243,4117,70,2534,3561,2833,1887,1475,51,1396,2445,2027,1219,1105,19,1138,1116,806,668,370
2020,1,A,골목상권,1000879,청두곶길,13318,6766,6552,23,2174,3922,3771,2298,1130,8,761,1970,1855,1410,762,15,1413,1952,1916,888,368
2020,1,A,골목상권,1000878,주흥길,4434,2544,1890,5,758,1268,1079,818,506,1,301,746,698,452,346,4,457,522,381,366,160
2020,1,A,골목상권,1000877,주흥15길,8390,4402,3988,23,1897,2583,1908,1198,781,7,571,1379,1238,681,526,16,1326,1204,670,517,255
2020,1,A,골목상권,1000876,언남길,15684,10674,5010,57,2338,4446,4140,2875,1828,31,1297,3069,2963,1936,1378,26,1041,1377,1177,939,450
2020,1,A,골목상권,1000875,신반포로45길,9300,5414,3886,32,1924,2692,2293,1366,993,15,732,1544,1578,865,680,17,1192,1148,715,501,313
2020,1,A,골목상권,1000874,서초대로8길,8398,4185,4213,32,1337,2073,2131,1627,1198,17,529,1029,1017,810,783,15,808,1044,1114,817,415
2020,1,A,골목상권,1000873,서초대로64길,37600,20771,16829,57,7011,9434,8670,10586,1842,29,2689,5015,4514,7163,1361,28,4322,4419,4156,3423,481
2020,1,A,골목상권,1000872,서초대로4길,10140,4542,5598,28,1886,2617,2462,1862,1285,11,653,1116,1089,905,768,17,1233,1501,1373,957,517
2020,1,A,골목상권,1000871,서초대로25길,24314,16435,7879,106,4990,7269,5855,4164,1930,58,2305,4767,4433,3344,1528,48,2685,2502,1422,820,402
2020,1,A,골목상권,1000870,서초대로23길,14565,9691,4874,43,2337,3705,3867,3085,1528,22,1049,2314,2748,2370,1188,21,1288,1391,1119,715,340
2020,1,A,골목상권,1000869,서초대로15길,9192,5518,3674,30,1668,2228,2112,1684,1470,19,709,1313,1305,1049,1123,11,959,915,807,635,347
2020,1,A,골목상권,1000868,사평대로57길,9692,5277,4415,23,2181,2959,2377,1412,740,3,729,1591,1581,861,512,20,1452,1368,796,551,228
2020,1,A,골목상권,1000867,사평대로26길,8763,6278,2485,31,1301,2349,2263,1786,1033,13,701,1708,1772,1341,743,18,600,641,491,445,290
2020,1,A,골목상권,1000866,사평대로22길,83130,76093,7037,35,8034,17085,21932,32915,3129,16,6503,14918,20092,31859,2705,19,1531,2167,1840,1056,424
2020,1,A,골목상권,1000865,사임당로17길,18885,10560,8325,54,3095,5532,5094,3752,1358,32,1353,3183,2952,2067,973,22,1742,2349,2142,1685,385
2020,1,A,골목상권,1000864,방배로42길,19353,11886,7467,56,4076,5642,5020,3373,1186,21,1447,3361,3570,2531,956,35,2629,2281,1450,842,230
2020,1,A,골목상권,1000863,방배로35길,14040,8753,5287,45,2919,3994,3226,2662,1194,10,1039,2388,2311,2037,968,35,1880,1606,915,625,226
2020,1,A,골목상권,1000862,방배로18길,16840,11174,5666,81,3310,5220,4087,3098,1044,62,1567,3114,3035,2604,792,19,1743,2106,1052,494,252
2020,1,A,골목상권,1000861,반포대로9길,15176,11618,3558,15,1629,4660,4470,2975,1427,6,940,3607,3698,2393,974,9,689,1053,772,582,453
2020,1,A,골목상권,1000860,바우뫼로39길,39654,19271,20383,492,8808,9187,11046,6992,3129,236,4317,5422,4328,2604,2364,256,4491,3765,6718,4388,765
2020,1,A,골목상권,1000859,마방로2길,11756,8032,3724,54,1886,3149,2959,2368,1340,30,1016,2143,2116,1678,1049,24,870,1006,843,690,291
2020,1,A,골목상권,1000858,방배천로4안길,6670,3345,3325,11,1175,1741,1631,1195,917,3,392,798,816,709,627,8,783,943,815,486,290
2020,1,A,골목상권,1000857,동산로19길,14591,9621,4970,35,2268,4095,3799,2565,1829,17,1228,2718,2639,1669,1350,18,1040,1377,1160,896,479
2020,1,A,골목상권,1000856,동산로10길,9541,6026,3515,37,1657,2897,2324,1683,943,16,878,1823,1482,1116,711,21,779,1074,842,567,232
2020,1,A,골목상권,1000855,동광로39길,83553,76161,7392,42,8224,17347,22130,32757,3053,22,6604,15010,20184,31684,2657,20,1620,2337,1946,1073,396
2020,1,A,골목상권,1000854,동광로1길,18425,8873,9552,82,3241,4438,4954,3232,2478,67,997,1910,2270,1745,1884,15,2244,2528,2684,1487,594
2020,1,A,골목상권,1000853,동광로12길,16378,7732,8646,41,2860,3929,4673,3062,1813,19,968,1743,2280,1575,1147,22,1892,2186,2393,1487,666
2020,1,A,골목상권,1000852,논현로27길,43316,22358,20958,444,9311,10840,12210,7550,2961,214,4629,6597,5384,3167,2367,230,4682,4243,6826,4383,594
2020,1,A,골목상권,1000851,논현로1길,10640,6745,3895,39,2086,3148,2518,1816,1033,23,1269,2062,1534,1102,755,16,817,1086,984,714,278
2020,1,A,골목상권,1000850,남부순환로339길,10187,6065,4122,25,2320,3177,2368,1586,711,7,912,1974,1634,1031,507,18,1408,1203,734,555,204
2020,1,A,골목상권,1000849,남부순환로325길,21342,12721,8621,33,3446,6484,4846,4022,2511,12,1580,3541,3071,2698,1819,21,1866,2943,1775,1324,692
2020,1,A,골목상권,1000848,남부순환로317길,21593,13962,7631,26,3057,7074,5526,3765,2145,12,1416,4293,4011,2678,1552,14,1641,2781,1515,1087,593
2020,1,A,골목상권,1000847,고무래로8길,13873,8968,4905,51,1917,3635,3853,2761,1656,16,938,2304,2759,1866,1085,35,979,1331,1094,895,571
2020,1,A,골목상권,1000846,강남대로8길,28099,21600,6499,54,3219,6302,8273,8682,1569,26,1934,4597,6382,7416,1245,28,1285,1705,1891,1266,324
2020,1,A,골목상권,1000845,강남대로34길,19439,13196,6243,115,3510,5603,4524,3149,2538,57,1887,3958,3327,2118,1849,58,1623,1645,1197,1031,689
2020,1,A,골목상권,1000844,강남대로23길,17856,11217,6639,338,5243,5177,3755,2270,1073,156,2717,3479,2668,1415,782,182,2526,1698,1087,855,291
2020,1,A,골목상권,1000843,소담길,1287,662,625,0,188,300,337,255,207,0,66,145,154,137,160,0,122,155,183,118,47
2020,1,A,골목상권,1000842,원신길,810,406,404,8,99,206,220,189,88,2,29,89,125,91,70,6,70,117,95,98,18
2020,1,A,골목상권,1000841,양지길,354,148,206,2,30,61,112,93,56,1,5,15,49,44,34,1,25,46,63,49,22
2020,1,A,골목상권,1000840,양산길,658,370,288,1,97,127,198,167,68,0,47,70,118,92,43,1,50,57,80,75,25
2020,1,A,골목상권,1000839,호암로24길,2828,2180,648,5,419,643,839,667,255,2,283,486,669,544,196,3,136,157,170,123,59
2020,1,A,골목상권,1000838,호암로20길,2148,1594,554,8,357,601,628,393,161,1,240,436,498,294,125,7,117,165,130,99,36
2020,1,A,골목상권,1000837,행운길,6560,3975,2585,22,1181,1767,1468,1253,869,12,575,1123,909,722,634,10,606,644,559,531,235
2020,1,A,골목상권,1000836,행운1길,2989,1601,1388,16,488,629,710,702,444,10,208,318,380,387,298,6,280,311,330,315,146
2020,1,A,골목상권,1000835,청림3길,3726,2032,1694,5,570,1164,1162,590,235,4,250,635,647,337,159,1,320,529,515,253,76
2020,1,A,골목상권,1000834,청룡길,3032,1441,1591,7,506,751,716,533,519,3,132,305,363,308,330,4,374,446,353,225,189
2020,1,A,골목상권,1000833,청룡8길,2383,1069,1314,2,343,507,533,536,462,1,108,243,246,247,224,1,235,264,287,289,238
2020,1,A,골목상권,1000832,중앙길,2697,1260,1437,8,412,587,710,591,389,4,126,274,344,310,202,4,286,313,366,281,187
2020,1,A,골목상권,1000831,조원중앙로2길,6070,4212,1858,10,723,1022,1192,1113,2010,5,360,655,733,691,1768,5,363,367,459,422,242
2020,1,A,골목상권,1000830,조원로18길,6128,4664,1464,4,721,1400,1460,1014,1529,2,343,995,1136,762,1426,2,378,405,324,252,103
2020,1,A,골목상권,1000829,조원로10길,16779,9737,7042,39,3618,5716,4238,1962,1206,17,1555,3402,2671,1244,848,22,2063,2314,1567,718,358
2020,1,A,골목상권,1000828,장군봉2길,2452,1262,1190,4,370,521,484,571,502,2,128,264,257,288,323,2,242,257,227,283,179
2020,1,A,골목상권,1000827,장군봉1길,2517,1160,1357,2,375,556,567,551,466,1,126,266,274,269,224,1,249,290,293,282,242
2020,1,A,골목상권,1000826,인헌길,1704,889,815,7,274,443,484,355,141,4,127,246,248,161,103,3,147,197,236,194,38
2020,1,A,골목상권,1000825,은천로25길,1614,689,925,1,259,404,464,313,173,0,76,186,206,138,83,1,183,218,258,175,90
2020,1,A,골목상권,1000824,양녕로6길,2361,1110,1251,7,291,416,526,587,534,4,107,202,242,297,258,3,184,214,284,290,276
2020,1,A,골목상권,1000823,신원로3길,1829,969,860,5,172,307,365,418,562,0,82,163,207,212,305,5,90,144,158,206,257
2020,1,A,골목상권,1000822,신사로20길,2857,2160,697,1,454,818,905,519,160,1,216,615,773,439,116,0,238,203,132,80,44
2020,1,A,골목상권,1000821,신림로65길,2412,1329,1083,6,213,327,521,544,801,2,78,164,278,282,525,4,135,163,243,262,276
2020,1,A,골목상권,1000820,신림로64길,2304,913,1391,6,538,542,475,455,288,2,132,202,231,166,180,4,406,340,244,289,108
2020,1,A,골목상권,1000819,신림로48길,1224,556,668,6,173,227,241,296,281,1,75,122,119,108,131,5,98,105,122,188,150
2020,1,A,골목상권,1000818,신림로38길,1620,931,689,7,227,303,399,353,331,1,117,162,222,209,220,6,110,141,177,144,111
2020,1,A,골목상권,1000817,신림로28길,3185,2328,857,10,485,649,876,744,421,2,323,487,658,570,288,8,162,162,218,174,133
2020,1,A,골목상권,1000816,신림로11길,2928,2185,743,3,448,733,802,692,250,1,273,511,640,557,203,2,175,222,162,135,47
2020,1,A,골목상권,1000815,신림동길,2508,1472,1036,4,257,387,584,563,713,2,115,202,314,325,514,2,142,185,270,238,199
2020,1,A,골목상권,1000814,승방길,3114,2065,1049,7,575,763,809,576,384,5,304,522,561,400,273,2,271,241,248,176,111
2020,1,A,골목상권,1000813,서림7길,1807,1219,588,3,188,296,492,545,283,1,94,164,333,401,226,2,94,132,159,144,57
2020,1,A,골목상권,1000812,봉천로33길,4896,2257,2639,12,705,949,1077,1311,842,1,214,419,507,611,505,11,491,530,570,700,337
2020,1,A,골목상권,1000811,봉천로13길,2022,1107,915,4,267,425,445,460,421,1,114,220,243,242,287,3,153,205,202,218,134
2020,1,A,골목상권,1000810,복은길,1880,1060,820,8,275,361,475,394,367,2,138,188,251,236,245,6,137,173,224,158,122
2020,1,A,골목상권,1000809,법원단지길,767,374,393,10,102,156,168,202,129,7,39,77,79,92,80,3,63,79,89,110,49
2020,1,A,골목상권,1000808,법원단지9길,902,487,415,10,108,180,219,248,137,7,39,95,115,142,89,3,69,85,104,106,48
2020,1,A,골목상권,1000807,미성5길,1372,661,711,16,179,256,305,348,268,13,76,132,150,137,153,3,103,124,155,211,115
2020,1,A,골목상권,1000806,대학길,2550,2069,481,3,369,588,728,612,250,1,250,467,625,522,204,2,119,121,103,90,46
2020,1,A,골목상권,1000805,대학14길,1204,702,502,5,155,307,328,255,154,2,54,164,216,154,112,3,101,143,112,101,42
2020,1,A,골목상권,1000804,당곡길,3119,1744,1375,9,481,627,732,635,635,5,228,340,406,324,441,4,253,287,326,311,194
2020,1,A,골목상권,1000803,남현길,2714,1713,1001,0,391,639,718,504,462,0,171,393,485,315,349,0,220,246,233,189,113
2020,1,A,골목상권,1000802,남현3길,5523,3108,2415,8,1036,1416,1438,974,651,4,446,769,810,589,490,4,590,647,628,385,161
2020,1,A,골목상권,1000801,남현2길,3073,1912,1161,0,427,708,848,596,494,0,186,432,557,363,374,0,241,276,291,233,120
2020,1,A,골목상권,1000800,남부순환로248길,1853,971,882,9,291,518,486,332,217,7,104,267,245,173,175,2,187,251,241,159,42
2020,1,A,골목상권,1000799,남부순환로234길,4031,2679,1352,9,636,1259,802,714,611,6,309,864,515,479,506,3,327,395,287,235,105
2020,1,A,골목상권,1000798,남부순환로172길,1997,1171,826,1,280,526,428,417,345,1,124,298,254,264,230,0,156,228,174,153,115
2020,1,A,골목상권,1000797,남부순환로161길,4573,3124,1449,2,711,1290,1260,880,430,2,331,893,969,644,285,0,380,397,291,236,145
2020,1,A,골목상권,1000796,남부순환로151길,4734,3287,1447,6,738,1345,1363,927,355,4,350,948,1065,664,256,2,388,397,298,263,99
2020,1,A,골목상권,1000795,남부순환로142길,5112,3566,1546,18,457,846,934,918,1939,13,227,487,579,550,1710,5,230,359,355,368,229
2020,1,A,골목상권,1000794,난향길,1320,654,666,1,150,285,366,288,230,0,41,130,153,147,183,1,109,155,213,141,47
2020,1,A,골목상권,1000793,난우길,1334,638,696,21,163,273,289,354,234,16,67,117,125,168,145,5,96,156,164,186,89
2020,1,A,골목상권,1000792,난곡로74길,3239,2365,874,1,506,930,1014,595,193,1,239,690,834,464,137,0,267,240,180,131,56
2020,1,A,골목상권,1000791,난곡로34길,818,394,424,9,105,170,199,250,85,7,41,88,92,115,51,2,64,82,107,135,34
2020,1,A,골목상권,1000790,난곡로26길,1137,601,536,0,134,223,287,316,177,0,52,108,139,170,132,0,82,115,148,146,45
2020,1,A,골목상권,1000789,난곡로24길,1189,652,537,0,120,238,301,353,177,0,53,114,146,202,137,0,67,124,155,151,40
2020,1,A,골목상권,1000788,낙성대역길,5705,3605,2100,21,1084,1588,1265,940,807,11,500,1026,806,616,646,10,584,562,459,324,161
2020,1,A,골목상권,1000787,국회단지길,2886,1216,1670,14,430,565,664,833,380,2,117,248,322,288,239,12,313,317,342,545,141
2020,1,A,골목상권,1000786,구암길,1433,682,751,1,240,383,445,255,109,1,74,172,224,138,73,0,166,211,221,117,36
2020,1,A,골목상권,1000785,관천로22길,3943,2336,1607,8,544,963,1075,789,564,6,260,543,618,485,424,2,284,420,457,304,140
2020,1,A,골목상권,1000784,관천로15길,3272,2397,875,2,508,897,1026,641,198,2,245,663,829,518,140,0,263,234,197,123,58
2020,1,A,골목상권,1000783,관악로30길,3154,1519,1635,8,425,656,786,797,482,5,168,308,407,372,259,3,257,348,379,425,223
2020,1,A,골목상권,1000782,관악로28길,2354,1060,1294,7,280,460,567,648,392,4,95,189,275,291,206,3,185,271,292,357,186
2020,1,A,골목상권,1000781,관악로14길,6902,3781,3121,24,1181,2103,1553,1366,675,13,463,1100,860,849,496,11,718,1003,693,517,179
2020,1,A,골목상권,1000780,관악로10길,6564,4205,2359,15,997,2014,1505,1488,545,10,541,1285,942,1026,401,5,456,729,563,462,144
2020,1,A,골목상권,1000779,흑석로9길,670,368,302,1,107,148,180,141,93,0,48,87,98,71,64,1,59,61,82,70,29
2020,1,A,골목상권,1000778,흑석로13길,910,490,420,1,116,197,247,209,140,0,50,108,131,112,89,1,66,89,116,97,51
2020,1,A,골목상권,1000777,장승배기로27길,6829,3923,2906,19,976,2199,1812,1277,546,5,448,1164,1098,869,339,14,528,1035,714,408,207
2020,1,A,골목상권,1000776,장승배기로19길,2239,1229,1010,2,386,493,520,518,320,1,253,268,252,270,185,1,133,225,268,248,135
2020,1,A,골목상권,1000775,장승배기로10길,2989,1629,1360,14,453,643,709,723,447,8,284,369,374,340,254,6,169,274,335,383,193
2020,1,A,골목상권,1000774,여의대방로46길,6848,3977,2871,21,1161,2066,1822,1195,583,6,496,1267,1140,684,384,15,665,799,682,511,199
2020,1,A,골목상권,1000773,여의대방로24길,20339,12832,7507,53,3857,4058,3357,4807,4207,28,2884,3206,2158,2339,2217,25,973,852,1199,2468,1990
2020,1,A,골목상권,1000772,여의대방로22카길,18726,11820,6906,49,3543,3601,3077,4537,3919,25,2778,2902,1948,2136,2031,24,765,699,1129,2401,1888
2020,1,A,골목상권,1000771,여의대방로22나길,18445,11776,6669,50,3585,3615,2945,4402,3848,26,2813,2950,1896,2090,2001,24,772,665,1049,2312,1847
2020,1,A,골목상권,1000770,여의대방로22길,18481,11777,6704,51,3563,3569,2965,4450,3883,27,2804,2909,1894,2125,2018,24,759,660,1071,2325,1865
2020,1,A,골목상권,1000769,양녕로26길,1882,1191,691,3,208,407,440,527,297,2,106,241,296,399,147,1,102,166,144,128,150
2020,1,A,골목상권,1000768,신대방길,5744,3165,2579,19,1364,1446,1297,971,647,13,504,867,791,542,448,6,860,579,506,429,199
2020,1,A,골목상권,1000767,성대로29길,1658,762,896,2,224,316,366,429,321,1,97,153,150,202,159,1,127,163,216,227,162
2020,1,A,골목상권,1000766,성대로1길,1289,555,734,2,117,238,324,321,287,1,40,113,135,128,138,1,77,125,189,193,149
2020,1,A,골목상권,1000765,서달로8가길,403,153,250,1,52,56,103,110,81,0,11,18,38,40,46,1,41,38,65,70,35
2020,1,A,골목상권,1000764,서달로15길,594,279,315,1,66,104,168,155,100,0,16,40,81,78,64,1,50,64,87,77,36
2020,1,A,골목상권,1000763,서달로14길,539,257,282,1,64,98,142,136,98,0,19,40,63,71,64,1,45,58,79,65,34
2020,1,A,골목상권,1000762,서달로10길,654,357,297,0,96,152,157,148,101,0,55,95,81,69,57,0,41,57,76,79,44
2020,1,A,골목상권,1000761,상도로62길,1933,1117,816,1,153,362,550,527,340,0,61,169,314,311,262,1,92,193,236,216,78
2020,1,A,골목상권,1000760,상도로61길,3697,2231,1466,2,394,1053,1227,711,310,1,181,582,728,474,265,1,213,471,499,237,45
2020,1,A,골목상권,1000759,상도로47길,4010,2271,1739,9,727,1086,924,812,452,2,295,617,564,515,278,7,432,469,360,297,174
2020,1,A,골목상권,1000758,상도로37길,3599,2069,1530,10,672,958,800,740,419,2,280,566,495,470,256,8,392,392,305,270,163
2020,1,A,골목상권,1000757,상도로15길,1942,868,1074,3,243,407,492,433,364,1,97,191,200,190,189,2,146,216,292,243,175
2020,1,A,골목상권,1000756,사당로8길,3051,1713,1338,5,420,652,846,673,455,2,233,371,412,358,337,3,187,281,434,315,118
2020,1,A,골목상권,1000755,사당로30길,4369,2277,2092,10,835,1153,1133,825,413,3,260,553,638,536,287,7,575,600,495,289,126
2020,1,A,골목상권,1000754,사당로2차길,1302,661,641,1,117,247,369,351,217,0,51,97,163,189,161,1,66,150,206,162,56
2020,1,A,골목상권,1000753,사당로29길,2228,971,1257,8,346,546,597,423,308,2,115,239,240,179,196,6,231,307,357,244,112
2020,1,A,골목상권,1000752,사당로26길,2913,1431,1482,9,462,693,827,564,358,3,125,313,394,328,268,6,337,380,433,236,90
2020,1,A,골목상권,1000751,사당로23나길,812,325,487,6,86,151,226,231,112,2,31,64,86,83,59,4,55,87,140,148,53
2020,1,A,골목상권,1000750,사당로23길,2564,1477,1087,2,375,669,724,589,205,0,155,372,462,340,148,2,220,297,262,249,57
2020,1,A,골목상권,1000749,사당로20길,2063,1118,945,2,202,327,503,461,568,1,68,173,235,242,399,1,134,154,268,219,169
2020,1,A,골목상권,1000748,사당로16길,2477,1382,1095,5,230,400,562,527,753,4,89,206,258,287,538,1,141,194,304,240,215
2020,1,A,골목상권,1000747,사당로16가길,2654,1356,1298,4,250,442,656,587,715,1,100,198,276,290,491,3,150,244,380,297,224
2020,1,A,골목상권,1000746,만양로8길,3874,2130,1744,16,458,910,1022,916,552,12,220,525,600,457,316,4,238,385,422,459,236
2020,1,A,골목상권,1000745,만양로14길,2229,1309,920,5,276,620,582,441,305,3,124,366,376,257,183,2,152,254,206,184,122
2020,1,A,골목상권,1000744,등용로14길,7845,4648,3197,23,1135,2520,2134,1471,562,5,551,1437,1312,971,372,18,584,1083,822,500,190
2020,1,A,골목상권,1000743,동작대로7길,6637,3536,3101,14,1181,1731,1791,1201,719,5,378,879,981,748,545,9,803,852,810,453,174
2020,1,A,골목상권,1000742,동작대로35길,10962,4797,6165,17,1959,2951,3541,1891,603,7,626,1219,1646,977,322,10,1333,1732,1895,914,281
2020,1,A,골목상권,1000741,동작대로33길,11847,5006,6841,21,2065,3104,3615,2141,901,7,655,1273,1648,1003,420,14,1410,1831,1967,1138,481
2020,1,A,골목상권,1000740,동작대로29길,994,517,477,11,141,240,257,220,125,4,62,144,150,95,62,7,79,96,107,125,63
2020,1,A,골목상권,1000739,동작대로17길,5364,2626,2738,17,970,1213,1289,1038,837,7,293,560,624,565,577,10,677,653,665,473,260
2020,1,A,골목상권,1000738,대방동2길,17384,11015,6369,45,3429,3433,2729,4199,3549,24,2705,2797,1735,1952,1802,21,724,636,994,2247,1747
2020,1,A,골목상권,1000737,대방동27길,6476,4371,2105,8,1104,1427,1274,1795,868,4,608,983,873,1329,574,4,496,444,401,466,294
2020,1,A,골목상권,1000736,노량진로6길,6430,3598,2832,12,829,2037,1763,1276,513,3,377,1057,1021,823,317,9,452,980,742,453,196
2020,1,A,골목상권,1000735,국사봉길,1329,794,535,0,156,279,375,333,186,0,89,167,226,187,125,0,67,112,149,146,61
2020,1,A,골목상권,1000734,국사봉2길,16980,10887,6093,45,3354,3282,2656,4132,3511,24,2691,2728,1718,1933,1793,21,663,554,938,2199,1718
2020,1,A,골목상권,1000733,국사봉1길,1584,785,799,1,131,293,392,425,342,1,56,160,203,193,172,0,75,133,189,232,170
2020,1,A,골목상권,1000732,영신로9길,4324,2392,1932,35,628,983,987,1093,598,16,266,472,564,669,405,19,362,511,423,424,193
2020,1,A,골목상권,1000731,영등포로84길,3623,1678,1945,5,644,828,853,768,525,0,208,415,432,325,298,5,436,413,421,443,227
2020,1,A,골목상권,1000730,영등포로80길,3868,1857,2011,5,675,857,902,843,586,0,227,446,467,376,341,5,448,411,435,467,245
2020,1,A,골목상권,1000729,영등포로62길,1535,807,728,0,180,291,398,358,308,0,90,154,209,172,182,0,90,137,189,186,126
2020,1,A,골목상권,1000728,영등포로35길,3743,2275,1468,13,481,839,982,801,627,3,199,498,671,501,403,10,282,341,311,300,224
2020,1,A,골목상권,1000727,영등포로27길,5132,3063,2069,16,646,1200,1379,1042,849,7,257,654,882,657,606,9,389,546,497,385,243
2020,1,A,골목상권,1000726,영등포로25길,4637,2851,1786,11,528,977,1227,968,926,8,233,526,752,628,704,3,295,451,475,340,222
2020,1,A,골목상권,1000725,여의대방로61길,2949,1404,1545,7,608,751,745,478,360,1,203,349,366,243,242,6,405,402,379,235,118
2020,1,A,골목상권,1000724,여의대방로43나길,5885,4255,1630,6,967,1226,1133,1796,757,3,627,927,831,1350,517,3,340,299,302,446,240
2020,1,A,골목상권,1000723,여의대방로39길,4878,3529,1349,7,977,1162,986,1391,355,4,580,851,736,1108,250,3,397,311,250,283,105
2020,1,A,골목상권,1000722,여의대방로35길,3514,2250,1264,10,543,813,758,681,709,6,255,551,506,431,501,4,288,262,252,250,208
2020,1,A,골목상권,1000721,양평로28길,4121,2648,1473,9,479,886,1062,1067,618,5,262,568,640,676,497,4,217,318,422,391,121
2020,1,A,골목상권,1000720,양평로22라길,3947,2397,1550,9,528,912,1053,971,474,7,246,533,641,592,378,2,282,379,412,379,96
2020,1,A,골목상권,1000719,양평로19길,12312,6912,5400,37,2423,3545,3426,1789,1092,14,1069,2162,1915,964,788,23,1354,1383,1511,825,304
2020,1,A,골목상권,1000718,신길로60길,2096,1143,953,6,233,502,492,463,400,3,101,231,241,257,310,3,132,271,251,206,90
2020,1,A,골목상권,1000717,신길로42길,2009,1150,859,1,285,382,450,463,428,0,134,216,245,248,307,1,151,166,205,215,121
2020,1,A,골목상권,1000716,신길로42가길,2613,1392,1221,2,300,531,552,602,626,0,115,242,257,330,448,2,185,289,295,272,178
2020,1,A,골목상권,1000715,신길로39길,1624,885,739,3,153,276,372,412,408,3,56,129,191,217,289,0,97,147,181,195,119
2020,1,A,골목상권,1000714,신길로17길,2074,1208,866,10,201,480,645,489,249,6,111,294,326,293,178,4,90,186,319,196,71
2020,1,A,골목상권,1000713,선유서로28길,8052,4859,3193,42,1648,1899,1904,1475,1084,16,782,1211,1134,885,831,26,866,688,770,590,253
2020,1,A,골목상권,1000712,선유서로25길,5139,3803,1336,16,639,1291,1234,1015,944,8,380,982,931,738,764,8,259,309,303,277,180
2020,1,A,골목상권,1000711,선유서로24길,21565,11414,10151,134,5245,5295,4660,4210,2021,41,2258,3680,2454,1433,1548,93,2987,1615,2206,2777,473
2020,1,A,골목상권,1000710,선유로55길,11192,6156,5036,34,2214,3241,3133,1594,976,12,909,1925,1762,863,685,22,1305,1316,1371,731,291
2020,1,A,골목상권,1000709,디지털로74길,3431,1633,1798,8,825,802,852,647,297,5,236,391,415,370,216,3,589,411,437,277,81
2020,1,A,골목상권,1000708,디지털로57길,3660,2126,1534,6,365,498,748,904,1139,2,138,274,418,537,757,4,227,224,330,367,382
2020,1,A,골목상권,1000707,디지털로37길,4034,2188,1846,14,496,685,822,869,1148,4,168,334,424,498,760,10,328,351,398,371,388
2020,1,A,골목상권,1000706,도신로62길,2200,1144,1056,1,286,498,432,527,456,0,136,293,252,234,229,1,150,205,180,293,227
2020,1,A,골목상권,1000705,도신로60길,1226,653,573,0,195,316,261,240,214,0,101,172,136,130,114,0,94,144,125,110,100
2020,1,A,골목상권,1000704,도신로29길,1719,1132,587,6,200,400,496,391,226,4,96,271,345,264,152,2,104,129,151,127,74
2020,1,A,골목상권,1000703,도신로15길,2731,1586,1145,13,351,604,689,593,481,9,113,303,382,417,362,4,238,301,307,176,119
2020,1,A,골목상권,1000702,도림천로21길,16544,9657,6887,62,3622,5751,4140,1811,1158,25,1584,3459,2646,1167,776,37,2038,2292,1494,644,382
2020,1,A,골목상권,1000701,도림로63길,1116,737,379,1,109,196,295,301,214,1,67,121,196,185,167,0,42,75,99,116,47
2020,1,A,골목상권,1000700,도림로147길,7404,4074,3330,18,1114,1583,1783,1996,910,8,551,993,1053,914,555,10,563,590,730,1082,355
2020,1,A,골목상권,1000699,도림로112길,2150,1459,691,15,234,495,588,503,315,12,114,332,403,351,247,3,120,163,185,152,68
2020,1,A,골목상권,1000698,대림로8길,4605,2251,2354,2,1248,1295,964,692,404,2,397,692,541,364,255,0,851,603,423,328,149
2020,1,A,골목상권,1000697,대림로7길,4645,2570,2075,23,889,1417,1171,731,414,10,390,839,617,439,275,13,499,578,554,292,139
2020,1,A,골목상권,1000696,대림로44길,3546,2539,1007,12,462,923,1058,707,384,4,238,679,832,498,288,8,224,244,226,209,96
2020,1,A,골목상권,1000695,대림로34길,4794,3313,1481,17,573,1130,1337,1040,697,5,302,803,978,691,534,12,271,327,359,349,163
2020,1,A,골목상권,1000694,대림로31길,10368,6914,3454,23,1094,2203,2562,2468,2018,10,623,1669,1934,1500,1178,13,471,534,628,968,840
2020,1,A,골목상권,1000693,대림로29길,4656,2704,1952,8,477,756,1032,1146,1237,3,202,437,581,669,812,5,275,319,451,477,425
2020,1,A,골목상권,1000692,대림로22길,2553,1429,1124,4,346,439,576,665,523,0,120,239,318,379,373,4,226,200,258,286,150
2020,1,A,골목상권,1000691,당산로46길,8780,6183,2597,24,1222,2120,2253,1927,1234,7,607,1407,1660,1519,983,17,615,713,593,408,251
2020,1,A,골목상권,1000690,당산로38길,8580,5024,3556,27,1840,2474,1641,1561,1037,16,831,1378,1033,1030,736,11,1009,1096,608,531,301
2020,1,A,골목상권,1000689,당산로37길,15876,8761,7115,47,3483,4772,3765,2292,1517,19,1432,2703,2175,1412,1020,28,2051,2069,1590,880,497
2020,1,A,골목상권,1000688,당산로31길,10118,5475,4643,23,1984,2768,1970,1996,1377,12,921,1575,1172,1036,759,11,1063,1193,798,960,618
2020,1,A,골목상권,1000687,국회대로56길,7059,4101,2958,19,1498,1616,1611,1355,960,8,503,894,1064,912,720,11,995,722,547,443,240
2020,1,A,골목상권,1000686,경인로90길,8808,5069,3739,42,1724,2588,2335,1430,689,12,663,1422,1475,944,553,30,1061,1166,860,486,136
2020,1,A,골목상권,1000685,경인로80길,7895,4673,3222,27,1441,2116,2130,1375,806,12,590,1213,1330,869,659,15,851,903,800,506,147
2020,1,A,골목상권,1000684,경인로77길,9316,5310,4006,29,1778,2513,2454,1603,939,13,707,1384,1482,980,744,16,1071,1129,972,623,195
2020,1,A,골목상권,1000683,가마산로61길,1070,583,487,2,103,236,288,262,179,2,38,119,148,149,127,0,65,117,140,113,52
2020,1,A,골목상권,1000682,시흥대로94길,3087,1766,1321,5,376,577,670,873,586,1,181,319,357,475,433,4,195,258,313,398,153
2020,1,A,골목상권,1000681,시흥대로84길,2024,1141,883,7,263,457,509,515,273,7,154,272,276,239,193,0,109,185,233,276,80
2020,1,A,골목상권,1000680,시흥대로68길,3004,1558,1446,17,589,756,680,628,334,12,262,413,337,291,243,5,327,343,343,337,91
2020,1,A,골목상권,1000679,시흥대로63길,4531,2302,2229,14,696,1219,1043,1045,514,9,287,547,499,618,342,5,409,672,544,427,172
2020,1,A,골목상권,1000678,시흥대로62가길,1944,884,1060,7,319,366,487,501,264,6,131,171,219,198,159,1,188,195,268,303,105
2020,1,A,골목상권,1000677,시흥대로36길,6991,3889,3102,12,537,1047,1616,1813,1966,3,263,660,896,911,1156,9,274,387,720,902,810
2020,1,A,골목상권,1000676,시흥대로22길,7401,4380,3021,13,527,1004,1703,1940,2214,4,281,663,978,1049,1405,9,246,341,725,891,809
2020,1,A,골목상권,1000675,시흥대로153길,2904,1507,1397,14,271,410,599,654,956,3,147,225,331,361,440,11,124,185,268,293,516
2020,1,A,골목상권,1000674,시흥대로150길,2340,1417,923,11,307,444,603,596,379,2,156,255,331,374,299,9,151,189,272,222,80
2020,1,A,골목상권,1000673,시흥대로141길,2749,1758,991,11,335,507,624,710,562,1,182,304,358,472,441,10,153,203,266,238,121
2020,1,A,골목상권,1000672,시흥대로138길,1885,1086,799,3,234,356,463,464,365,2,140,212,278,251,203,1,94,144,185,213,162
2020,1,A,골목상권,1000671,시흥대로120길,2685,1613,1072,5,314,444,570,715,637,2,180,268,334,415,414,3,134,176,236,300,223
2020,1,A,골목상권,1000670,벚꽃로56길,44541,28679,15862,163,9094,13920,10927,6197,4240,105,4666,9107,7715,4003,3083,58,4428,4813,3212,2194,1157
2020,1,A,골목상권,1000669,범안로17길,8980,5829,3151,19,545,998,1226,1814,4378,17,335,683,803,1147,2844,2,210,315,423,667,1534
2020,1,A,골목상권,1000668,범안로11길,24441,16601,7840,68,2868,5378,5207,4561,6359,51,1714,3778,3789,3075,4194,17,1154,1600,1418,1486,2165
2020,1,A,골목상권,1000667,문성로5길,4518,3205,1313,5,299,651,854,812,1897,4,173,355,505,470,1698,1,126,296,349,342,199
2020,1,A,골목상권,1000666,독산로85길,1373,751,622,0,160,246,286,380,301,0,102,161,153,181,154,0,58,85,133,199,147
2020,1,A,골목상권,1000665,독산로78다길,1317,707,610,0,120,198,249,349,401,0,74,119,119,165,230,0,46,79,130,184,171
2020,1,A,골목상권,1000664,독산로70길,1667,951,716,1,164,263,322,430,487,0,89,139,159,241,323,1,75,124,163,189,164
2020,1,A,골목상권,1000663,독산로64길,1552,838,714,1,188,284,316,426,337,0,104,110,124,234,266,1,84,174,192,192,71
2020,1,A,골목상권,1000662,독산로50길,969,596,373,9,148,191,288,236,97,6,89,132,169,128,72,3,59,59,119,108,25
2020,1,A,골목상권,1000661,독산로40길,1493,907,586,13,224,305,427,378,146,10,140,213,255,180,109,3,84,92,172,198,37
2020,1,A,골목상권,1000660,독산로108길,5051,3636,1415,3,382,851,963,951,1901,2,222,511,600,604,1697,1,160,340,363,347,204
2020,1,A,골목상권,1000659,남부순환로112길,3662,2186,1476,10,389,688,793,691,1091,6,223,423,513,447,574,4,166,265,280,244,517
2020,1,A,골목상권,1000658,금하로24길,1694,977,717,6,190,373,401,418,306,6,101,216,209,248,197,0,89,157,192,170,109
2020,1,A,골목상권,1000657,금하로1길,1309,861,448,13,192,244,273,324,263,11,121,165,185,179,200,2,71,79,88,145,63
2020,1,A,골목상권,1000656,금하로14길,1288,607,681,2,125,205,348,360,248,1,49,93,161,171,132,1,76,112,187,189,116
2020,1,A,골목상권,1000655,가산로5길,9154,5413,3741,23,1390,2300,2163,1803,1475,18,787,1411,1336,1023,838,5,603,889,827,780,637
2020,1,A,골목상권,1000654,가산로3길,23895,16021,7874,85,4033,6853,5823,4192,2909,51,2156,4728,4260,2809,2017,34,1877,2125,1563,1383,892
2020,1,A,골목상권,1000653,중앙로1길,4765,2842,1923,4,529,1030,1138,1158,906,3,272,559,578,685,745,1,257,471,560,473,161
2020,1,A,골목상권,1000652,중앙로15길,1933,1250,683,4,260,436,459,525,249,2,164,302,293,302,187,2,96,134,166,223,62
2020,1,A,골목상권,1000651,우마길,5342,3270,2072,25,833,1287,1361,1038,798,17,423,788,849,644,549,8,410,499,512,394,249
2020,1,A,골목상권,1000650,오류로8길,3811,2518,1293,0,495,828,1007,944,537,0,343,518,637,630,390,0,152,310,370,314,147
2020,1,A,골목상권,1000649,신도림로13길,4873,3666,1207,8,483,1532,1346,976,528,7,274,1166,1084,739,396,1,209,366,262,237,132
2020,1,A,골목상권,1000648,새말로18길,4598,2651,1947,27,706,1196,1260,917,492,22,309,679,715,580,346,5,397,517,545,337,146
2020,1,A,골목상권,1000647,부일로1길,1888,1465,423,18,192,326,368,542,442,18,141,226,251,420,409,0,51,100,117,122,33
2020,1,A,골목상권,1000646,부일로15길,1310,802,508,5,102,218,319,369,297,3,47,111,192,236,213,2,55,107,127,133,84
2020,1,A,골목상권,1000645,부일로11길,1720,1024,696,5,168,338,435,483,291,2,80,194,255,302,191,3,88,144,180,181,100
2020,1,A,골목상권,1000644,디지털로32길,31052,18997,12055,82,6292,10839,8243,3635,1961,41,3001,6929,5356,2275,1395,41,3291,3910,2887,1360,566
2020,1,A,골목상권,1000643,디지털로32가길,30685,18890,11795,91,6090,10431,8067,3738,2268,44,2879,6638,5296,2379,1654,47,3211,3793,2771,1359,614
2020,1,A,골목상권,1000642,디지털로27길,25237,17450,7787,110,5318,8414,6118,3275,2002,74,2853,5869,4654,2327,1673,36,2465,2545,1464,948,329
2020,1,A,골목상권,1000641,도림로6길,6429,3922,2507,27,1035,1625,1619,1139,984,17,516,990,1001,717,681,10,519,635,618,422,303
2020,1,A,골목상권,1000640,도림로12길,4678,3284,1394,31,973,1404,1228,671,371,25,611,1005,911,451,281,6,362,399,317,220,90
2020,1,A,골목상권,1000639,남부순환로97길,6429,3568,2861,39,1174,1596,1362,1449,809,20,683,1075,689,609,492,19,491,521,673,840,317
2020,1,A,골목상권,1000638,구로중앙로8길,3151,2084,1067,3,289,590,787,902,580,2,135,345,514,657,431,1,154,245,273,245,149
2020,1,A,골목상권,1000637,구로중앙로7길,2087,1421,666,5,155,309,476,695,447,4,69,168,321,517,342,1,86,141,155,178,105
2020,1,A,골목상권,1000636,구로중앙로42길,8795,6396,2399,17,795,2277,2343,1997,1366,12,449,1687,1744,1454,1050,5,346,590,599,543,316
2020,1,A,골목상권,1000635,구로중앙로34길,4585,2949,1636,10,784,1122,1177,922,570,5,474,763,783,561,363,5,310,359,394,361,207
2020,1,A,골목상권,1000634,구로중앙로28길,11038,7181,3857,17,1421,2453,2823,2514,1810,11,859,1802,1962,1466,1081,6,562,651,861,1048,729
2020,1,A,골목상권,1000633,구로중앙로19길,5187,2873,2314,7,627,1401,1218,1332,602,3,283,752,655,825,355,4,344,649,563,507,247
2020,1,A,골목상권,1000632,구로동로8길,1826,1008,818,8,227,363,411,392,425,5,109,206,208,203,277,3,118,157,203,189,148
2020,1,A,골목상권,1000631,구로동로7길,10253,7086,3167,39,1979,3388,2613,1445,789,26,1082,2345,1916,1080,637,13,897,1043,697,365,152
2020,1,A,골목상권,1000630,구로동로42길,4570,2045,2525,17,721,1027,1027,1117,661,6,260,393,430,567,389,11,461,634,597,550,272
2020,1,A,골목상권,1000629,구로동로41길,1500,697,803,4,173,249,328,434,312,2,70,131,172,153,169,2,103,118,156,281,143
2020,1,A,골목상권,1000628,구로동로38길,4541,2539,2002,7,562,1227,1055,1197,493,3,265,649,588,744,290,4,297,578,467,453,203
2020,1,A,골목상권,1000627,구로동로28길,4421,2563,1858,7,555,1246,1028,1084,501,3,246,655,557,765,337,4,309,591,471,319,164
2020,1,A,골목상권,1000626,구로동로15길,9924,6864,3060,40,1967,3389,2578,1344,606,26,1065,2359,1911,1002,501,14,902,1030,667,342,105
2020,1,A,골목상권,1000625,공원로6가길,6922,4441,2481,32,1107,1791,1942,1338,712,25,618,1156,1274,878,490,7,489,635,668,460,222
2020,1,A,골목상권,1000624,고척로52길,5315,3889,1426,9,400,1118,1534,1736,518,8,220,818,1142,1346,355,1,180,300,392,390,163
2020,1,A,골목상권,1000623,고척로27다길,1272,690,582,2,130,300,292,316,232,0,67,141,129,171,182,2,63,159,163,145,50
2020,1,A,골목상권,1000622,고척로27길,1596,885,711,1,163,351,388,405,288,0,84,177,178,219,227,1,79,174,210,186,61
2020,1,A,골목상권,1000621,고척로21나길,2229,1322,907,6,254,485,526,593,365,1,143,291,294,322,271,5,111,194,232,271,94
2020,1,A,골목상권,1000620,경인로47길,3644,2363,1281,2,400,761,863,902,716,2,204,446,507,589,615,0,196,315,356,313,101
2020,1,A,골목상권,1000619,경인로35길,3129,1831,1298,12,258,628,829,788,614,10,132,353,463,446,427,2,126,275,366,342,187
2020,1,A,골목상권,1000618,경인로31길,1321,763,558,3,145,345,328,294,206,2,72,197,167,165,160,1,73,148,161,129,46
2020,1,A,골목상권,1000617,경인로15길,1956,1167,789,6,166,351,482,573,378,5,82,195,271,328,286,1,84,156,211,245,92
2020,1,A,골목상권,1000616,개봉로3길,1322,779,543,1,198,272,305,307,239,1,89,152,174,189,174,0,109,120,131,118,65
2020,1,A,골목상권,1000615,개봉로2길,5631,2907,2724,35,1132,1548,1201,1212,503,17,640,1025,577,408,240,18,492,523,624,804,263
2020,1,A,골목상권,1000614,개봉로23가길,7606,3974,3632,10,649,1443,1959,2251,1294,6,369,795,938,1066,800,4,280,648,1021,1185,494
2020,1,A,골목상권,1000613,개봉로20길,6983,3822,3161,39,1217,1718,1520,1607,882,20,698,1124,756,688,536,19,519,594,764,919,346
2020,1,A,골목상권,1000612,개봉로1길,1291,852,439,1,188,309,317,260,216,1,87,216,219,170,159,0,101,93,98,90,57
2020,1,A,골목상권,1000611,개봉로17다길,5444,3013,2431,39,1161,1422,1168,1064,590,20,647,952,554,430,410,19,514,470,614,634,180
2020,1,A,골목상권,1000610,개봉로17길,4721,2485,2236,38,1140,1373,992,856,322,20,640,925,436,272,192,18,500,448,556,584,130
2020,1,A,골목상권,1000609,개봉로11길,2872,1300,1572,8,426,520,734,793,391,6,221,284,279,271,239,2,205,236,455,522,152
2020,1,A,골목상권,1000608,화곡로64길,13331,7853,5478,57,2469,3328,2997,2781,1699,22,1004,2243,2108,1478,998,35,1465,1085,889,1303,701
2020,1,A,골목상권,1000607,화곡로59길,11331,6520,4811,40,1642,2904,2786,2885,1074,12,758,1821,1740,1562,627,28,884,1083,1046,1323,447
2020,1,A,골목상권,1000606,화곡로44나길,5789,3797,1992,7,665,1442,1348,1460,867,3,304,817,856,1079,738,4,361,625,492,381,129
2020,1,A,골목상권,1000605,화곡로31길,4177,2189,1988,5,936,866,839,823,708,2,261,447,439,500,540,3,675,419,400,323,168
2020,1,A,골목상권,1000604,화곡로20길,2589,1431,1158,2,298,541,572,670,506,1,151,319,306,360,294,1,147,222,266,310,212
2020,1,A,골목상권,1000603,화곡로13길,1740,973,767,0,175,324,466,509,266,0,88,167,239,280,199,0,87,157,227,229,67
2020,1,A,골목상권,1000602,초원로16길,3604,1800,1804,11,311,461,647,1096,1078,4,143,281,387,446,539,7,168,180,260,650,539
2020,1,A,골목상권,1000601,초록마을로8길,1780,1021,759,8,205,404,487,444,232,6,98,257,294,223,143,2,107,147,193,221,89
2020,1,A,골목상권,1000600,초록마을로3길,4067,2605,1462,5,851,847,792,820,752,1,292,509,512,627,664,4,559,338,280,193,88
2020,1,A,골목상권,1000599,월정로20길,1930,1221,709,16,185,388,520,593,228,14,101,241,326,364,175,2,84,147,194,229,53
2020,1,A,골목상권,1000598,우장산로6길,1666,914,752,0,263,279,400,447,277,0,121,145,190,247,211,0,142,134,210,200,66
2020,1,A,골목상권,1000597,양천로73가길,3841,2556,1285,6,468,916,933,886,632,5,216,579,604,617,535,1,252,337,329,269,97
2020,1,A,골목상권,1000596,양천로71길,12540,4429,8111,21,2025,4005,3917,1801,771,9,628,1414,1004,748,626,12,1397,2591,2913,1053,145
2020,1,A,골목상권,1000595,양천로49길,5710,3599,2111,14,619,1180,1278,1459,1160,8,317,748,781,891,854,6,302,432,497,568,306
2020,1,A,골목상권,1000594,양천로26길,1360,872,488,2,176,295,335,366,186,1,97,186,187,243,158,1,79,109,148,123,28
2020,1,A,골목상권,1000593,양천로24길,1923,1097,826,6,242,403,499,508,265,5,130,249,270,267,176,1,112,154,229,241,89
2020,1,A,골목상권,1000592,양천로24가길,3150,2066,1084,10,315,559,942,851,473,8,176,349,645,541,347,2,139,210,297,310,126
2020,1,A,골목상권,1000591,양천로14길,3079,2104,975,7,260,550,863,863,536,5,152,337,608,574,428,2,108,213,255,289,108
2020,1,A,골목상권,1000590,방화대로6라길,1476,921,555,1,151,323,422,380,199,0,75,205,270,236,135,1,76,118,152,144,64
2020,1,A,골목상권,1000589,방화대로21길,4053,2046,2007,9,399,636,737,1110,1162,2,171,370,450,466,587,7,228,266,287,644,575
2020,1,A,골목상권,1000588,등촌로5길,2909,1351,1558,1,685,836,638,492,257,0,154,367,327,300,203,1,531,469,311,192,54
2020,1,A,골목상권,1000587,등촌로55길,2946,1834,1112,12,417,636,755,673,453,6,182,401,449,436,360,6,235,235,306,237,93
2020,1,A,골목상권,1000586,등촌로51길,2282,1364,918,6,305,436,562,553,420,2,122,234,317,346,343,4,183,202,245,207,77
2020,1,A,골목상권,1000585,등촌로39길,3594,2050,1544,2,439,705,865,921,662,1,209,366,530,552,392,1,230,339,335,369,270
2020,1,A,골목상권,1000584,등촌로13길,1203,700,503,1,108,234,301,339,220,1,43,137,149,206,164,0,65,97,152,133,56
2020,1,A,골목상권,1000583,남부순환로11길,1314,880,434,1,137,302,376,307,191,0,65,187,249,219,160,1,72,115,127,88,31
2020,1,A,골목상권,1000582,까치산로4길,3059,1643,1416,17,504,787,803,634,314,13,203,444,433,368,182,4,301,343,370,266,132
2020,1,A,골목상권,1000581,국회대로7길,3300,1523,1777,3,685,796,697,710,409,2,176,352,364,372,257,1,509,444,333,338,152
2020,1,A,골목상권,1000580,공항대로8길,1968,1203,765,5,230,409,479,485,360,1,96,238,291,308,269,4,134,171,188,177,91
2020,1,A,골목상권,1000579,공항대로61길,4789,3049,1740,16,648,1117,1101,1068,839,12,278,664,694,742,659,4,370,453,407,326,180
2020,1,A,골목상권,1000578,공항대로59다길,6422,4014,2408,16,810,1474,1724,1593,805,12,342,868,1122,1036,634,4,468,606,602,557,171
2020,1,A,골목상권,1000577,공항대로59길,5310,3325,1985,18,847,1253,1193,1161,838,13,380,761,731,777,663,5,467,492,462,384,175
2020,1,A,골목상권,1000576,공항대로55길,9865,6181,3684,31,1979,2664,2300,1763,1128,17,724,1698,1692,1235,815,14,1255,966,608,528,313
2020,1,A,골목상권,1000575,공항대로42길,3316,1427,1889,1,310,526,643,669,1167,0,105,248,294,275,505,1,205,278,349,394,662
2020,1,A,골목상권,1000574,공항대로38길,3757,1683,2074,5,359,584,714,748,1347,3,140,299,351,300,590,2,219,285,363,448,757
2020,1,A,골목상권,1000573,곰달래로60길,3810,1592,2218,2,835,1029,833,744,367,1,201,419,386,358,227,1,634,610,447,386,140
2020,1,A,골목상권,1000572,곰달래로53길,1091,644,447,6,124,230,256,292,183,3,64,138,139,170,130,3,60,92,117,122,53
2020,1,A,골목상권,1000571,곰달래로47길,2067,1097,970,8,272,603,564,430,190,5,138,324,274,230,126,3,134,279,290,200,64
2020,1,A,골목상권,1000570,곰달래로31길,2412,1359,1053,7,336,644,672,497,256,6,167,356,345,309,176,1,169,288,327,188,80
2020,1,A,골목상권,1000569,곰달래로25길,1684,862,822,4,226,323,432,439,260,4,93,173,200,216,176,0,133,150,232,223,84
2020,1,A,골목상권,1000568,개화동로25길,32037,16958,15079,3,5511,10823,8819,5927,954,0,1268,4466,5153,5250,821,3,4243,6357,3666,677,133
2020,1,A,골목상권,1000567,개화동로23길,33039,17452,15587,6,5602,10936,8956,6162,1377,3,1294,4523,5237,5403,992,3,4308,6413,3719,759,385
2020,1,A,골목상권,1000566,강서로8길,2287,1239,1048,7,267,470,599,607,337,6,107,274,315,309,228,1,160,196,284,298,109
2020,1,A,골목상권,1000565,강서로5라길,1890,1096,794,2,190,367,491,500,340,2,100,215,266,260,253,0,90,152,225,240,87
2020,1,A,골목상권,1000564,강서로5나길,2286,1480,806,16,205,464,622,688,291,14,108,299,404,432,223,2,97,165,218,256,68
2020,1,A,골목상권,1000563,강서로5가길,2258,1213,1045,14,236,427,598,647,336,14,110,260,336,316,177,0,126,167,262,331,159
2020,1,A,골목상권,1000562,강서로47라길,1942,898,1044,3,163,335,537,634,270,1,67,145,191,295,199,2,96,190,346,339,71
2020,1,A,골목상권,1000561,강서로47길,1969,880,1089,2,184,371,567,584,261,0,65,170,200,256,189,2,119,201,367,328,72
2020,1,A,골목상권,1000560,강서로45다길,5741,3586,2155,10,725,1321,1435,1418,832,8,394,860,870,833,621,2,331,461,565,585,211
2020,1,A,골목상권,1000559,강서로45길,5233,3255,1978,11,661,1237,1345,1320,659,7,374,831,801,751,491,4,287,406,544,569,168
2020,1,A,골목상권,1000558,강서로35길,2339,1233,1106,3,315,457,541,584,439,2,120,244,274,298,295,1,195,213,267,286,144
2020,1,A,골목상권,1000557,강서로29길,2908,1388,1520,8,437,616,661,679,507,5,155,333,333,310,252,3,282,283,328,369,255
2020,1,A,골목상권,1000556,강서로18길,3094,1910,1184,8,395,789,840,724,338,6,204,465,465,506,264,2,191,324,375,218,74
2020,1,A,골목상권,1000555,강서로17가길,1813,1078,735,5,151,300,482,566,309,3,65,172,258,359,221,2,86,128,224,207,88
2020,1,A,골목상권,1000554,강서로15길,3243,2104,1139,16,288,577,845,1038,479,14,156,350,503,697,384,2,132,227,342,341,95
2020,1,A,골목상권,1000553,가로공원로80길,2802,1680,1122,7,268,522,665,806,534,4,127,316,384,519,330,3,141,206,281,287,204
2020,1,A,골목상권,1000552,가로공원로76가길,2785,1828,957,5,213,451,706,945,465,3,113,266,432,654,360,2,100,185,274,291,105
2020,1,A,골목상권,1000551,화곡로4길,2028,986,1042,0,243,472,465,510,338,0,79,193,198,269,247,0,164,279,267,241,91
2020,1,A,골목상권,1000550,화곡로3길,1610,737,873,7,235,411,427,385,145,4,83,171,183,194,102,3,152,240,244,191,43
2020,1,A,골목상권,1000549,지양로7길,2827,1640,1187,3,253,384,528,705,954,3,148,238,319,415,517,0,105,146,209,290,437
2020,1,A,골목상권,1000548,중앙로55길,2507,1271,1236,9,217,443,656,756,426,8,101,261,324,332,245,1,116,182,332,424,181
2020,1,A,골목상권,1000547,중앙로51길,3024,1674,1350,13,263,472,809,831,636,10,146,264,390,418,446,3,117,208,419,413,190
2020,1,A,골목상권,1000546,중앙로47길,3972,3000,972,4,365,821,893,526,1363,1,161,497,664,384,1293,3,204,324,229,142,70
2020,1,A,골목상권,1000545,중앙로45길,3498,2631,867,7,219,369,584,690,1629,2,100,196,307,489,1537,5,119,173,277,201,92
2020,1,A,골목상권,1000544,중앙로36길,791,390,401,2,98,168,182,188,153,1,34,74,76,101,104,1,64,94,106,87,49
2020,1,A,골목상권,1000543,중앙로32길,8051,4620,3431,28,1512,2034,1907,1652,918,24,525,1230,1141,1015,685,4,987,804,766,637,233
2020,1,A,골목상권,1000542,중앙로25길,7155,4352,2803,28,946,1851,2058,1487,785,23,504,1161,1353,798,513,5,442,690,705,689,272
2020,1,A,골목상권,1000541,은행정로7길,3893,2310,1583,12,838,600,564,661,1218,5,255,285,302,379,1084,7,583,315,262,282,134
2020,1,A,골목상권,1000540,은행정로5길,1327,635,692,2,144,276,287,361,257,1,64,127,122,161,160,1,80,149,165,200,97
2020,1,A,골목상권,1000539,오목로5길,2561,1546,1015,4,195,376,587,789,610,2,85,207,321,472,459,2,110,169,266,317,151
2020,1,A,골목상권,1000538,오목로3길,2742,1990,752,4,147,302,554,918,817,1,67,167,346,666,743,3,80,135,208,252,74
2020,1,A,골목상권,1000537,오목로30길,4088,2402,1686,10,840,599,639,729,1271,4,255,300,329,403,1111,6,585,299,310,326,160
2020,1,A,골목상권,1000536,오목로23길,3264,1648,1616,17,848,638,695,686,380,12,275,352,381,355,273,5,573,286,314,331,107
2020,1,A,골목상권,1000535,신월로20길,1527,957,570,4,142,247,376,387,371,1,63,127,219,235,312,3,79,120,157,152,59
2020,1,A,골목상권,1000534,신월로15길,2407,1676,731,3,127,263,503,781,730,1,55,139,295,540,646,2,72,124,208,241,84
2020,1,A,골목상권,1000533,신목로6길,12839,7152,5687,66,2407,4118,3253,2274,721,31,945,2195,1983,1461,537,35,1462,1923,1270,813,184
2020,1,A,골목상권,1000532,신목로5길,16076,9739,6337,89,2806,5277,4081,2815,1008,66,1341,3237,2618,1825,652,23,1465,2040,1463,990,356
2020,1,A,골목상권,1000531,신목로2길,12127,6779,5348,66,2275,3961,3073,2106,646,31,881,2114,1895,1374,484,35,1394,1847,1178,732,162
2020,1,A,골목상권,1000530,목동중앙서로8가길,3429,1541,1888,4,775,990,813,625,222,2,162,421,430,357,169,2,613,569,383,268,53
2020,1,A,골목상권,1000529,목동중앙서로7길,3933,2050,1883,5,799,1056,935,771,367,1,207,513,540,490,299,4,592,543,395,281,68
2020,1,A,골목상권,1000528,목동중앙북로8길,5137,3009,2128,3,654,1082,1257,1263,878,1,306,610,760,777,555,2,348,472,497,486,323
2020,1,A,골목상권,1000527,목동중앙북로16길,4358,2547,1811,4,563,963,1287,1088,453,3,237,480,842,697,288,1,326,483,445,391,165
2020,1,A,골목상권,1000526,목동중앙본로7길,1797,936,861,4,178,368,433,510,304,4,74,204,205,262,187,0,104,164,228,248,117
2020,1,A,골목상권,1000525,목동중앙로3길,2498,1211,1287,5,284,548,763,592,306,3,124,269,308,274,233,2,160,279,455,318,73
2020,1,A,골목상권,1000524,목동중앙로13나길,1935,1252,683,3,235,575,543,388,191,2,117,338,357,309,129,1,118,237,186,79,62
2020,1,A,골목상권,1000523,목동중앙남로3가길,1936,1069,867,4,198,454,465,515,300,4,84,266,236,278,201,0,114,188,229,237,99
2020,1,A,골목상권,1000522,목동로9길,3502,1840,1662,9,474,817,876,787,539,6,193,430,467,419,325,3,281,387,409,368,214
2020,1,A,골목상권,1000521,목동로19길,4271,2529,1742,5,433,753,802,903,1375,2,127,341,390,513,1156,3,306,412,412,390,219
2020,1,A,골목상권,1000520,목동동로8길,7239,4481,2758,17,1024,2056,1883,1549,710,7,587,1395,1220,855,417,10,437,661,663,694,293
2020,1,A,골목상권,1000519,목동동로12길,18134,10297,7837,113,3684,5643,4400,2944,1350,79,1501,3168,2724,1900,925,34,2183,2475,1676,1044,425
2020,1,A,골목상권,1000518,목동남로4길,2104,1223,881,7,250,507,529,468,343,4,135,297,283,263,241,3,115,210,246,205,102
2020,1,A,골목상권,1000517,남부순환로88길,1848,1273,575,3,104,257,445,634,405,0,44,151,292,462,324,3,60,106,153,172,81
2020,1,A,골목상권,1000516,남부순환로79길,1692,1022,670,2,120,245,415,542,368,0,52,135,225,326,284,2,68,110,190,216,84
2020,1,A,골목상권,1000515,남부순환로70길,3594,2662,932,4,319,506,739,1074,952,2,174,321,493,818,854,2,145,185,246,256,98
2020,1,A,골목상권,1000514,남부순환로58길,1480,847,633,5,182,327,383,415,168,2,95,187,217,232,114,3,87,140,166,183,54
2020,1,A,골목상권,1000513,남부순환로40길,1841,1020,821,1,202,347,410,483,398,0,76,153,193,291,307,1,126,194,217,192,91
2020,1,A,골목상권,1000512,남부순환로33길,2613,1436,1177,1,269,561,577,680,525,1,123,285,299,393,335,0,146,276,278,287,190
2020,1,A,골목상권,1000511,곰달래로5길,2566,1425,1141,4,268,481,549,681,583,2,114,246,271,409,383,2,154,235,278,272,200
2020,1,A,골목상권,1000510,곰달래로3길,2129,1259,870,4,211,408,549,685,272,2,109,227,303,420,198,2,102,181,246,265,74
2020,1,A,골목상권,1000509,곰달래로2길,2257,1536,721,7,230,371,520,739,390,3,127,237,340,512,317,4,103,134,180,227,73
2020,1,A,골목상권,1000508,곰달래로10길,2455,1620,835,7,239,416,579,788,426,4,126,267,371,520,332,3,113,149,208,268,94
2020,1,A,골목상권,1000507,가로공원로58길,1014,585,429,0,101,169,214,309,221,0,36,63,107,199,180,0,65,106,107,110,41
2020,1,A,골목상권,1000506,효창원로93길,2738,1473,1265,2,542,627,683,599,285,2,280,380,336,297,178,0,262,247,347,302,107
2020,1,A,골목상권,1000505,토정로37길,13888,8500,5388,13,2141,3321,3206,2759,2448,9,1058,2025,2191,1716,1501,4,1083,1296,1015,1043,947
2020,1,A,골목상권,1000504,월드컵로8길,11509,5833,5676,65,2414,3563,2751,1693,1023,44,994,1657,1451,962,725,21,1420,1906,1300,731,298
2020,1,A,골목상권,1000503,월드컵로7길,4418,2232,2186,10,765,1063,1090,828,662,5,284,491,597,448,407,5,481,572,493,380,255
2020,1,A,골목상권,1000502,월드컵로36길,2648,1228,1420,9,317,493,697,735,397,5,115,244,323,308,233,4,202,249,374,427,164
2020,1,A,골목상권,1000501,월드컵로25길,1959,1087,872,2,220,387,547,456,347,1,108,213,284,253,228,1,112,174,263,203,119
2020,1,A,골목상권,1000500,월드컵로19길,3830,2335,1495,6,552,727,826,640,1079,4,245,377,435,391,883,2,307,350,391,249,196
2020,1,A,골목상권,1000499,월드컵로16길,5122,2926,2196,8,667,1007,1290,994,1156,6,275,518,675,560,892,2,392,489,615,434,264
2020,1,A,골목상권,1000498,월드컵로11길,3309,1814,1495,5,567,778,860,607,492,3,240,408,469,357,337,2,327,370,391,250,155
2020,1,A,골목상권,1000497,월드컵로10길,6092,3082,3010,13,1002,1583,1610,1144,740,9,385,750,851,614,473,4,617,833,759,530,267
2020,1,A,골목상권,1000496,와우산로3길,3074,1839,1235,31,670,929,704,480,260,20,304,547,460,315,193,11,366,382,244,165,67
2020,1,A,골목상권,1000495,와우산로29길,3716,1999,1717,20,767,935,869,695,430,12,394,551,457,325,260,8,373,384,412,370,170
2020,1,A,골목상권,1000494,와우산로29가길,5051,3328,1723,21,803,1159,1271,1061,736,13,427,759,872,692,565,8,376,400,399,369,171
2020,1,A,골목상권,1000493,양화진길,3858,2187,1671,6,650,1068,1001,766,367,5,243,557,643,507,232,1,407,511,358,259,135
2020,1,A,골목상권,1000492,양화로1길,4275,2265,2010,10,759,1169,1058,771,508,7,296,545,634,448,335,3,463,624,424,323,173
2020,1,A,골목상권,1000491,양화로11길,10929,5400,5529,63,2297,3451,2604,1577,937,44,939,1550,1336,868,663,19,1358,1901,1268,709,274
2020,1,A,골목상권,1000490,신촌로30길,1379,724,655,2,346,446,283,177,125,1,133,247,148,106,89,1,213,199,135,71,36
2020,1,A,골목상권,1000489,신촌로28가길,752,296,456,1,103,194,203,152,99,1,32,69,62,63,69,0,71,125,141,89,30
2020,1,A,골목상권,1000488,신촌로12길,3946,1781,2165,10,815,883,900,792,546,3,354,427,403,298,296,7,461,456,497,494,250
2020,1,A,골목상권,1000487,숭문길,6842,4186,2656,89,1444,1619,1501,1382,807,34,700,979,985,950,538,55,744,640,516,432,269
2020,1,A,골목상권,1000486,숭문8길,2735,1664,1071,0,255,423,605,849,603,0,76,246,380,560,402,0,179,177,225,289,201
2020,1,A,골목상권,1000485,성지3길,3664,2180,1484,10,552,1062,1011,686,343,8,213,554,666,485,254,2,339,508,345,201,89
2020,1,A,골목상권,1000484,성산로4길,7479,4521,2958,22,897,1523,1696,2154,1187,12,500,1039,1117,1133,720,10,397,484,579,1021,467
2020,1,A,골목상권,1000483,성미산로32길,2558,1512,1046,6,463,625,587,513,364,5,196,354,324,336,297,1,267,271,263,177,67
2020,1,A,골목상권,1000482,성미산로1길,7338,4500,2838,19,916,1345,1544,1879,1635,11,463,915,1012,927,1172,8,453,430,532,952,463
2020,1,A,골목상권,1000481,성미산로11길,4046,2664,1382,13,538,998,1026,845,626,11,263,603,695,608,484,2,275,395,331,237,142
2020,1,A,골목상권,1000480,백범로16길,11843,6682,5161,92,2239,2925,2945,2427,1215,37,1118,1683,1682,1366,796,55,1121,1242,1263,1061,419
2020,1,A,골목상권,1000479,방울내로9안길,5395,3168,2227,19,670,1008,1186,1654,858,10,361,737,806,762,492,9,309,271,380,892,366
2020,1,A,골목상권,1000478,모래내로7길,1886,1205,681,3,178,335,447,527,396,2,80,176,294,372,281,1,98,159,153,155,115
2020,1,A,골목상권,1000477,매봉산로2길,7758,4869,2889,7,1643,2988,2130,779,211,4,769,1962,1426,552,156,3,874,1026,704,227,55
2020,1,A,골목상권,1000476,망원로2길,3573,1970,1603,12,911,970,773,517,390,5,529,512,375,277,272,7,382,458,398,240,118
2020,1,A,골목상권,1000475,망원로11길,6899,4290,2609,16,825,1251,1414,1794,1599,8,432,864,941,892,1153,8,393,387,473,902,446
2020,1,A,골목상권,1000474,만리재옛길,7898,4890,3008,27,1351,2535,2248,1325,412,3,689,1516,1496,931,255,24,662,1019,752,394,157
2020,1,A,골목상권,1000473,마포대로4길,12997,8041,4956,19,1972,3107,3139,2694,2066,14,945,1877,2168,1723,1314,5,1027,1230,971,971,752
2020,1,A,골목상권,1000472,마포대로20길,6189,3402,2787,3,1075,2041,1828,915,327,2,565,1167,973,506,189,1,510,874,855,409,138
2020,1,A,골목상권,1000471,마포대로12길,16374,9997,6377,89,3461,4980,4450,2701,693,33,1440,2797,3042,2155,530,56,2021,2183,1408,546,163
2020,1,A,골목상권,1000470,동교로38길,4017,2115,1902,12,763,1016,954,794,478,8,301,513,522,438,333,4,462,503,432,356,145
2020,1,A,골목상권,1000469,동교로27길,7445,4120,3325,26,1274,1892,1719,1388,1146,18,516,1053,1063,794,676,8,758,839,656,594,470
2020,1,A,골목상권,1000468,동교로25길,8136,4596,3540,29,1403,2144,1878,1494,1188,21,558,1182,1203,898,734,8,845,962,675,596,454
2020,1,A,골목상권,1000467,동교로19길,7995,4255,3740,21,1245,2157,2011,1503,1058,16,468,1122,1242,803,604,5,777,1035,769,700,454
2020,1,A,골목상권,1000466,동교로17길,9387,5193,4194,24,1595,2393,2243,1567,1565,15,606,1172,1268,928,1204,9,989,1221,975,639,361
2020,1,A,골목상권,1000465,독막로8길,3879,2189,1690,16,779,1135,970,653,326,8,300,606,606,432,237,8,479,529,364,221,89
2020,1,A,골목상권,1000464,독막로32길,5866,3312,2554,13,738,1526,1597,1417,575,10,314,725,890,950,423,3,424,801,707,467,152
2020,1,A,골목상권,1000463,독막로22길,2658,1530,1128,5,344,594,712,599,404,2,126,277,409,394,322,3,218,317,303,205,82
2020,1,A,골목상권,1000462,도화길,17974,9976,7998,28,3098,4346,4235,3811,2456,16,1498,2609,2619,1790,1444,12,1600,1737,1616,2021,1012
2020,1,A,골목상권,1000461,도화4길,16876,9892,6984,39,2983,3895,3920,3784,2255,21,1543,2617,2510,1864,1337,18,1440,1278,1410,1920,918
2020,1,A,골목상권,1000460,대흥로28길,947,375,572,2,105,198,264,236,142,1,26,55,84,118,91,1,79,143,180,118,51
2020,1,A,골목상권,1000459,대흥로21길,5558,2516,3042,66,2280,1294,799,703,416,23,848,602,358,411,274,43,1432,692,441,292,142
2020,1,A,골목상권,1000458,광성로6길,4309,2311,1998,8,585,1137,1113,1048,418,5,221,510,610,672,293,3,364,627,503,376,125
2020,1,A,골목상권,1000457,홍제내길,1474,745,729,1,180,256,379,425,233,1,74,127,203,209,131,0,106,129,176,216,102
2020,1,A,골목상권,1000456,홍연길,2909,1921,988,55,808,746,494,546,260,30,461,584,302,346,198,25,347,162,192,200,62
2020,1,A,골목상권,1000455,통일로39길,1448,749,699,3,167,225,380,479,194,1,48,109,194,270,127,2,119,116,186,209,67
2020,1,A,골목상권,1000454,통일로37길,1828,904,924,3,190,271,490,592,282,1,55,136,237,310,165,2,135,135,253,282,117
2020,1,A,골목상권,1000453,통일로11길,1521,816,705,4,161,295,393,422,246,2,53,134,211,250,166,2,108,161,182,172,80
2020,1,A,골목상권,1000452,충정로6길,21254,12909,8345,55,3567,6876,5753,3722,1281,25,1596,4024,3722,2578,964,30,1971,2852,2031,1144,317
2020,1,A,골목상권,1000451,충정로4길,10911,6497,4414,17,1800,3206,2959,2041,888,11,900,1947,1794,1228,617,6,900,1259,1165,813,271
2020,1,A,골목상권,1000450,증가로6길,2897,2017,880,35,517,820,647,602,276,30,323,586,463,407,208,5,194,234,184,195,68
2020,1,A,골목상권,1000449,증가로23나길,3726,1805,1921,9,539,808,864,920,586,4,162,387,432,471,349,5,377,421,432,449,237
2020,1,A,골목상권,1000448,증가로20가길,2033,1107,926,1,239,515,577,488,213,0,83,293,306,266,159,1,156,222,271,222,54
2020,1,A,골목상권,1000447,증가로10길,3090,1973,1117,30,543,972,736,605,204,27,332,651,463,354,146,3,211,321,273,251,58
2020,1,A,골목상권,1000446,응암로1길,3491,1774,1717,7,541,903,813,720,507,3,175,500,462,351,283,4,366,403,351,369,224
2020,1,A,골목상권,1000445,연희로10길,7041,5233,1808,4,896,1621,1470,2337,713,1,563,1074,991,2003,601,3,333,547,479,334,112
2020,1,A,골목상권,1000444,신촌로37길,3846,2292,1554,2,702,1092,944,679,427,1,330,659,579,444,279,1,372,433,365,235,148
2020,1,A,골목상권,1000443,수색로8길,2218,1603,615,0,96,232,309,462,1119,0,38,113,136,297,1019,0,58,119,173,165,100
2020,1,A,골목상권,1000442,세무서길,1599,845,754,5,180,231,420,513,250,1,46,119,204,309,166,4,134,112,216,204,84
2020,1,A,골목상권,1000441,세무서2길,1768,917,851,4,192,268,468,568,268,2,55,142,231,312,175,2,137,126,237,256,93
2020,1,A,골목상권,1000440,세검정로1길,7951,1661,6290,3,250,578,2095,3756,1269,1,93,194,366,496,511,2,157,384,1729,3260,758
2020,1,A,골목상권,1000439,북아현로4길,4173,2515,1658,3,713,1133,1023,806,495,1,334,709,630,512,329,2,379,424,393,294,166
2020,1,A,골목상권,1000438,모래내로15길,5054,3015,2039,12,419,756,963,1282,1622,8,251,488,593,697,978,4,168,268,370,585,644
2020,1,A,골목상권,1000437,명지대길,3551,2329,1222,30,580,1061,886,691,303,26,350,746,591,413,203,4,230,315,295,278,100
2020,1,A,골목상권,1000436,독립문로8길,4382,2674,1708,6,482,812,1071,1165,846,3,222,487,686,712,564,3,260,325,385,453,282
2020,1,A,골목상권,1000435,가재울로6길,888,539,349,0,77,134,240,276,161,0,36,70,145,173,115,0,41,64,95,103,46
2020,1,A,골목상권,1000434,통일로92길,2182,1011,1171,7,335,535,557,460,288,5,118,274,240,197,177,2,217,261,317,263,111
2020,1,A,골목상권,1000433,통일로87길,2146,1024,1122,9,346,519,538,443,291,6,121,268,251,200,178,3,225,251,287,243,113
2020,1,A,골목상권,1000432,통일로78길,3460,1707,1753,7,332,481,609,702,1329,2,143,252,274,297,739,5,189,229,335,405,590
2020,1,A,골목상권,1000431,통일로69길,1346,637,709,8,153,255,386,330,214,7,69,128,175,134,124,1,84,127,211,196,90
2020,1,A,골목상권,1000430,진흥로1길,3173,1417,1756,4,333,557,870,870,539,0,110,254,400,372,281,4,223,303,470,498,258
2020,1,A,골목상권,1000429,진흥로12길,2905,1340,1565,8,388,754,791,621,343,6,145,313,368,289,219,2,243,441,423,332,124
2020,1,A,골목상권,1000428,증산서길,2915,2010,905,0,232,477,547,595,1064,0,102,264,283,399,962,0,130,213,264,196,102
2020,1,A,골목상권,1000427,증산로9길,2163,1494,669,2,280,583,607,471,220,2,139,419,427,332,175,0,141,164,180,139,45
2020,1,A,골목상권,1000426,증산로5길,2072,1401,671,0,258,547,578,460,229,0,121,397,406,324,153,0,137,150,172,136,76
2020,1,A,골목상권,1000425,증산로21길,2416,1375,1041,1,253,492,645,577,448,1,133,247,349,321,324,0,120,245,296,256,124
2020,1,A,골목상권,1000424,증산로17길,1533,971,562,1,158,267,349,407,351,1,105,154,187,236,288,0,53,113,162,171,63
2020,1,A,골목상권,1000423,증산로15길,1952,1466,486,3,198,393,502,526,330,3,141,289,360,382,291,0,57,104,142,144,39
2020,1,A,골목상권,1000422,증산로13길,2140,1515,625,3,216,497,551,539,334,3,112,344,398,384,274,0,104,153,153,155,60
2020,1,A,골목상권,1000421,응암로34길,2471,1323,1148,3,276,441,524,582,645,2,123,210,269,282,437,1,153,231,255,300,208
2020,1,A,골목상권,1000420,응암로22길,1297,807,490,1,145,210,288,366,287,1,79,121,163,219,224,0,66,89,125,147,63
2020,1,A,골목상권,1000419,응암로14길,1013,417,596,1,128,206,284,266,128,0,35,71,108,122,81,1,93,135,176,144,47
2020,1,A,골목상권,1000418,응암로13길,1445,689,756,2,130,245,361,401,306,1,40,79,135,204,230,1,90,166,226,197,76
2020,1,A,골목상권,1000417,응암로12길,1435,563,872,1,166,271,408,394,195,0,45,84,145,163,126,1,121,187,263,231,69
2020,1,A,골목상권,1000416,은평로8길,2497,1530,967,3,244,406,580,610,654,2,113,215,332,354,514,1,131,191,248,256,140
2020,1,A,골목상권,1000415,은평로3길,2891,1471,1420,3,254,536,804,767,527,1,96,257,390,370,357,2,158,279,414,397,170
2020,1,A,골목상권,1000414,은평로20길,3249,1745,1504,5,395,859,865,854,271,3,193,415,422,525,187,2,202,444,443,329,84
2020,1,A,골목상권,1000413,은평로13길,4882,2635,2247,11,464,981,1167,1295,964,5,204,443,579,730,674,6,260,538,588,565,290
2020,1,A,골목상권,1000412,은평로10길,2810,1504,1306,6,287,449,620,714,734,4,131,216,311,338,504,2,156,233,309,376,230
2020,1,A,골목상권,1000411,연서로5길,3063,1436,1627,3,492,601,791,742,434,1,202,274,346,323,290,2,290,327,445,419,144
2020,1,A,골목상권,1000410,연서로41길,2016,1078,938,1,100,185,246,350,1134,0,42,105,102,176,653,1,58,80,144,174,481
2020,1,A,골목상권,1000409,연서로3길,2341,1159,1182,5,259,448,668,606,355,2,111,227,323,264,232,3,148,221,345,342,123
2020,1,A,골목상권,1000408,연서로34길,2541,1241,1300,4,149,280,401,486,1221,2,53,139,160,202,685,2,96,141,241,284,536
2020,1,A,골목상권,1000407,연서로33길,2718,1375,1343,3,170,344,389,525,1287,1,57,190,184,226,717,2,113,154,205,299,570
2020,1,A,골목상권,1000406,연서로29길,2086,818,1268,9,331,486,525,473,262,6,84,193,201,183,151,3,247,293,324,290,111
2020,1,A,골목상권,1000405,연서로28길,2622,1207,1415,11,448,580,692,556,335,6,144,281,297,265,214,5,304,299,395,291,121
2020,1,A,골목상권,1000404,연서로27길,2703,1310,1393,12,373,580,685,599,454,7,109,276,302,294,322,5,264,304,383,305,132
2020,1,A,골목상권,1000403,연서로21길,4079,2411,1668,10,316,591,958,1350,854,6,125,324,486,850,620,4,191,267,472,500,234
2020,1,A,골목상권,1000402,연서로17길,4262,2441,1821,10,328,658,981,1413,872,3,130,338,493,861,616,7,198,320,488,552,256
2020,1,A,골목상권,1000401,연서로16길,3513,1430,2083,12,551,724,911,861,454,3,172,291,372,331,261,9,379,433,539,530,193
2020,1,A,골목상권,1000400,연서로13길,4099,2157,1942,11,554,694,881,1307,652,2,181,304,429,794,447,9,373,390,452,513,205
2020,1,A,골목상권,1000399,연서로11길,2285,1161,1124,10,456,477,497,471,374,3,193,221,235,256,253,7,263,256,262,215,121
2020,1,A,골목상권,1000398,역말로9길,2151,1132,1019,3,261,472,592,464,359,3,101,238,301,230,259,0,160,234,291,234,100
2020,1,A,골목상권,1000397,수색로18길,570,385,185,0,61,95,137,169,108,0,25,54,96,122,88,0,36,41,41,47,20
2020,1,A,골목상권,1000396,서오릉로8길,2126,1123,1003,11,274,456,566,478,341,8,113,217,290,250,245,3,161,239,276,228,96
2020,1,A,골목상권,1000395,서오릉로21길,2587,1706,881,2,196,423,582,951,433,0,71,199,318,750,368,2,125,224,264,201,65
2020,1,A,골목상권,1000394,불광천길,1739,1013,726,2,175,341,436,474,311,2,94,177,240,274,226,0,81,164,196,200,85
2020,1,A,골목상권,1000393,갈현로7길,2513,1162,1351,8,465,592,616,529,303,2,160,291,307,215,187,6,305,301,309,314,116
2020,1,A,골목상권,1000392,갈현로41길,1687,960,727,7,251,413,396,381,239,4,139,253,226,189,149,3,112,160,170,192,90
2020,1,A,골목상권,1000391,갈현로33길,1587,732,855,5,210,381,379,418,194,2,90,175,175,167,123,3,120,206,204,251,71
2020,1,A,골목상권,1000390,갈현로1길,1825,900,925,6,304,414,399,358,344,1,100,195,204,167,233,5,204,219,195,191,111
2020,1,A,골목상권,1000389,가좌로7길,2176,1151,1025,0,223,439,587,577,350,0,87,234,282,302,246,0,136,205,305,275,104
2020,1,A,골목상권,1000388,한글비석로44길,1614,800,814,3,101,158,255,416,681,2,45,84,104,182,383,1,56,74,151,234,298
2020,1,A,골목상권,1000387,한글비석로24길,1357,635,722,6,134,222,327,384,284,2,41,105,152,179,156,4,93,117,175,205,128
2020,1,A,골목상권,1000386,한글비석로22길,1955,947,1008,7,220,393,505,492,338,2,81,195,259,208,202,5,139,198,246,284,136
2020,1,A,골목상권,1000385,석계로1길,1699,812,887,4,181,273,422,477,342,2,66,112,183,225,224,2,115,161,239,252,118
2020,1,A,골목상권,1000384,상계로9가길,1790,778,1012,6,219,309,471,494,291,4,76,161,196,203,138,2,143,148,275,291,153
2020,1,A,골목상권,1000383,상계로1길,1710,765,945,3,199,318,434,471,285,0,74,174,195,192,130,3,125,144,239,279,155
2020,1,A,골목상권,1000382,상계로12길,2778,1526,1252,15,390,539,719,680,435,11,153,297,366,381,318,4,237,242,353,299,117
2020,1,A,골목상권,1000381,동일로242길,1655,907,748,4,185,318,384,419,345,4,87,188,203,233,192,0,98,130,181,186,153
2020,1,A,골목상권,1000380,동일로192길,2933,1744,1189,7,250,389,576,757,954,3,125,174,285,514,643,4,125,215,291,243,311
2020,1,A,골목상권,1000379,동일로173가길,4507,2423,2084,7,423,581,929,1317,1250,3,198,330,466,658,768,4,225,251,463,659,482
2020,1,A,골목상권,1000378,공릉로58길,3479,2325,1154,5,354,680,894,1015,531,2,168,397,576,768,414,3,186,283,318,247,117
2020,1,A,골목상권,1000377,해등로16길,6159,3977,2182,2,696,1378,1486,1288,1309,0,374,978,1050,696,879,2,322,400,436,592,430
2020,1,A,골목상권,1000376,우이천로4다길,1311,783,528,4,134,226,369,393,185,1,50,132,220,253,127,3,84,94,149,140,58
2020,1,A,골목상권,1000375,우이천로32길,1433,692,741,0,202,304,375,355,197,0,60,133,156,173,170,0,142,171,219,182,27
2020,1,A,골목상권,1000374,시루봉로23길,2007,1393,614,7,171,326,422,562,519,5,88,210,238,396,456,2,83,116,184,166,63
2020,1,A,골목상권,1000373,삼양로144길,721,298,423,0,103,108,183,165,162,0,19,38,81,65,95,0,84,70,102,100,67
2020,1,A,골목상권,1000372,방학로6가길,941,461,480,1,99,154,245,255,187,1,50,76,111,123,100,0,49,78,134,132,87
2020,1,A,골목상권,1000371,방학로5길,1988,902,1086,4,311,470,491,452,260,2,93,231,236,191,149,2,218,239,255,261,111
2020,1,A,골목상권,1000370,방학로15길,2236,1446,790,7,437,536,516,461,279,7,294,319,346,250,230,0,143,217,170,211,49
2020,1,A,골목상권,1000369,방학로10길,1322,623,699,3,143,331,353,297,195,2,49,153,162,134,123,1,94,178,191,163,72
2020,1,A,골목상권,1000368,도봉산길,1275,888,387,0,43,90,247,427,468,0,15,52,178,333,310,0,28,38,69,94,158
2020,1,A,골목상권,1000367,도봉산4길,1096,811,285,0,23,63,199,380,431,0,9,36,157,317,292,0,14,27,42,63,139
2020,1,A,골목상권,1000366,도봉로181길,749,388,361,0,59,110,179,202,199,0,13,51,75,106,143,0,46,59,104,96,56
2020,1,A,골목상권,1000365,도봉로169나길,1230,878,352,2,64,188,229,399,348,1,24,106,144,296,307,1,40,82,85,103,41
2020,1,A,골목상권,1000364,도봉로156길,1281,929,352,1,66,160,250,386,418,0,22,92,148,293,374,1,44,68,102,93,44
2020,1,A,골목상권,1000363,도봉로152가길,1287,838,449,2,75,174,250,407,379,1,22,83,135,283,314,1,53,91,115,124,65
2020,1,A,골목상권,1000362,도봉로147길,2653,1366,1287,6,287,448,600,920,392,2,150,267,298,428,221,4,137,181,302,492,171
2020,1,A,골목상권,1000361,도봉로143길,1706,982,724,5,215,362,408,444,272,4,97,219,241,254,167,1,118,143,167,190,105
2020,1,A,골목상권,1000360,도봉로114길,1941,1023,918,5,269,361,447,514,345,1,92,141,236,305,248,4,177,220,211,209,97
2020,1,A,골목상권,1000359,도봉로109길,3318,1622,1696,7,603,745,790,742,431,4,153,339,417,416,293,3,450,406,373,326,138
2020,1,A,골목상권,1000358,도당로29길,2804,1527,1277,6,275,496,683,858,486,5,150,329,325,355,363,1,125,167,358,503,123
2020,1,A,골목상권,1000357,도당로19길,1552,583,969,3,174,260,433,537,145,3,86,151,140,127,76,0,88,109,293,410,69
2020,1,A,골목상권,1000356,도당로13바길,1045,467,578,0,92,205,263,215,270,0,37,93,114,102,121,0,55,112,149,113,149
2020,1,A,골목상권,1000355,도당로13가길,742,396,346,1,86,149,193,177,136,1,41,79,88,97,90,0,45,70,105,80,46
2020,1,A,골목상권,1000354,덕릉로60길,1084,606,478,2,100,216,311,274,181,1,31,122,184,148,120,1,69,94,127,126,61
2020,1,A,골목상권,1000353,노해로63다길,5926,3931,1995,6,637,1379,1476,1182,1246,4,352,984,1046,677,868,2,285,395,430,505,378
2020,1,A,골목상권,1000352,노해로60길,2005,1119,886,7,258,399,475,517,349,4,89,178,266,326,256,3,169,221,209,191,93
2020,1,A,골목상권,1000351,한천로140길,3507,1801,1706,6,375,859,910,874,483,5,143,394,473,511,275,1,232,465,437,363,208
2020,1,A,골목상권,1000350,한천로139가길,3365,1468,1897,10,307,680,719,776,873,8,97,267,327,445,324,2,210,413,392,331,549
2020,1,A,골목상권,1000349,한천로132길,4083,2319,1764,7,454,1047,975,1035,565,6,199,551,552,683,328,1,255,496,423,352,237
2020,1,A,골목상권,1000348,한천로130길,1159,597,562,1,133,204,272,293,256,1,41,90,149,145,171,0,92,114,123,148,85
2020,1,A,골목상권,1000347,한천로124나길,1582,1052,530,0,241,388,333,398,222,0,121,259,215,305,152,0,120,129,118,93,70
2020,1,A,골목상권,1000346,한천로109길,1731,911,820,10,206,332,401,448,334,7,68,155,215,251,215,3,138,177,186,197,119
2020,1,A,골목상권,1000345,인수봉로79길,2108,1156,952,6,278,520,511,519,274,6,117,278,273,275,207,0,161,242,238,244,67
2020,1,A,골목상권,1000344,인수봉로72길,3985,2568,1417,0,249,550,888,1099,1199,0,80,281,601,772,834,0,169,269,287,327,365
2020,1,A,골목상권,1000343,인수봉로56길,2237,1341,896,0,190,405,586,707,349,0,63,185,366,456,271,0,127,220,220,251,78
2020,1,A,골목상권,1000342,오패산로67길,3448,1963,1485,8,408,621,684,869,858,4,167,359,360,538,535,4,241,262,324,331,323
2020,1,A,골목상권,1000341,오패산로52길,1713,1004,709,2,181,340,484,464,242,2,88,176,274,293,171,0,93,164,210,171,71
2020,1,A,골목상권,1000340,오패산로30길,1173,548,625,8,119,172,341,288,245,6,52,74,144,127,145,2,67,98,197,161,100
2020,1,A,골목상권,1000339,수유로12길,3114,1486,1628,5,344,454,641,822,848,1,84,188,264,398,551,4,260,266,377,424,297
2020,1,A,골목상권,1000338,솔샘로65길,1680,791,889,8,123,270,394,410,475,7,33,99,167,220,265,1,90,171,227,190,210
2020,1,A,골목상권,1000337,솔매로50길,2145,1151,994,8,231,442,606,562,296,7,91,188,300,340,225,1,140,254,306,222,71
2020,1,A,골목상권,1000336,솔매로45길,1602,867,735,3,192,330,439,424,214,1,78,149,251,252,136,2,114,181,188,172,78
2020,1,A,골목상권,1000335,솔매로41길,1599,892,707,1,186,336,458,426,192,0,83,170,253,259,127,1,103,166,205,167,65
2020,1,A,골목상권,1000334,삼양로93길,2583,1532,1051,0,221,467,693,790,412,0,66,225,438,496,307,0,155,242,255,294,105
2020,1,A,골목상권,1000333,삼양로77길,1258,524,734,1,124,256,353,391,133,0,45,102,142,156,79,1,79,154,211,235,54
2020,1,A,골목상권,1000332,삼양로54길,1233,592,641,2,94,151,242,315,429,2,29,62,121,168,210,0,65,89,121,147,219
2020,1,A,골목상권,1000331,삼양로41길,1030,584,446,5,119,193,245,241,227,3,52,86,124,148,171,2,67,107,121,93,56
2020,1,A,골목상권,1000330,삼양로27길,1407,729,678,1,238,381,422,238,127,0,94,204,231,110,90,1,144,177,191,128,37
2020,1,A,골목상권,1000329,삼양로24길,1095,702,393,2,75,180,273,290,275,1,35,88,154,196,228,1,40,92,119,94,47
2020,1,A,골목상권,1000328,삼양로20길,5023,2590,2433,416,1990,1284,666,420,247,177,890,703,373,240,207,239,1100,581,293,180,40
2020,1,A,골목상권,1000327,삼각산로28길,4686,2178,2508,9,400,813,913,1212,1339,8,129,336,409,677,619,1,271,477,504,535,720
2020,1,A,골목상권,1000326,도봉로99길,1726,787,939,1,383,412,412,379,139,0,101,196,193,201,96,1,282,216,219,178,43
2020,1,A,골목상권,1000325,도봉로8길,860,355,505,3,132,188,214,200,123,2,33,68,83,88,81,1,99,120,131,112,42
2020,1,A,골목상권,1000324,도봉로76길,4137,2376,1761,5,482,796,901,1078,875,1,210,455,513,657,540,4,272,341,388,421,335
2020,1,A,골목상권,1000323,도봉로67길,1676,842,834,3,218,339,441,433,242,1,78,158,230,231,144,2,140,181,211,202,98
2020,1,A,골목상권,1000322,도봉로45길,1984,992,992,1,190,389,536,486,382,1,82,178,276,282,173,0,108,211,260,204,209
2020,1,A,골목상권,1000321,도봉로18길,1442,705,737,7,132,243,417,378,265,6,39,87,162,199,212,1,93,156,255,179,53
2020,1,A,골목상권,1000320,도봉로13길,931,573,358,1,93,187,219,267,164,1,37,98,126,181,130,0,56,89,93,86,34
2020,1,A,골목상권,1000319,덕릉로41길,4574,2478,2096,10,512,1051,1028,1202,771,8,199,522,530,774,445,2,313,529,498,428,326
2020,1,A,골목상권,1000318,덕릉로40길,981,475,506,2,125,130,270,309,145,0,52,61,101,172,89,2,73,69,169,137,56
2020,1,A,골목상권,1000317,노해로33길,1032,522,510,1,143,197,273,255,163,0,44,97,126,133,122,1,99,100,147,122,41
2020,1,A,골목상권,1000316,노해로23길,1488,1041,447,2,136,183,370,533,264,0,57,103,259,417,205,2,79,80,111,116,59
2020,1,A,골목상권,1000315,노해로17길,3379,1488,1891,5,286,662,736,802,888,4,89,266,337,462,330,1,197,396,399,340,558
2020,1,A,골목상권,1000314,화랑로40길,2188,1476,712,1,140,177,301,419,1150,0,52,85,162,259,918,1,88,92,139,160,232
2020,1,A,골목상권,1000313,화랑로32길,1528,947,581,4,186,373,394,357,214,0,71,233,235,238,170,4,115,140,159,119,44
2020,1,A,골목상권,1000312,화랑로1길,3846,2556,1290,6,357,646,771,887,1179,3,178,396,449,596,934,3,179,250,322,291,245
2020,1,A,골목상권,1000311,화랑로19길,1924,1083,841,4,339,477,528,372,204,1,153,280,296,204,149,3,186,197,232,168,55
2020,1,A,골목상권,1000310,화랑로14길,3348,2039,1309,3,554,1083,785,586,337,0,266,704,461,360,248,3,288,379,324,226,89
2020,1,A,골목상권,1000309,화랑로13길,3666,2389,1277,1,489,1018,810,696,652,0,231,675,508,447,528,1,258,343,302,249,124
2020,1,A,골목상권,1000308,한천로76길,1061,657,404,2,138,204,254,283,180,0,66,104,141,203,143,2,72,100,113,80,37
2020,1,A,골목상권,1000307,한천로101가길,700,312,388,6,87,145,201,154,107,4,36,61,84,55,72,2,51,84,117,99,35
2020,1,A,골목상권,1000306,창경궁로43길,6137,3067,3070,30,812,1435,1729,1420,711,19,288,670,898,770,422,11,524,765,831,650,289
2020,1,A,골목상권,1000305,지봉로20길,7371,5614,1757,7,803,2211,1513,1469,1368,2,447,1781,1218,1191,975,5,356,430,295,278,393
2020,1,A,골목상권,1000304,종암로5길,976,488,488,0,107,230,308,227,104,0,37,97,153,139,62,0,70,133,155,88,42
2020,1,A,골목상권,1000303,종암로24가길,1829,1059,770,2,233,409,426,551,208,0,115,271,248,336,89,2,118,138,178,215,119
2020,1,A,골목상권,1000302,종암로21길,21348,11507,9841,61,1725,5284,7395,5936,947,12,757,1915,3385,4717,721,49,968,3369,4010,1219,226
2020,1,A,골목상권,1000301,종암로19길,19081,9789,9292,57,1523,4879,6999,5431,192,13,621,1616,3100,4314,125,44,902,3263,3899,1117,67
2020,1,A,골목상권,1000300,종암로16길,1435,562,873,3,196,255,347,385,249,1,61,104,137,147,112,2,135,151,210,238,137
2020,1,A,골목상권,1000299,정릉로8길,1934,1384,550,15,321,601,450,314,233,14,185,439,354,247,145,1,136,162,96,67,88
2020,1,A,골목상권,1000298,정릉로27길,2503,1119,1384,2,395,517,679,574,336,0,110,215,269,295,230,2,285,302,410,279,106
2020,1,A,골목상권,1000297,정릉로26길,1495,568,927,1,255,373,406,316,144,0,62,153,129,131,93,1,193,220,277,185,51
2020,1,A,골목상권,1000296,장위로50길,2540,1674,866,6,201,300,339,457,1237,2,67,159,170,269,1007,4,134,141,169,188,230
2020,1,A,골목상권,1000295,장월로1길,3837,2383,1454,5,671,1155,920,721,365,1,334,778,573,433,264,4,337,377,347,288,101
2020,1,A,골목상권,1000294,인촌로6길,7167,5526,1641,11,781,2081,1360,1419,1515,5,480,1723,1109,1120,1089,6,301,358,251,299,426
2020,1,A,골목상권,1000293,인촌로5길,3744,2001,1743,8,384,927,1023,1089,313,2,132,383,542,741,201,6,252,544,481,348,112
2020,1,A,골목상권,1000292,인촌로24길,3279,2060,1219,3,363,782,950,756,425,0,148,448,603,521,340,3,215,334,347,235,85
2020,1,A,골목상권,1000291,개운사길,1657,853,804,1,198,454,562,333,109,0,70,197,309,202,75,1,128,257,253,131,34
2020,1,A,골목상권,1000290,인촌로1길,5136,2931,2205,11,550,1230,1246,1337,762,3,244,628,732,871,453,8,306,602,514,466,309
2020,1,A,골목상권,1000289,인촌로17가길,1215,677,538,1,241,377,311,175,110,0,115,240,168,88,66,1,126,137,143,87,44
2020,1,A,골목상권,1000288,오패산로4길,4408,2833,1575,4,583,1149,982,932,758,2,286,749,590,605,601,2,297,400,392,327,157
2020,1,A,골목상권,1000287,오패산로3길,2850,1845,1005,4,209,352,537,564,1184,4,84,169,284,372,932,0,125,183,253,192,252
2020,1,A,골목상권,1000286,오패산로19길,1435,649,786,8,205,309,385,334,194,7,70,129,176,158,109,1,135,180,209,176,85
2020,1,A,골목상권,1000285,안암로5길,4306,2796,1510,12,544,890,945,942,973,5,289,608,638,609,647,7,255,282,307,333,326
2020,1,A,골목상권,1000284,아리랑로4길,2365,1201,1164,21,341,481,540,576,406,16,110,203,273,322,277,5,231,278,267,254,129
2020,1,A,골목상권,1000283,솔샘로6길,912,567,345,0,69,143,230,271,199,0,25,73,132,188,149,0,44,70,98,83,50
2020,1,A,골목상권,1000282,성북로8길,4182,2354,1828,23,494,912,1411,968,374,12,211,482,771,591,287,11,283,430,640,377,87
2020,1,A,골목상권,1000281,삼양로8길,5716,2840,2876,421,2108,1423,856,565,343,178,934,772,460,247,249,243,1174,651,396,318,94
2020,1,A,골목상권,1000280,삼선교로16가길,2374,1509,865,2,288,621,698,570,195,0,104,382,484,420,119,2,184,239,214,150,76
2020,1,A,골목상권,1000279,삼선교로10다길,2140,1279,861,3,162,256,647,619,453,0,60,121,380,400,318,3,102,135,267,219,135
2020,1,A,골목상권,1000278,삼선교로10길,2448,1319,1129,4,222,314,722,727,459,2,76,134,409,421,277,2,146,180,313,306,182
2020,1,A,골목상권,1000277,보문로32길,3795,2025,1770,12,402,961,1025,1093,302,5,150,395,543,737,195,7,252,566,482,356,107
2020,1,A,골목상권,1000276,보문로31길,6816,3595,3221,9,765,1759,2112,1724,447,2,270,782,1077,1187,277,7,495,977,1035,537,170
2020,1,A,골목상권,1000275,보문로26길,1538,813,725,1,285,437,401,268,146,0,127,270,209,121,86,1,158,167,192,147,60
2020,1,A,골목상권,1000274,보문로13길,6379,4803,1576,7,521,1743,1183,1318,1607,1,318,1444,946,1014,1080,6,203,299,237,304,527
2020,1,A,골목상권,1000273,보국문로16길,1473,809,664,2,134,166,324,455,392,0,44,77,162,269,257,2,90,89,162,186,135
2020,1,A,골목상권,1000272,동소문로6길,3075,1751,1324,11,285,567,1022,837,353,4,130,325,582,467,243,7,155,242,440,370,110
2020,1,A,골목상권,1000271,동소문로2길,2629,1268,1361,8,361,575,735,574,376,5,162,334,362,209,196,3,199,241,373,365,180
2020,1,A,골목상권,1000270,동소문로26가길,2325,1062,1263,23,336,488,529,546,403,11,90,178,233,281,269,12,246,310,296,265,134
2020,1,A,골목상권,1000269,동소문로15길,13122,7940,5182,60,2012,3087,4057,2407,1499,26,932,1807,2691,1751,733,34,1080,1280,1366,656,766
2020,1,A,골목상권,1000268,동소문로13길,15530,8923,6607,61,2321,3756,4947,2768,1677,27,1042,2114,3047,1895,798,34,1279,1642,1900,873,879
2020,1,A,골목상권,1000267,돌곶이로8길,1501,991,510,3,168,348,339,377,266,0,78,211,198,280,224,3,90,137,141,97,42
2020,1,A,골목상권,1000266,돌곶이로41길,578,281,297,5,93,145,159,113,63,3,42,78,81,42,35,2,51,67,78,71,28
2020,1,A,골목상권,1000265,돌곶이로28길,2464,1679,785,6,192,251,323,451,1241,1,75,134,182,273,1014,5,117,117,141,178,227
2020,1,A,골목상권,1000264,돌곶이로27길,1146,638,508,1,113,202,254,253,323,0,35,95,119,131,258,1,78,107,135,122,65
2020,1,A,골목상권,1000263,돌곶이로22길,2523,1745,778,4,227,361,362,436,1133,0,104,229,227,270,915,4,123,132,135,166,218
2020,1,A,골목상권,1000262,돌곶이로14길,1130,729,401,3,138,285,273,289,142,0,69,183,170,195,112,3,69,102,103,94,30
2020,1,A,골목상권,1000261,길음로7길,2033,690,1343,9,643,584,388,269,140,0,112,217,147,119,95,9,531,367,241,150,45
2020,1,A,골목상권,1000260,중랑천로10길,3242,2165,1077,11,329,735,995,928,244,10,150,453,692,689,171,1,179,282,303,239,73
2020,1,A,골목상권,1000259,용마산로94길,1479,1008,471,1,135,212,335,428,368,0,46,122,218,335,287,1,89,90,117,93,81
2020,1,A,골목상권,1000258,용마산로118길,1833,1219,614,3,134,257,368,560,511,1,50,110,200,400,458,2,84,147,168,160,53
2020,1,A,골목상권,1000257,용마산로112길,1061,691,370,3,77,147,200,352,282,1,29,62,111,243,245,2,48,85,89,109,37
2020,1,A,골목상권,1000256,용마산로100길,1375,864,511,0,108,178,316,388,385,0,39,93,188,261,283,0,69,85,128,127,102
2020,1,A,골목상권,1000255,신내로7가길,2885,1702,1183,7,421,599,614,650,594,4,252,346,321,339,440,3,169,253,293,311,154
2020,1,A,골목상권,1000254,사가정로54길,2447,1561,886,4,257,394,587,682,523,4,98,209,351,486,413,0,159,185,236,196,110
2020,1,A,골목상권,1000253,사가정로42길,1480,984,496,2,143,326,437,379,193,2,79,194,297,268,144,0,64,132,140,111,49
2020,1,A,골목상권,1000252,봉화산로56길,6034,3615,2419,7,777,1325,1309,1525,1091,6,404,672,687,972,874,1,373,653,622,553,217
2020,1,A,골목상권,1000251,봉화산로4길,1177,649,528,7,163,237,282,241,247,6,79,99,141,134,190,1,84,138,141,107,57
2020,1,A,골목상권,1000250,봉화산로30길,2185,1269,916,11,274,462,498,523,417,10,120,230,272,306,331,1,154,232,226,217,86
2020,1,A,골목상권,1000249,봉우재로33길,2885,1792,1093,6,408,726,863,553,329,3,226,499,471,322,271,3,182,227,392,231,58
2020,1,A,골목상권,1000248,면목로78길,2567,1467,1100,3,353,606,757,571,277,0,176,401,378,294,218,3,177,205,379,277,59
2020,1,A,골목상권,1000247,면목로56길,2604,1612,992,5,254,532,633,676,504,0,94,286,378,479,375,5,160,246,255,197,129
2020,1,A,골목상권,1000246,면목로55길,2381,1425,956,4,284,506,594,560,433,1,120,285,316,372,331,3,164,221,278,188,102
2020,1,A,골목상권,1000245,면목로49길,2892,1746,1146,6,325,625,796,681,459,3,139,346,451,460,347,3,186,279,345,221,112
2020,1,A,골목상권,1000244,면목로48길,2802,1706,1096,6,308,506,636,752,594,2,99,241,361,531,472,4,209,265,275,221,122
2020,1,A,골목상권,1000243,면목로45길,2478,1502,976,5,260,477,642,635,459,2,95,236,362,453,354,3,165,241,280,182,105
2020,1,A,골목상권,1000242,면목로33길,1771,1210,561,3,146,273,467,639,243,2,61,154,307,496,190,1,85,119,160,143,53
2020,1,A,골목상권,1000241,면목로21길,1619,1149,470,1,128,228,394,595,273,1,63,138,260,478,209,0,65,90,134,117,64
2020,1,A,골목상권,1000240,망우로73길,1580,995,585,2,129,243,331,503,372,1,48,97,162,350,337,1,81,146,169,153,35
2020,1,A,골목상권,1000239,망우로68길,1840,1024,816,11,182,275,356,549,467,2,56,90,174,333,369,9,126,185,182,216,98
2020,1,A,골목상권,1000238,동일로163길,1116,609,507,1,113,238,281,312,171,1,33,124,148,186,117,0,80,114,133,126,54
2020,1,A,골목상권,1000237,동일로157길,2828,1746,1082,2,371,654,717,740,344,2,195,416,418,482,233,0,176,238,299,258,111
2020,1,A,골목상권,1000236,동일로149길,1644,1148,496,1,250,431,408,418,136,1,160,301,274,311,101,0,90,130,134,107,35
2020,1,A,골목상권,1000235,동일로140길,2688,1741,947,1,373,630,649,637,398,1,212,366,386,448,328,0,161,264,263,189,70
2020,1,A,골목상권,1000234,동일로139길,1911,1335,576,2,290,481,447,429,262,2,182,319,296,333,203,0,108,162,151,96,59
2020,1,A,골목상권,1000233,동일로139가길,2323,1520,803,2,338,578,560,546,299,2,202,364,338,382,232,0,136,214,222,164,67
2020,1,A,골목상권,1000232,동일로130길,1739,907,832,0,221,381,428,392,317,0,80,163,212,207,245,0,141,218,216,185,72
2020,1,A,골목상권,1000231,동일로123길,2657,1671,986,4,253,497,628,611,664,2,112,252,362,403,540,2,141,245,266,208,124
2020,1,A,골목상권,1000230,동일로112길,4163,2571,1592,5,455,878,1184,921,720,0,216,554,654,565,582,5,239,324,530,356,138
2020,1,A,골목상권,1000229,동일로101길,1342,738,604,2,111,223,316,394,296,1,38,102,165,210,222,1,73,121,151,184,74
2020,1,A,골목상권,1000228,동일로100길,3062,1918,1144,5,382,644,840,712,479,1,186,437,469,435,390,4,196,207,371,277,89
2020,1,A,골목상권,1000227,답십리로75길,1647,1158,489,2,146,269,413,594,223,1,61,158,284,477,177,1,85,111,129,117,46
2020,1,A,골목상권,1000226,공릉로2길,1693,846,847,0,190,354,448,430,271,0,59,167,211,219,190,0,131,187,237,211,81
2020,1,A,골목상권,1000225,공릉로12가길,1387,675,712,5,120,302,379,375,206,1,41,141,168,184,140,4,79,161,211,191,66
2020,1,A,골목상권,1000224,겸재로54길,1723,989,734,2,149,360,435,489,288,0,52,182,235,314,206,2,97,178,200,175,82
2020,1,A,골목상권,1000223,겸재로36길,1894,1125,769,2,224,410,491,451,316,1,99,235,263,282,245,1,125,175,228,169,71
2020,1,A,골목상권,1000222,겸재로29길,2514,1442,1072,3,356,591,717,548,299,0,154,393,354,299,242,3,202,198,363,249,57
2020,1,A,골목상권,1000221,휘경로3길,1648,978,670,1,105,240,504,490,308,1,31,114,291,337,204,0,74,126,213,153,104
2020,1,A,골목상권,1000220,휘경로2길,3049,1311,1738,1,618,820,765,547,298,0,109,292,374,339,197,1,509,528,391,208,101
2020,1,A,골목상권,1000219,휘경로23길,614,320,294,1,67,110,160,169,107,1,22,58,78,92,69,0,45,52,82,77,38
2020,1,A,골목상권,1000218,휘경로14길,1479,863,616,2,157,276,399,372,273,0,59,153,246,256,149,2,98,123,153,116,124
2020,1,A,골목상권,1000217,한천로46길,2745,1664,1081,7,257,609,744,699,429,4,108,329,405,450,368,3,149,280,339,249,61
2020,1,A,골목상권,1000216,한천로40길,3901,2396,1505,42,1579,638,549,630,463,24,890,432,324,364,362,18,689,206,225,266,101
2020,1,A,골목상권,1000215,한천로33길,3866,2281,1585,44,1555,669,619,604,375,25,889,443,365,303,256,19,666,226,254,301,119
2020,1,A,골목상권,1000214,한천로14길,4755,3015,1740,10,482,875,1053,1151,1184,8,265,564,729,724,725,2,217,311,324,427,459
2020,1,A,골목상권,1000213,천호대로97길,2965,1783,1182,3,272,446,561,649,1034,1,124,255,305,374,724,2,148,191,256,275,310
2020,1,A,골목상권,1000212,천호대로77길,7115,4648,2467,42,1435,1733,1428,1183,1294,11,692,1167,993,781,1004,31,743,566,435,402,290
2020,1,A,골목상권,1000211,천호대로45길,3003,1572,1431,4,394,735,773,837,260,3,173,340,347,530,179,1,221,395,426,307,81
2020,1,A,골목상권,1000210,천호대로17길,6749,4474,2275,19,1205,1945,1500,1062,1018,8,649,1242,1040,758,777,11,556,703,460,304,241
2020,1,A,골목상권,1000209,천호대로12길,7588,3791,3797,17,654,1869,2390,2008,650,5,311,1118,1104,826,427,12,343,751,1286,1182,223
2020,1,A,골목상권,1000208,천장산로7길,1507,887,620,1,143,268,481,414,200,1,46,118,281,284,157,0,97,150,200,130,43
2020,1,A,골목상권,1000207,제기로5길,935,590,345,1,67,174,296,222,175,1,33,90,177,153,136,0,34,84,119,69,39
2020,1,A,골목상권,1000206,제기로21길,2839,1722,1117,3,462,786,682,637,269,2,167,399,457,465,232,1,295,387,225,172,37
2020,1,A,골목상권,1000205,전농로4길,4531,3351,1180,21,816,1152,1084,816,642,20,613,873,800,557,488,1,203,279,284,259,154
2020,1,A,골목상권,1000204,전농로3길,5028,2106,2922,6,712,1005,1480,1452,373,3,484,665,450,279,225,3,228,340,1030,1173,148
2020,1,A,골목상권,1000203,전농로29길,2714,1526,1188,4,365,562,704,736,343,1,149,259,429,454,234,3,216,303,275,282,109
2020,1,A,골목상권,1000202,장한로8길,5023,3212,1811,13,542,925,1072,1109,1362,9,274,576,665,701,987,4,268,349,407,408,375
2020,1,A,골목상권,1000201,장한로5길,5323,3412,1911,16,511,879,1104,1211,1602,12,281,571,744,755,1049,4,230,308,360,456,553
2020,1,A,골목상권,1000200,장한로27길,5011,2537,2474,51,1855,967,882,799,457,31,974,542,372,353,265,20,881,425,510,446,192
2020,1,A,골목상권,1000199,장한로27가길,5462,2697,2765,50,1892,1073,1078,938,431,31,977,583,448,388,270,19,915,490,630,550,161
2020,1,A,골목상권,1000198,장한로26길,4475,2559,1916,13,776,1044,1177,953,512,9,415,600,587,556,392,4,361,444,590,397,120
2020,1,A,골목상권,1000197,장한로26가길,3157,1546,1611,2,436,691,837,757,434,1,156,334,371,389,295,1,280,357,466,368,139
2020,1,A,골목상권,1000196,장한로25길,2822,1232,1590,11,422,622,742,672,353,8,155,291,285,291,202,3,267,331,457,381,151
2020,1,A,골목상권,1000195,장한로14길,2657,1721,936,1,344,567,590,714,441,0,183,363,374,464,337,1,161,204,216,250,104
2020,1,A,골목상권,1000194,이문로42길,1875,896,979,2,236,373,458,469,337,1,77,189,213,209,207,1,159,184,245,260,130
2020,1,A,골목상권,1000193,왕산로43길,2884,1522,1362,2,423,750,539,578,592,2,174,472,259,286,329,0,249,278,280,292,263
2020,1,A,골목상권,1000192,왕산로33길,1277,685,592,3,165,207,251,351,300,2,71,118,146,162,186,1,94,89,105,189,114
2020,1,A,골목상권,1000191,왕산로32길,2790,1398,1392,4,356,682,704,775,269,3,136,293,297,488,181,1,220,389,407,287,88
2020,1,A,골목상권,1000190,약령시로17길,1197,647,550,0,100,194,256,364,283,0,47,96,132,171,201,0,53,98,124,193,82
2020,1,A,골목상권,1000189,서울시립대로4길,1374,920,454,5,205,281,370,322,191,3,135,171,236,225,150,2,70,110,134,97,41
2020,1,A,골목상권,1000188,서울시립대로29길,2817,1495,1322,5,375,592,640,678,527,2,120,239,337,390,407,3,255,353,303,288,120
2020,1,A,골목상권,1000187,서울시립대로16길,1212,705,507,2,157,239,338,315,161,1,73,132,206,200,93,1,84,107,132,115,68
2020,1,A,골목상권,1000186,사가정로2길,5921,2739,3182,6,842,1281,1651,1543,598,1,558,846,593,346,395,5,284,435,1058,1197,203
2020,1,A,골목상권,1000185,사가정로23가길,2757,1624,1133,7,243,514,745,769,479,4,107,272,387,451,403,3,136,242,358,318,76
2020,1,A,골목상권,1000184,사가정로13길,3844,2135,1709,3,409,833,1054,1019,526,1,191,398,597,596,352,2,218,435,457,423,174
2020,1,A,골목상권,1000183,무학로45길,3892,2514,1378,6,635,942,861,797,651,1,265,586,560,574,528,5,370,356,301,223,123
2020,1,A,골목상권,1000182,무학로16길,6673,4996,1677,44,537,1158,1534,2228,1172,30,339,869,1214,1655,889,14,198,289,320,573,283
2020,1,A,골목상권,1000181,망우로21길,2985,1539,1446,4,476,624,771,769,341,1,138,335,448,437,180,3,338,289,323,332,161
2020,1,A,골목상권,1000180,망우로18길,3637,1908,1729,3,523,764,946,984,417,1,160,354,548,589,256,2,363,410,398,395,161
2020,1,A,골목상권,1000179,망우로18가길,1678,939,739,2,157,343,451,474,251,0,74,131,251,308,175,2,83,212,200,166,76
2020,1,A,골목상권,1000178,답십리로72길,4692,2705,1987,14,840,1135,1265,971,467,10,456,674,650,563,352,4,384,461,615,408,115
2020,1,A,골목상권,1000177,답십리로69길,2975,1406,1569,4,394,595,796,749,437,2,133,276,322,362,311,2,261,319,474,387,126
2020,1,A,골목상권,1000176,답십리로68길,4296,2087,2209,10,547,830,982,1006,921,9,238,431,475,481,453,1,309,399,507,525,468
2020,1,A,골목상권,1000175,답십리로64길,3592,1860,1732,14,351,550,734,948,995,11,178,315,412,456,488,3,173,235,322,492,507
2020,1,A,골목상권,1000174,답십리로63길,3950,2081,1869,49,1679,741,663,541,277,31,917,445,284,227,177,18,762,296,379,314,100
2020,1,A,골목상권,1000173,답십리로60길,2814,1528,1286,10,218,367,546,730,943,8,104,213,339,376,488,2,114,154,207,354,455
2020,1,A,골목상권,1000172,답십리로56길,1642,966,676,7,193,331,415,414,282,5,84,182,226,261,208,2,109,149,189,153,74
2020,1,A,골목상권,1000171,답십리로23길,621,354,267,0,53,109,142,155,162,0,36,69,95,81,73,0,17,40,47,74,89
2020,1,A,골목상권,1000170,난계로30길,11888,6465,5423,26,1011,2333,3278,3040,2200,15,518,1425,1712,1450,1345,11,493,908,1566,1590,855
2020,1,A,골목상권,1000169,경희대로4길,2471,851,1620,1,635,796,539,319,181,1,118,263,205,132,132,0,517,533,334,187,49
2020,1,A,골목상권,1000168,경희대로3길,1887,985,902,3,421,627,363,278,195,2,150,306,216,169,142,1,271,321,147,109,53
2020,1,A,골목상권,1000167,천호대로129길,4015,2458,1557,57,613,763,1054,994,534,25,326,456,705,595,351,32,287,307,349,399,183
2020,1,A,골목상권,1000166,천호대로123길,3663,2023,1640,12,472,752,948,854,625,4,247,428,501,410,433,8,225,324,447,444,192
2020,1,A,골목상권,1000165,천호대로109길,4122,2443,1679,12,675,953,1056,806,620,7,368,568,606,448,446,5,307,385,450,358,174
2020,1,A,골목상권,1000164,자양번영로3길,2410,1751,659,5,268,492,717,699,229,3,184,349,521,521,173,2,84,143,196,178,56
2020,1,A,골목상권,1000163,자양로53길,3133,1922,1211,7,338,584,936,852,416,3,155,354,590,521,299,4,183,230,346,331,117
2020,1,A,골목상권,1000162,자양로50길,3389,2111,1278,55,516,563,871,921,463,24,288,333,588,579,299,31,228,230,283,342,164
2020,1,A,골목상권,1000161,자양로45길,3528,1956,1572,18,389,699,906,884,632,8,170,399,508,438,433,10,219,300,398,446,199
2020,1,A,골목상권,1000160,자양로26길,11120,9301,1819,8,645,1498,3166,4721,1082,7,395,1137,2640,4179,943,1,250,361,526,542,139
2020,1,A,골목상권,1000159,자양로15길,14033,10711,3322,15,963,2057,3878,5600,1520,11,438,1259,3031,4713,1259,4,525,798,847,887,261
2020,1,A,골목상권,1000158,자양로11길,4146,2273,1873,13,510,846,1120,1097,560,9,194,432,630,617,391,4,316,414,490,480,169
2020,1,A,골목상권,1000157,용마산로3길,3963,2259,1704,12,592,827,1025,859,648,4,333,474,558,438,452,8,259,353,467,421,196
2020,1,A,골목상권,1000156,용마산로21길,3266,1755,1511,52,500,666,824,773,451,6,177,324,426,465,357,46,323,342,398,308,94
2020,1,A,골목상권,1000155,아차산로78길,13980,8708,5272,179,4372,3794,2639,2038,958,56,2128,2558,1845,1418,703,123,2244,1236,794,620,255
2020,1,A,골목상권,1000154,아차산로65길,5416,3292,2124,9,825,1240,1171,1078,1093,3,489,877,821,559,543,6,336,363,350,519,550
2020,1,A,골목상권,1000153,아차산로55길,6399,3241,3158,11,462,1050,1872,2133,871,8,211,550,1006,966,500,3,251,500,866,1167,371
2020,1,A,골목상권,1000152,아차산로51길,14145,10878,3267,14,898,2236,3957,5628,1412,11,462,1418,3051,4759,1177,3,436,818,906,869,235
2020,1,A,골목상권,1000151,아차산로40길,2465,1497,968,8,381,560,656,533,327,5,188,318,401,323,262,3,193,242,255,210,65
2020,1,A,골목상권,1000150,면목로17길,1926,1424,502,3,185,382,468,611,277,0,108,283,338,487,208,3,77,99,130,124,69
2020,1,A,골목상권,1000149,뚝섬로64길,3109,1715,1394,4,279,676,816,901,433,1,128,384,446,452,304,3,151,292,370,449,129
2020,1,A,골목상권,1000148,뚝섬로58길,3129,1834,1295,13,357,640,850,913,356,9,224,372,481,482,266,4,133,268,369,431,90
2020,1,A,골목상권,1000147,뚝섬로54길,2167,1408,759,14,469,477,538,459,210,10,355,322,305,250,166,4,114,155,233,209,44
2020,1,A,골목상권,1000146,뚝섬로48길,2096,1462,634,7,385,414,538,518,234,4,273,293,365,350,177,3,112,121,173,168,57
2020,1,A,골목상권,1000145,뚝섬로24길,764,520,244,5,87,139,162,166,205,4,47,93,102,107,167,1,40,46,60,59,38
2020,1,A,골목상권,1000144,뚝섬로23길,1254,788,466,9,148,237,279,287,294,8,75,133,167,179,226,1,73,104,112,108,68
2020,1,A,골목상권,1000143,동일로24길,3094,2015,1079,13,419,693,812,642,515,6,211,440,547,411,400,7,208,253,265,231,115
2020,1,A,골목상권,1000142,동일로18길,4424,2913,1511,26,523,877,1104,1066,828,20,262,551,712,743,625,6,261,326,392,323,203
2020,1,A,골목상권,1000141,능동로4길,2258,1685,573,7,267,584,648,542,210,2,189,451,491,398,154,5,78,133,157,144,56
2020,1,A,골목상권,1000140,능동로3길,2129,1681,448,9,225,532,590,525,248,5,165,433,476,408,194,4,60,99,114,117,54
2020,1,A,골목상권,1000139,능동로34길,4493,2629,1864,9,675,1001,1143,949,716,4,373,577,667,509,499,5,302,424,476,440,217
2020,1,A,골목상권,1000138,능동로19길,1993,1264,729,2,200,302,497,650,342,0,76,165,320,437,266,2,124,137,177,213,76
2020,1,A,골목상권,1000137,능동로13길,4553,2803,1750,7,669,1058,1229,1063,527,3,315,632,803,641,409,4,354,426,426,422,118
2020,1,A,골목상권,1000136,긴고랑로9길,1980,983,997,53,378,344,489,433,283,6,118,181,232,239,207,47,260,163,257,194,76
2020,1,A,골목상권,1000135,긴고랑로8길,5420,2611,2809,79,1401,1029,1086,1266,559,25,598,551,538,502,397,54,803,478,548,764,162
2020,1,A,골목상권,1000134,긴고랑로7길,3060,1768,1292,53,541,661,682,674,449,6,214,383,383,426,356,47,327,278,299,248,93
2020,1,A,골목상권,1000133,긴고랑로20길,3283,1719,1564,57,615,678,815,706,412,10,280,394,410,366,259,47,335,284,405,340,153
2020,1,A,골목상권,1000132,광나루로52길,9838,5349,4489,11,1019,1942,2434,2779,1653,6,585,1271,1501,1178,808,5,434,671,933,1601,845
2020,1,A,골목상권,1000131,광나루로40길,1969,1079,890,3,238,444,549,492,243,1,97,227,302,276,176,2,141,217,247,216,67
2020,1,A,골목상권,1000130,광나루로37길,1980,1078,902,2,219,408,502,523,326,1,76,190,254,301,256,1,143,218,248,222,70
2020,1,A,골목상권,1000129,광나루로36길,2682,1763,919,3,398,720,634,630,297,1,216,459,407,436,244,2,182,261,227,194,53
2020,1,A,골목상권,1000128,광나루로24길,1255,912,343,2,99,164,339,443,208,0,47,108,239,342,176,2,52,56,100,101,32
2020,1,A,골목상권,1000127,광나루로12길,3398,1952,1446,4,531,874,868,700,421,1,268,518,526,340,299,3,263,356,342,360,122
2020,1,A,골목상권,1000126,한림말길,13906,9816,4090,21,1965,4373,4011,2983,553,15,733,2938,3234,2518,378,6,1232,1435,777,465,175
2020,1,A,골목상권,1000125,한림말3길,4514,1697,2817,5,1162,1329,1012,717,289,0,285,463,467,332,150,5,877,866,545,385,139
2020,1,A,골목상권,1000124,청계천로10나길,8716,5845,2871,46,796,1707,2077,2834,1256,33,441,1062,1400,2005,904,13,355,645,677,829,352
2020,1,A,골목상권,1000123,장터길,934,408,526,1,110,227,249,238,109,0,28,86,114,112,68,1,82,141,135,126,41
2020,1,A,골목상권,1000122,용답중앙길,5789,2733,3056,7,815,1244,1633,1519,571,2,560,857,601,343,370,5,255,387,1032,1176,201
2020,1,A,골목상권,1000121,용답29길,8662,5091,3571,27,1495,2040,2283,1941,876,22,1118,1520,1135,669,627,5,377,520,1148,1272,249
2020,1,A,골목상권,1000120,왕십리로6길,7264,4704,2560,27,1259,1744,1605,1402,1227,19,714,1132,1034,944,861,8,545,612,571,458,366
2020,1,A,골목상권,1000119,왕십리로31길,3548,2008,1540,18,697,788,769,756,520,6,205,443,526,502,326,12,492,345,243,254,194
2020,1,A,골목상권,1000118,왕십리로26길,6654,3331,3323,18,1042,1228,1446,1783,1137,4,381,706,866,893,481,14,661,522,580,890,656
2020,1,A,골목상권,1000117,왕십리로21길,1515,781,734,1,187,321,403,404,199,0,71,141,204,221,144,1,116,180,199,183,55
2020,1,A,골목상권,1000116,왕십리로14길,5086,3544,1542,18,769,999,1018,1140,1142,14,450,658,670,835,917,4,319,341,348,305,225
2020,1,A,골목상권,1000115,아차산로5길,9775,6281,3494,38,1502,2414,2298,1907,1616,25,865,1548,1526,1214,1103,13,637,866,772,693,513
2020,1,A,골목상권,1000114,아차산로15길,12223,8023,4200,52,1906,3102,3255,2484,1424,41,1007,2064,2204,1616,1091,11,899,1038,1051,868,333
2020,1,A,골목상권,1000113,아차산로11길,17999,11757,6242,66,3025,4638,4518,3640,2112,48,1693,3158,3070,2212,1576,18,1332,1480,1448,1428,536
2020,1,A,골목상권,1000112,송정4가길,5430,3327,2103,9,898,1444,1399,1020,660,3,455,898,890,601,480,6,443,546,509,419,180
2020,1,A,골목상권,1000111,송정12라길,841,408,433,1,94,153,198,229,166,0,29,73,91,109,106,1,65,80,107,120,60
2020,1,A,골목상권,1000110,성수일로6길,19921,12818,7103,79,3614,5323,4621,3601,2683,56,2042,3547,3112,2240,1821,23,1572,1776,1509,1361,862
2020,1,A,골목상권,1000109,성수이로7길,15268,9362,5906,70,3328,4144,3343,2613,1770,44,1645,2669,2210,1538,1256,26,1683,1475,1133,1075,514
2020,1,A,골목상권,1000108,성수이로18길,19110,12036,7074,144,3817,4756,4454,3682,2257,89,1922,3107,2991,2302,1625,55,1895,1649,1463,1380,632
2020,1,A,골목상권,1000107,성덕정길,2631,1722,909,3,239,473,607,782,527,2,125,317,393,540,345,1,114,156,214,242,182
2020,1,A,골목상권,1000106,성덕정17길,4785,3353,1432,79,805,1244,1217,956,484,39,481,882,887,680,384,40,324,362,330,276,100
2020,1,A,골목상권,1000105,서울숲2길,2591,1654,937,5,386,534,625,594,447,4,159,321,384,419,367,1,227,213,241,175,80
2020,1,A,골목상권,1000104,상원길,7684,5001,2683,33,1293,1930,1773,1442,1213,23,766,1276,1185,958,793,10,527,654,588,484,420
2020,1,A,골목상권,1000103,상원12길,4697,3328,1369,19,695,908,930,1048,1097,14,419,634,651,746,864,5,276,274,279,302,233
2020,1,A,골목상권,1000102,사근동길,2512,1782,730,2,144,443,815,743,365,2,54,289,563,579,295,0,90,154,252,164,70
2020,1,A,골목상권,1000101,무학봉길,1081,535,546,1,139,248,287,259,147,1,52,115,138,124,105,0,87,133,149,135,42
2020,1,A,골목상권,1000100,무학봉28길,3725,2164,1561,12,559,795,870,897,592,2,212,465,548,574,363,10,347,330,322,323,229
2020,1,A,골목상권,1000099,무학로6길,5587,2607,2980,19,915,985,1139,1446,1083,4,332,567,644,620,440,15,583,418,495,826,643
2020,1,A,골목상권,1000098,무수막길,679,380,299,0,75,129,163,160,152,0,25,60,89,90,116,0,50,69,74,70,36
2020,1,A,골목상권,1000097,매봉길,1094,570,524,1,102,264,300,308,119,0,29,126,178,163,74,1,73,138,122,145,45
2020,1,A,골목상권,1000096,마조로1길,3520,2522,998,0,245,654,1049,1086,486,0,99,435,752,862,374,0,146,219,297,224,112
2020,1,A,골목상권,1000095,마조로16길,1505,918,587,1,177,277,358,417,275,1,78,162,206,264,207,0,99,115,152,153,68
2020,1,A,골목상권,1000094,마장로39길,1481,987,494,1,145,233,349,437,316,1,87,154,216,291,238,0,58,79,133,146,78
2020,1,A,골목상권,1000093,마장로27길,8509,5092,3417,39,917,1342,1816,2804,1591,29,425,861,1213,1670,894,10,492,481,603,1134,697
2020,1,A,골목상권,1000092,뚝섬로5길,8814,5702,3112,35,1634,2623,2123,1448,951,20,875,1689,1433,989,696,15,759,934,690,459,255
2020,1,A,골목상권,1000091,둘레9길,3374,2333,1041,7,364,796,895,832,480,5,211,628,643,554,292,2,153,168,252,278,188
2020,1,A,골목상권,1000090,금호산길,1475,833,642,2,190,354,362,303,264,2,63,180,206,184,198,0,127,174,156,119,66
2020,1,A,골목상권,1000089,금호산2길,2853,1176,1677,16,339,857,1053,394,194,1,108,294,448,187,138,15,231,563,605,207,56
2020,1,A,골목상권,1000088,고산자로6길,4971,2984,1987,12,659,1084,1372,1214,630,2,206,570,863,850,493,10,453,514,509,364,137
2020,1,A,골목상권,1000087,후암로28길,3499,2332,1167,5,330,605,1151,1006,402,4,135,345,844,725,279,1,195,260,307,281,123
2020,1,A,골목상권,1000086,효창원로39길,6649,4579,2070,21,1208,1796,1823,1289,512,14,670,1302,1313,906,374,7,538,494,510,383,138
2020,1,A,골목상권,1000085,회나무로13길,1052,594,458,2,137,281,267,205,160,0,63,144,136,121,130,2,74,137,131,84,30
2020,1,A,골목상권,1000084,한남대로20길,18863,14261,4602,39,2876,5155,4808,5107,878,31,1410,3407,3963,4709,741,8,1466,1748,845,398,137
2020,1,A,골목상권,1000083,한강대로88길,3952,1815,2137,11,649,1471,1056,506,259,4,167,568,572,327,177,7,482,903,484,179,82
2020,1,A,골목상권,1000082,한강대로7길,9300,5247,4053,15,1043,2286,3042,2124,790,7,453,1206,1646,1405,530,8,590,1080,1396,719,260
2020,1,A,골목상권,1000081,한강대로62길,15932,7729,8203,61,3485,5114,4374,2273,625,30,1377,2333,2253,1355,381,31,2108,2781,2121,918,244
2020,1,A,골목상권,1000080,한강대로52길,25834,9922,15912,128,6440,8327,7146,2984,809,54,2309,3034,2590,1432,503,74,4131,5293,4556,1552,306
2020,1,A,골목상권,1000079,한강대로43길,27127,10372,16755,153,7139,9391,7217,2423,804,71,2574,3620,2609,980,518,82,4565,5771,4608,1443,286
2020,1,A,골목상권,1000078,한강대로15길,8277,4527,3750,11,827,1963,2797,1995,684,6,309,971,1448,1323,470,5,518,992,1349,672,214
2020,1,A,골목상권,1000077,한강대로104길,36052,21422,14630,180,11153,11590,7342,3944,1843,24,3407,7445,5886,3240,1420,156,7746,4145,1456,704,423
2020,1,A,골목상권,1000076,청파로73길,4721,2547,2174,10,913,1365,965,784,684,5,300,628,566,511,537,5,613,737,399,273,147
2020,1,A,골목상권,1000075,청파로71길,6797,3510,3287,8,1504,1964,1330,1123,868,3,431,888,775,731,682,5,1073,1076,555,392,186
2020,1,A,골목상권,1000074,청파로47나길,6480,3174,3306,11,1149,1831,1425,1178,886,6,301,709,739,749,670,5,848,1122,686,429,216
2020,1,A,골목상권,1000073,청파로47길,7345,4142,3203,31,1393,2513,1795,1096,517,14,618,1336,1078,735,361,17,775,1177,717,361,156
2020,1,A,골목상권,1000072,장문로45길,4115,2951,1164,32,578,1180,1192,829,304,22,313,825,916,643,232,10,265,355,276,186,72
2020,1,A,골목상권,1000071,이태원로54길,12930,8355,4575,42,2700,4776,3105,1813,494,23,1251,2857,2315,1566,343,19,1449,1919,790,247,151
2020,1,A,골목상권,1000070,이태원로27길,17872,8709,9163,49,4899,6777,3836,1789,522,28,1439,3078,2376,1391,397,21,3460,3699,1460,398,125
2020,1,A,골목상권,1000069,이촌로22길,3232,2176,1056,11,493,860,915,676,277,4,252,552,689,507,172,7,241,308,226,169,105
2020,1,A,골목상권,1000068,원효로89길,8896,6141,2755,41,1655,2966,2333,1332,569,16,888,1947,1799,1072,419,25,767,1019,534,260,150
2020,1,A,골목상권,1000067,원효로53길,5634,3975,1659,25,859,1695,1558,892,605,18,526,1240,1133,617,441,7,333,455,425,275,164
2020,1,A,골목상권,1000066,원효로41길,6829,4947,1882,28,1098,2181,1898,1182,442,15,626,1544,1466,944,352,13,472,637,432,238,90
2020,1,A,골목상권,1000065,원효로19길,8012,5809,2203,31,1316,2537,2176,1373,579,15,750,1802,1695,1091,456,16,566,735,481,282,123
2020,1,A,골목상권,1000064,우사단로4길,2880,1830,1050,3,448,948,794,491,196,2,133,579,586,385,145,1,315,369,208,106,51
2020,1,A,골목상권,1000063,우사단로14길,5875,3406,2469,31,1371,2016,1430,723,304,16,503,1093,1025,555,214,15,868,923,405,168,90
2020,1,A,골목상권,1000062,우사단로10길,4890,2621,2269,26,907,1656,1262,703,336,10,249,845,824,501,192,16,658,811,438,202,144
2020,1,A,골목상권,1000061,신흥로20길,2563,1659,904,2,324,477,813,752,195,2,118,274,586,545,134,0,206,203,227,207,61
2020,1,A,골목상권,1000060,소월로20길,2112,1428,684,0,196,392,707,673,144,0,77,220,527,502,102,0,119,172,180,171,42
2020,1,A,골목상권,1000059,서빙고로71길,5642,3293,2349,2,725,1658,2088,833,336,0,250,673,1464,674,232,2,475,985,624,159,104
2020,1,A,골목상권,1000058,백범로90길,5637,3729,1908,38,1004,1627,1387,992,589,23,564,1101,985,658,398,15,440,526,402,334,191
2020,1,A,골목상권,1000057,백범로79길,4502,2899,1603,22,667,1156,1105,895,657,13,361,755,740,584,446,9,306,401,365,311,211
2020,1,A,골목상권,1000056,두텁바위로1길,8157,4692,3465,19,1343,2358,2180,1545,712,8,412,1114,1467,1139,552,11,931,1244,713,406,160
2020,1,A,골목상권,1000055,대사관로34길,5784,4038,1746,52,932,1551,1468,1050,731,39,528,1057,1090,782,542,13,404,494,378,268,189
2020,1,A,골목상권,1000054,녹사평대로46길,9993,4025,5968,16,3300,4161,1822,524,170,5,776,1717,997,398,132,11,2524,2444,825,126,38
2020,1,A,골목상권,1000053,녹사평대로40나길,2385,1253,1132,6,316,719,598,567,179,5,113,319,313,371,132,1,203,400,285,196,47
2020,1,A,골목상권,1000052,녹사평대로32길,2868,1497,1371,14,486,847,659,621,241,11,177,375,350,402,182,3,309,472,309,219,59
2020,1,A,골목상권,1000051,녹사평대로26길,6173,3582,2591,31,1164,1704,1560,1176,538,18,527,929,944,791,373,13,637,775,616,385,165
2020,1,A,골목상권,1000050,녹사평대로11길,2064,1125,939,2,295,517,651,378,221,0,90,266,388,247,134,2,205,251,263,131,87
2020,1,A,골목상권,1000049,퇴계로90길,2340,1262,1078,6,384,594,555,454,347,6,172,281,281,269,253,0,212,313,274,185,94
2020,1,A,골목상권,1000048,퇴계로8길,40352,22269,18083,168,7554,13382,11011,6350,1887,49,3063,7131,6203,4612,1211,119,4491,6251,4808,1738,676
2020,1,A,골목상권,1000047,퇴계로56길,46130,22957,23173,475,13559,12158,9834,7281,2823,195,6451,7253,5636,2525,897,280,7108,4905,4198,4756,1926
2020,1,A,골목상권,1000046,퇴계로46길,7358,4531,2827,39,1345,1788,1912,1395,879,20,585,1039,1276,967,644,19,760,749,636,428,235
2020,1,A,골목상권,1000045,퇴계로18길,21805,10426,11379,69,3104,6809,7093,3775,955,11,996,3010,3117,2725,567,58,2108,3799,3976,1050,388
2020,1,A,골목상권,1000044,퇴계로12길,26422,13011,13411,140,4810,8216,7892,4320,1044,42,1706,3903,3780,2936,644,98,3104,4313,4112,1384,400
2020,1,A,골목상권,1000043,청구로1길,3640,1960,1680,6,508,951,871,792,512,3,172,478,531,479,297,3,336,473,340,313,215
2020,1,A,골목상권,1000042,청구로17길,8635,4699,3936,17,1623,2359,2025,1733,878,6,591,1271,1211,1044,576,11,1032,1088,814,689,302
2020,1,A,골목상권,1000041,장충단로8길,11253,6178,5075,32,1960,3119,3017,2360,765,5,686,1825,1809,1370,483,27,1274,1294,1208,990,282
2020,1,A,골목상권,1000040,삼일대로4길,30429,16439,13990,112,5902,9352,8151,4979,1933,33,2050,5138,4755,3182,1281,79,3852,4214,3396,1797,652
2020,1,A,골목상권,1000039,명동길,71495,34548,36947,303,20557,24257,14903,9392,2083,97,6091,10970,9400,6561,1429,206,14466,13287,5503,2831,654
2020,1,A,골목상권,1000038,동호로8길,4658,2510,2148,13,958,1262,1054,838,533,5,331,731,664,442,337,8,627,531,390,396,196
2020,1,A,골목상권,1000037,동호로20길,12817,6753,6064,45,2550,3524,3201,2598,899,8,851,1970,1848,1463,613,37,1699,1554,1353,1135,286
2020,1,A,골목상권,1000036,동호로15길,7812,4287,3525,16,1500,2148,1861,1562,725,7,567,1144,1111,952,506,9,933,1004,750,610,219
2020,1,A,골목상권,1000035,동호로11길,5028,3300,1728,12,759,1711,1310,878,358,3,388,1211,937,531,230,9,371,500,373,347,128
2020,1,A,골목상권,1000034,동호로10길,6836,3723,3113,17,1312,1820,1519,1314,854,6,483,1029,936,745,524,11,829,791,583,569,330
2020,1,A,골목상권,1000033,다산로39길,2618,1371,1247,9,425,591,630,561,402,2,144,273,347,330,275,7,281,318,283,231,127
2020,1,A,골목상권,1000032,다산로38길,2273,1114,1159,11,398,551,534,446,333,4,128,219,275,260,228,7,270,332,259,186,105
2020,1,A,골목상권,1000031,다산로36길,2442,1186,1256,5,357,635,640,491,314,4,106,262,333,271,210,1,251,373,307,220,104
2020,1,A,골목상권,1000030,다산로33길,5574,2897,2677,12,790,1334,1468,1445,525,4,266,632,791,863,341,8,524,702,677,582,184
2020,1,A,골목상권,1000029,난계로21길,3313,1971,1342,13,399,606,723,744,828,12,216,362,413,456,512,1,183,244,310,288,316
2020,1,A,골목상권,1000028,난계로11길,2321,1306,1015,5,366,628,595,452,275,4,181,347,311,260,203,1,185,281,284,192,72
2020,1,A,골목상권,1000027,필운대로1길,4413,1985,2428,11,618,710,826,1256,992,4,322,378,383,434,464,7,296,332,443,822,528
2020,1,A,골목상권,1000026,평창길,13893,6673,7220,18,1203,3748,5345,2958,621,9,486,1608,2803,1418,349,9,717,2140,2542,1540,272
2020,1,A,골목상권,1000025,통일로12길,1099,504,595,9,253,305,259,176,97,8,83,129,128,87,69,1,170,176,131,89,28
2020,1,A,골목상권,1000024,창신길,773,266,507,2,118,150,173,195,135,1,25,45,76,70,49,1,93,105,97,125,86
2020,1,A,골목상권,1000023,창신5길,1560,587,973,2,184,311,477,360,226,1,43,101,156,150,136,1,141,210,321,210,90
2020,1,A,골목상권,1000022,창신2길,901,410,491,3,106,169,222,210,191,1,27,58,107,106,111,2,79,111,115,104,80
2020,1,A,골목상권,1000021,창경궁로35길,5813,2758,3055,27,756,1319,1559,1342,810,17,245,562,760,705,469,10,511,757,799,637,341
2020,1,A,골목상권,1000020,지봉로8길,1900,811,1089,4,226,368,551,466,285,0,63,141,194,232,181,4,163,227,357,234,104
2020,1,A,골목상권,1000019,종로65길,4112,2215,1897,6,318,483,752,966,1587,0,109,241,412,484,969,6,209,242,340,482,618
2020,1,A,골목상권,1000018,종로58가길,2197,954,1243,7,359,425,597,483,326,7,105,157,231,243,211,0,254,268,366,240,115
2020,1,A,골목상권,1000017,종로24길,6369,4113,2256,22,689,1588,1642,1347,1081,5,312,969,1103,899,825,17,377,619,539,448,256
2020,1,A,골목상권,1000016,자하문로7길,9639,6195,3444,47,1451,2302,2548,2135,1156,2,887,1634,1874,1195,603,45,564,668,674,940,553
2020,1,A,골목상권,1000015,이화장길,11255,7059,4196,21,2049,3568,2887,1860,870,4,844,2133,2040,1452,586,17,1205,1435,847,408,284
2020,1,A,골목상권,1000014,율곡로16길,10582,6889,3693,19,1923,3337,2847,1794,662,3,808,2083,2079,1460,456,16,1115,1254,768,334,206
2020,1,A,골목상권,1000013,율곡로10길,16455,12606,3849,19,1992,5454,4925,3014,1051,7,1161,4109,3995,2506,828,12,831,1345,930,508,223
2020,1,A,골목상권,1000012,옥인길,2008,1072,936,38,440,518,405,385,222,0,140,256,250,258,168,38,300,262,155,127,54
2020,1,A,골목상권,1000011,숭인동길,8281,3317,4964,7,870,1349,1601,2113,2341,0,245,580,725,633,1134,7,625,769,876,1480,1207
2020,1,A,골목상권,1000010,성균관로5길,1914,1040,874,15,346,469,424,374,286,11,118,211,252,253,195,4,228,258,172,121,91
2020,1,A,골목상권,1000009,삼청로5길,8686,7310,1376,1,1103,2426,2948,1866,342,0,848,1946,2550,1663,303,1,255,480,398,203,39
2020,1,A,골목상권,1000008,북촌로5나길,9434,7676,1758,1,1173,2620,3126,2003,511,0,866,2010,2638,1731,431,1,307,610,488,272,80
2020,1,A,골목상권,1000007,북촌로5길,9139,7323,1816,3,1312,2611,2919,1877,417,1,890,2027,2453,1603,349,2,422,584,466,274,68
2020,1,A,골목상권,1000006,북촌로11길,14654,11573,3081,5,1601,4779,4375,2998,896,5,968,3687,3606,2584,723,0,633,1092,769,414,173
2020,1,A,골목상권,1000005,백석동길,4252,2472,1780,18,780,1347,1116,729,262,8,313,748,710,510,183,10,467,599,406,219,79
2020,1,A,골목상권,1000004,명륜길,1696,957,739,11,323,483,360,296,223,11,133,250,224,177,162,0,190,233,136,119,61
2020,1,A,골목상권,1000003,돈화문로11가길,39506,26181,13325,1279,10020,10738,9145,5958,2366,597,5207,7310,6817,4624,1626,682,4813,3428,2328,1334,740
2020,1,A,골목상권,1000002,난계로27길,11773,6288,5485,24,1005,2306,3308,3030,2100,14,498,1408,1718,1410,1240,10,507,898,1590,1620,860
2020,1,A,골목상권,1000001,계동길,13700,10172,3528,7,1421,4634,4218,2628,792,6,720,3381,3297,2165,603,1,701,1253,921,463,189
2019,4,A,골목상권,1001010,풍성로37가길,2748,1678,1070,6,410,594,684,640,414,2,264,372,393,389,258,4,146,222,291,251,156
2019,4,A,골목상권,1001009,천호옛길,6064,3635,2429,9,803,1428,1488,1645,691,5,447,723,830,1088,542,4,356,705,658,557,149
2019,4,A,골목상권,1001008,천호옛14길,2503,1310,1193,8,459,534,594,535,373,2,250,263,287,285,223,6,209,271,307,250,150
2019,4,A,골목상권,1001007,천호대로219길,966,662,304,0,107,187,231,268,173,0,53,131,167,183,128,0,54,56,64,85,45
2019,4,A,골목상권,1001006,천호대로197길,2122,1190,932,2,260,374,420,580,486,2,147,232,225,279,305,0,113,142,195,301,181
2019,4,A,골목상권,1001005,천호대로187길,4336,2078,2258,11,515,786,1018,1163,843,6,222,426,507,425,492,5,293,360,511,738,351
2019,4,A,골목상권,1001004,천호대로170길,5760,3089,2671,12,898,999,1127,1075,1649,7,329,496,608,593,1056,5,569,503,519,482,593
2019,4,A,골목상권,1001003,천호대로162길,3635,2072,1563,6,405,532,675,667,1350,2,221,281,341,374,853,4,184,251,334,293,497
2019,4,A,골목상권,1001002,천중로51길,3276,1938,1338,7,333,588,749,854,745,4,166,368,422,485,493,3,167,220,327,369,252
2019,4,A,골목상권,1001001,천중로39길,3291,2040,1251,8,289,596,840,816,742,3,142,371,504,519,501,5,147,225,336,297,241
2019,4,A,골목상권,1001000,진황도로47길,4044,1908,2136,15,481,761,994,1016,777,9,197,423,509,354,416,6,284,338,485,662,361
2019,4,A,골목상권,1000999,진황도로27길,5557,2819,2738,10,881,1020,1035,997,1614,7,261,431,524,506,1090,3,620,589,511,491,524
2019,4,A,골목상권,1000998,올림픽로98길,2188,1168,1020,1,236,349,409,380,813,1,88,201,227,228,423,0,148,148,182,152,390
2019,4,A,골목상권,1000997,올림픽로80길,1647,861,786,4,168,286,360,392,437,4,68,126,160,184,319,0,100,160,200,208,118
2019,4,A,골목상권,1000996,올림픽로78길,1673,923,750,7,229,286,342,370,439,5,101,146,176,191,304,2,128,140,166,179,135
2019,4,A,골목상권,1000995,올림픽로77길,1824,1010,814,9,219,358,425,396,417,5,104,187,227,203,284,4,115,171,198,193,133
2019,4,A,골목상권,1000994,올림픽로71길,2045,1077,968,9,263,450,478,425,420,5,106,212,261,215,278,4,157,238,217,210,142
2019,4,A,골목상권,1000993,올림픽로48길,21487,15997,5490,42,2391,5926,5023,4923,3182,17,1466,4348,3830,3837,2499,25,925,1578,1193,1086,683
2019,4,A,골목상권,1000992,양재대로96길,3572,1944,1628,10,449,761,838,872,642,9,218,411,470,420,416,1,231,350,368,452,226
2019,4,A,골목상권,1000991,양재대로95길,3064,1793,1271,11,337,586,735,730,665,9,196,372,436,375,405,2,141,214,299,355,260
2019,4,A,골목상권,1000990,양재대로91길,3486,2089,1397,12,425,714,818,829,688,10,215,433,480,480,471,2,210,281,338,349,217
2019,4,A,골목상권,1000989,양재대로133길,3249,1749,1500,13,410,679,812,756,579,2,171,377,420,405,374,11,239,302,392,351,205
2019,4,A,골목상권,1000988,양재대로124길,3733,2287,1446,9,349,663,834,966,912,5,198,420,489,584,591,4,151,243,345,382,321
2019,4,A,골목상권,1000987,양재대로116길,3352,1569,1783,11,364,503,762,986,726,7,191,305,370,330,366,4,173,198,392,656,360
2019,4,A,골목상권,1000986,양재대로101길,6685,3123,3562,24,1129,1353,1558,1517,1104,16,409,696,804,594,604,8,720,657,754,923,500
2019,4,A,골목상권,1000985,암사길,3278,1991,1287,6,444,762,786,823,457,1,218,474,449,539,310,5,226,288,337,284,147
2019,4,A,골목상권,1000984,성안로3길,15719,10725,4994,40,1806,3158,3398,4069,3248,17,1034,1960,2222,2972,2520,23,772,1198,1176,1097,728
2019,4,A,골목상권,1000983,성내로5길,16714,12021,4693,34,1884,5324,4452,3456,1564,14,1096,3858,3287,2564,1202,20,788,1466,1165,892,362
2019,4,A,골목상권,1000982,상일로5길,919,604,315,0,106,183,229,254,147,0,47,119,155,173,110,0,59,64,74,81,37
2019,4,A,골목상권,1000981,상암로5길,4232,1886,2346,5,425,706,904,1038,1154,4,181,380,436,379,506,1,244,326,468,659,648
2019,4,A,골목상권,1000980,상암로51길,2115,953,1162,2,209,386,517,550,451,0,64,187,233,234,235,2,145,199,284,316,216
2019,4,A,골목상권,1000979,상암로4길,2356,1216,1140,3,226,414,513,435,765,2,78,218,271,230,417,1,148,196,242,205,348
2019,4,A,골목상권,1000978,상암로14길,2439,1204,1235,1,252,422,520,471,773,1,82,217,260,224,420,0,170,205,260,247,353
2019,4,A,골목상권,1000977,명일로13길,2370,1260,1110,4,305,501,494,543,523,2,127,257,264,260,350,2,178,244,230,283,173
2019,4,A,골목상권,1000976,동남로85길,1560,790,770,0,154,294,388,398,326,0,61,149,173,196,211,0,93,145,215,202,115
2019,4,A,골목상권,1000975,동남로82길,736,264,472,0,84,156,183,205,108,0,16,53,68,75,52,0,68,103,115,130,56
2019,4,A,골목상권,1000974,동남로65길,862,441,421,1,73,196,209,284,99,1,32,75,97,157,79,0,41,121,112,127,20
2019,4,A,골목상권,1000973,구천면로42길,2512,1353,1159,6,222,495,639,643,507,1,73,225,334,368,352,5,149,270,305,275,155
2019,4,A,골목상권,1000972,구천면로41길,2634,1431,1203,6,283,554,649,636,506,2,100,261,348,366,354,4,183,293,301,270,152
2019,4,A,골목상권,1000971,구천면로36길,1476,794,682,2,133,234,306,342,459,2,46,101,142,159,344,0,87,133,164,183,115
2019,4,A,골목상권,1000970,고덕로61길,1417,657,760,0,141,288,399,394,195,0,55,130,168,181,123,0,86,158,231,213,72
2019,4,A,골목상권,1000969,고덕로25길,1210,622,588,3,114,166,214,296,417,1,42,87,90,125,277,2,72,79,124,171,140
2019,4,A,골목상권,1000968,고덕로10길,3507,1517,1990,3,312,511,710,863,1108,2,130,290,342,281,472,1,182,221,368,582,636
2019,4,A,골목상권,1000967,강동대로53길,4393,2785,1608,8,584,1064,1191,921,625,7,323,676,750,580,449,1,261,388,441,341,176
2019,4,A,골목상권,1000966,풍성로25길,2354,1231,1123,7,336,468,530,628,385,4,169,231,267,285,275,3,167,237,263,343,110
2019,4,A,골목상권,1000965,오금로46길,5777,3859,1918,17,613,1012,1039,1099,1997,13,360,664,635,635,1552,4,253,348,404,464,445
2019,4,A,골목상권,1000964,오금로36길,8762,6025,2737,22,1512,2571,2168,1644,845,13,867,1818,1582,1082,663,9,645,753,586,562,182
2019,4,A,골목상권,1000963,오금로11길,24198,13753,10445,51,3788,6203,5486,5235,3435,31,2092,3996,3291,2449,1894,20,1696,2207,2195,2786,1541
2019,4,A,골목상권,1000962,양재대로72길,22772,16675,6097,27,2845,5403,5734,5267,3496,13,1686,3711,4373,4341,2551,14,1159,1692,1361,926,945
2019,4,A,골목상권,1000961,양재대로71길,7301,5438,1863,18,603,1437,1906,2042,1295,14,301,932,1471,1612,1108,4,302,505,435,430,187
2019,4,A,골목상권,1000960,양재대로64길,14088,7953,6135,35,1591,3150,3034,2441,3837,16,726,1837,1925,1220,2229,19,865,1313,1109,1221,1608
2019,4,A,골목상권,1000959,양재대로62길,14774,8253,6521,33,2326,3507,3049,2730,3129,12,943,1946,1867,1367,2118,21,1383,1561,1182,1363,1011
2019,4,A,골목상권,1000958,송파대로30길,22655,13112,9543,70,3001,5092,5005,4472,5015,28,1367,3050,3223,2434,3010,42,1634,2042,1782,2038,2005
2019,4,A,골목상권,1000957,송이로36길,5749,3648,2101,10,864,1367,1427,1263,818,5,510,914,930,680,609,5,354,453,497,583,209
2019,4,A,골목상권,1000956,송이로32길,39353,30162,9191,23,3382,6782,10667,14138,4361,9,1993,4877,8225,11982,3076,14,1389,1905,2442,2156,1285
2019,4,A,골목상권,1000955,송이로23길,14254,7809,6445,69,1826,3028,2781,2547,4003,32,814,1709,1647,1186,2421,37,1012,1319,1134,1361,1582
2019,4,A,골목상권,1000954,삼전로13길,14756,9769,4987,37,2148,3337,3761,3234,2239,19,1136,2194,2607,2186,1627,18,1012,1143,1154,1048,612
2019,4,A,골목상권,1000953,백제고분로50길,17443,9418,8025,47,2805,3940,3800,4087,2764,34,1485,2586,2121,1690,1502,13,1320,1354,1679,2397,1262
2019,4,A,골목상권,1000952,백제고분로46길,16523,11352,5171,68,2506,4002,4361,3846,1740,50,1316,2694,3250,2744,1298,18,1190,1308,1111,1102,442
2019,4,A,골목상권,1000951,백제고분로45길,15378,8720,6658,29,2384,3918,3571,3343,2133,12,1032,2304,2283,1836,1253,17,1352,1614,1288,1507,880
2019,4,A,골목상권,1000950,백제고분로42길,8516,5295,3221,17,1073,2000,1949,1793,1684,4,500,1337,1292,1070,1092,13,573,663,657,723,592
2019,4,A,골목상권,1000949,백제고분로39길,4895,3304,1591,2,549,1286,1258,951,849,0,318,940,865,559,622,2,231,346,393,392,227
2019,4,A,골목상권,1000948,백제고분로34길,5206,3412,1794,15,645,1084,1272,1218,972,11,361,715,831,757,737,4,284,369,441,461,235
2019,4,A,골목상권,1000947,백제고분로33길,5340,3787,1553,11,566,969,1248,992,1554,8,281,596,841,687,1374,3,285,373,407,305,180
2019,4,A,골목상권,1000946,백제고분로32길,6694,4371,2323,13,959,1465,1444,1505,1308,11,566,984,950,922,938,2,393,481,494,583,370
2019,4,A,골목상권,1000945,백제고분로31길,13652,9597,4055,33,1722,2774,3329,2729,3065,28,1019,1936,2383,1827,2404,5,703,838,946,902,661
2019,4,A,골목상권,1000944,백제고분로22길,5641,3796,1845,13,865,1427,1288,1128,920,3,501,1019,906,707,660,10,364,408,382,421,260
2019,4,A,골목상권,1000943,백제고분로21길,14733,9943,4790,35,2165,3401,3692,3281,2159,21,1190,2315,2645,2234,1538,14,975,1086,1047,1047,621
2019,4,A,골목상권,1000942,마천로51길,1842,1001,841,1,175,392,515,491,268,0,100,222,246,225,208,1,75,170,269,266,60
2019,4,A,골목상권,1000941,동남로20길,4695,2916,1779,21,772,1191,1068,1071,572,17,453,774,664,598,410,4,319,417,404,473,162
2019,4,A,골목상권,1000940,거마로20길,1829,931,898,2,188,363,494,501,281,0,86,175,205,240,225,2,102,188,289,261,56
2019,4,A,골목상권,1000939,학동로77길,18382,7897,10485,81,3931,5147,4568,2902,1753,37,1378,2278,1797,1338,1069,44,2553,2869,2771,1564,684
2019,4,A,골목상권,1000938,학동로6길,12693,8132,4561,39,2720,4024,2934,1885,1091,26,1436,2695,2021,1219,735,13,1284,1329,913,666,356
2019,4,A,골목상권,1000937,학동로56길,14387,8425,5962,60,3263,4261,3139,2227,1437,29,1360,2374,2131,1487,1044,31,1903,1887,1008,740,393
2019,4,A,골목상권,1000936,학동로38길,25586,17465,8121,61,4794,7446,6044,3990,3251,17,2220,4888,4642,3174,2524,44,2574,2558,1402,816,727
2019,4,A,골목상권,1000935,테헤란로81길,55909,34430,21479,144,10080,21280,15399,6515,2491,56,4006,12817,11385,4644,1522,88,6074,8463,4014,1871,969
2019,4,A,골목상권,1000934,일원로9길,11032,3873,7159,31,3251,3561,2242,1333,614,3,670,1250,888,634,428,28,2581,2311,1354,699,186
2019,4,A,골목상권,1000933,일원로3길,3277,1943,1334,4,447,623,767,723,713,2,214,361,443,433,490,2,233,262,324,290,223
2019,4,A,골목상권,1000932,영동대로65길,35823,17183,18640,252,6607,8671,7946,7445,4902,110,3080,5179,4298,2640,1876,142,3527,3492,3648,4805,3026
2019,4,A,골목상권,1000931,영동대로112길,79440,60824,18616,152,15774,21126,21341,16831,4216,87,10103,15983,17682,14479,2490,65,5671,5143,3659,2352,1726
2019,4,A,골목상권,1000930,언주로81길,93504,56950,36554,187,17248,26811,24897,20075,4286,88,10236,18756,16178,8748,2944,99,7012,8055,8719,11327,1342
2019,4,A,골목상권,1000929,압구정로2길,12859,8055,4804,41,2476,3955,3398,2011,978,23,1102,2519,2284,1381,746,18,1374,1436,1114,630,232
2019,4,A,골목상권,1000928,선릉로18길,4438,2855,1583,57,877,1242,997,799,466,24,506,809,636,506,374,33,371,433,361,293,92
2019,4,A,골목상권,1000927,선릉로146길,21879,10989,10890,59,5999,7107,4597,2826,1291,15,1736,3412,2772,2148,906,44,4263,3695,1825,678,385
2019,4,A,골목상권,1000926,선릉로133길,21171,13647,7524,57,3803,6112,5428,3754,2017,13,1706,3650,3838,2839,1601,44,2097,2462,1590,915,416
2019,4,A,골목상권,1000925,선릉로132길,14797,8337,6460,62,2966,4134,3407,2601,1627,22,1265,2422,2118,1486,1024,40,1701,1712,1289,1115,603
2019,4,A,골목상권,1000924,선릉로121길,18000,11157,6843,53,3237,4976,4691,3250,1793,22,1435,2912,3203,2224,1361,31,1802,2064,1488,1026,432
2019,4,A,골목상권,1000923,삼성로75길,36407,23199,13208,154,5807,10785,10133,6080,3448,23,2523,6664,7248,4502,2239,131,3284,4121,2885,1578,1209
2019,4,A,골목상권,1000922,삼성로69길,8931,4633,4298,45,1557,2247,1999,1811,1272,28,693,1155,1038,925,794,17,864,1092,961,886,478
2019,4,A,골목상권,1000921,삼성로64길,35162,16304,18858,260,6558,8431,7767,7464,4682,105,3031,4961,4059,2487,1661,155,3527,3470,3708,4977,3021
2019,4,A,골목상권,1000920,삼성로63길,10667,5579,5088,41,1898,2740,2559,2177,1252,26,758,1441,1387,1197,770,15,1140,1299,1172,980,482
2019,4,A,골목상권,1000919,삼성로57길,6636,3581,3055,21,1190,1878,1701,1305,541,10,417,983,958,835,378,11,773,895,743,470,163
2019,4,A,골목상권,1000918,삼성로147길,12296,6043,6253,23,3433,3978,2326,1519,1017,7,1195,1958,1355,891,637,16,2238,2020,971,628,380
2019,4,A,골목상권,1000917,삼성로115길,13425,8468,4957,58,2827,3756,2883,1899,2002,22,1224,2494,2087,1222,1419,36,1603,1262,796,677,583
2019,4,A,골목상권,1000916,봉은사로68길,32233,21159,11074,60,4773,11509,9118,4497,2276,19,2142,7295,7189,3099,1415,41,2631,4214,1929,1398,861
2019,4,A,골목상권,1000915,봉은사로57길,9907,6461,3446,39,2215,3084,2106,1424,1039,25,1014,1834,1606,1150,832,14,1201,1250,500,274,207
2019,4,A,골목상권,1000914,봉은사로43길,24610,15242,9368,76,5118,7378,5787,3797,2454,32,2243,4420,3999,2674,1874,44,2875,2958,1788,1123,580
2019,4,A,골목상권,1000913,봉은사로29길,26224,16731,9493,70,5560,8193,6149,3958,2294,28,2449,5252,4379,2928,1695,42,3111,2941,1770,1030,599
2019,4,A,골목상권,1000912,봉은사로109길,24145,18222,5923,20,4868,7417,6774,4004,1062,6,2796,5509,5700,3406,805,14,2072,1908,1074,598,257
2019,4,A,골목상권,1000911,도산대로89길,15582,8941,6641,53,3591,4910,3627,2340,1061,25,1396,2918,2412,1412,778,28,2195,1992,1215,928,283
2019,4,A,골목상권,1000910,도산대로81길,27385,14619,12766,88,6799,9828,6003,3413,1254,32,2185,5140,3893,2419,950,56,4614,4688,2110,994,304
2019,4,A,골목상권,1000909,도산대로50길,22572,12409,10163,69,5440,7053,5252,3150,1608,22,1757,3485,3447,2427,1271,47,3683,3568,1805,723,337
2019,4,A,골목상권,1000908,도산대로38길,21627,12075,9552,49,4549,6686,5241,3289,1813,15,1620,3499,3348,2260,1333,34,2929,3187,1893,1029,480
2019,4,A,골목상권,1000907,도산대로30길,21588,11934,9654,79,5733,6495,4898,2782,1601,22,2154,3473,3199,1902,1184,57,3579,3022,1699,880,417
2019,4,A,골목상권,1000906,도산대로23길,14193,7539,6654,72,3880,4164,3152,1888,1037,21,1401,2263,1986,1139,729,51,2479,1901,1166,749,308
2019,4,A,골목상권,1000905,도산대로15길,11660,6658,5002,50,3189,3444,2432,1438,1107,14,1246,1951,1646,980,821,36,1943,1493,786,458,286
2019,4,A,골목상권,1000904,도곡로37길,35701,21132,14569,242,9630,10400,8608,4853,1968,84,4137,6467,5875,3069,1500,158,5493,3933,2733,1784,468
2019,4,A,골목상권,1000903,논현로8길,3256,2100,1156,4,503,741,725,654,629,1,248,485,459,431,476,3,255,256,266,223,153
2019,4,A,골목상권,1000902,논현로63길,36667,24758,11909,142,7242,9908,9605,7399,2371,42,2992,6291,7467,6076,1890,100,4250,3617,2138,1323,481
2019,4,A,골목상권,1000901,논현로28길,44952,23368,21584,229,8367,10518,13581,9175,3082,127,4058,6280,6374,4528,2001,102,4309,4238,7207,4647,1081
2019,4,A,골목상권,1000900,논현로26길,40746,21197,19549,210,7278,10726,12390,7170,2972,112,3624,6781,5771,2888,2021,98,3654,3945,6619,4282,951
2019,4,A,골목상권,1000899,논현로159길,7341,3388,3953,26,1678,2112,1628,1135,762,7,485,983,801,583,529,19,1193,1129,827,552,233
2019,4,A,골목상권,1000898,논현로139길,24381,14262,10119,100,6330,7345,5355,3137,2114,31,2532,4251,3691,2146,1611,69,3798,3094,1664,991,503
2019,4,A,골목상권,1000897,논현로123길,9592,5842,3750,41,2250,2774,2004,1467,1056,23,1098,1751,1356,890,724,18,1152,1023,648,577,332
2019,4,A,골목상권,1000896,논현로115길,23492,15502,7990,91,5412,7277,5283,3492,1937,49,2759,4778,3934,2581,1401,42,2653,2499,1349,911,536
2019,4,A,골목상권,1000895,논현로10길,5297,3312,1985,11,748,1190,1301,1096,951,3,375,745,791,659,739,8,373,445,510,437,212
2019,4,A,골목상권,1000894,논현로106길,13899,7758,6141,37,3054,4439,3228,1839,1302,14,1093,2548,2142,1076,885,23,1961,1891,1086,763,417
2019,4,A,골목상권,1000893,남부순환로365길,15923,10455,5468,81,2779,4396,4126,2593,1948,41,1329,3013,2997,1743,1332,40,1450,1383,1129,850,616
2019,4,A,골목상권,1000892,개포로82길,5032,3679,1353,5,764,1532,1246,879,606,3,466,1136,933,639,502,2,298,396,313,240,104
2019,4,A,골목상권,1000891,개포로28길,3568,2437,1131,10,596,991,913,613,445,3,294,656,675,423,386,7,302,335,238,190,59
2019,4,A,골목상권,1000890,개포로20길,12336,8232,4104,27,1910,3544,3270,2170,1415,11,988,2384,2354,1414,1081,16,922,1160,916,756,334
2019,4,A,골목상권,1000889,개포로17길,28812,12804,16008,106,4586,6834,9279,5716,2291,55,2221,3947,3251,1802,1528,51,2365,2887,6028,3914,763
2019,4,A,골목상권,1000888,강남대로140길,20953,11799,9154,51,4593,6512,4708,3179,1910,15,1631,3672,3101,1954,1426,36,2962,2840,1607,1225,484
2019,4,A,골목상권,1000887,강남대로136길,21883,13083,8800,48,4879,7114,5169,3066,1607,20,2064,4299,3523,2024,1153,28,2815,2815,1646,1042,454
2019,4,A,골목상권,1000886,강남대로118길,10604,6747,3857,61,2633,3254,2316,1419,921,42,1455,2142,1577,896,635,19,1178,1112,739,523,286
2019,4,A,골목상권,1000885,서초중앙로8길,38050,20954,17096,82,8143,9265,8034,10092,2434,24,2727,4762,4524,7107,1810,58,5416,4503,3510,2985,624
2019,4,A,골목상권,1000884,방배중앙로21길,16510,8458,8052,20,2629,4012,4628,2955,2266,7,832,1718,2309,1757,1835,13,1797,2294,2319,1198,431
2019,4,A,골목상권,1000883,효령로72길,24614,18420,6194,62,4386,8514,5977,4128,1547,23,2507,6534,4808,3459,1089,39,1879,1980,1169,669,458
2019,4,A,골목상권,1000882,효령로34길,9543,6126,3417,101,1530,2821,2430,1576,1085,32,778,1644,1705,1140,827,69,752,1177,725,436,258
2019,4,A,골목상권,1000881,효령로31길,10396,6972,3424,67,2283,3142,2320,1505,1079,54,1293,2175,1655,999,796,13,990,967,665,506,283
2019,4,A,골목상권,1000880,효령로23길,12360,8243,4117,70,2534,3561,2833,1887,1475,51,1396,2445,2027,1219,1105,19,1138,1116,806,668,370
2019,4,A,골목상권,1000879,청두곶길,13318,6766,6552,23,2174,3922,3771,2298,1130,8,761,1970,1855,1410,762,15,1413,1952,1916,888,368
2019,4,A,골목상권,1000878,주흥길,4434,2544,1890,5,758,1268,1079,818,506,1,301,746,698,452,346,4,457,522,381,366,160
2019,4,A,골목상권,1000877,주흥15길,8390,4402,3988,23,1897,2583,1908,1198,781,7,571,1379,1238,681,526,16,1326,1204,670,517,255
2019,4,A,골목상권,1000876,언남길,15684,10674,5010,57,2338,4446,4140,2875,1828,31,1297,3069,2963,1936,1378,26,1041,1377,1177,939,450
2019,4,A,골목상권,1000875,신반포로45길,9300,5414,3886,32,1924,2692,2293,1366,993,15,732,1544,1578,865,680,17,1192,1148,715,501,313
2019,4,A,골목상권,1000874,서초대로8길,8398,4185,4213,32,1337,2073,2131,1627,1198,17,529,1029,1017,810,783,15,808,1044,1114,817,415
2019,4,A,골목상권,1000873,서초대로64길,37600,20771,16829,57,7011,9434,8670,10586,1842,29,2689,5015,4514,7163,1361,28,4322,4419,4156,3423,481
2019,4,A,골목상권,1000872,서초대로4길,10140,4542,5598,28,1886,2617,2462,1862,1285,11,653,1116,1089,905,768,17,1233,1501,1373,957,517
2019,4,A,골목상권,1000871,서초대로25길,24314,16435,7879,106,4990,7269,5855,4164,1930,58,2305,4767,4433,3344,1528,48,2685,2502,1422,820,402
2019,4,A,골목상권,1000870,서초대로23길,14565,9691,4874,43,2337,3705,3867,3085,1528,22,1049,2314,2748,2370,1188,21,1288,1391,1119,715,340
2019,4,A,골목상권,1000869,서초대로15길,9192,5518,3674,30,1668,2228,2112,1684,1470,19,709,1313,1305,1049,1123,11,959,915,807,635,347
2019,4,A,골목상권,1000868,사평대로57길,9692,5277,4415,23,2181,2959,2377,1412,740,3,729,1591,1581,861,512,20,1452,1368,796,551,228
2019,4,A,골목상권,1000867,사평대로26길,8763,6278,2485,31,1301,2349,2263,1786,1033,13,701,1708,1772,1341,743,18,600,641,491,445,290
2019,4,A,골목상권,1000866,사평대로22길,83130,76093,7037,35,8034,17085,21932,32915,3129,16,6503,14918,20092,31859,2705,19,1531,2167,1840,1056,424
2019,4,A,골목상권,1000865,사임당로17길,18885,10560,8325,54,3095,5532,5094,3752,1358,32,1353,3183,2952,2067,973,22,1742,2349,2142,1685,385
2019,4,A,골목상권,1000864,방배로42길,19353,11886,7467,56,4076,5642,5020,3373,1186,21,1447,3361,3570,2531,956,35,2629,2281,1450,842,230
2019,4,A,골목상권,1000863,방배로35길,14040,8753,5287,45,2919,3994,3226,2662,1194,10,1039,2388,2311,2037,968,35,1880,1606,915,625,226
2019,4,A,골목상권,1000862,방배로18길,16840,11174,5666,81,3310,5220,4087,3098,1044,62,1567,3114,3035,2604,792,19,1743,2106,1052,494,252
2019,4,A,골목상권,1000861,반포대로9길,15176,11618,3558,15,1629,4660,4470,2975,1427,6,940,3607,3698,2393,974,9,689,1053,772,582,453
2019,4,A,골목상권,1000860,바우뫼로39길,39654,19271,20383,492,8808,9187,11046,6992,3129,236,4317,5422,4328,2604,2364,256,4491,3765,6718,4388,765
2019,4,A,골목상권,1000859,마방로2길,11756,8032,3724,54,1886,3149,2959,2368,1340,30,1016,2143,2116,1678,1049,24,870,1006,843,690,291
2019,4,A,골목상권,1000858,방배천로4안길,6670,3345,3325,11,1175,1741,1631,1195,917,3,392,798,816,709,627,8,783,943,815,486,290
2019,4,A,골목상권,1000857,동산로19길,14591,9621,4970,35,2268,4095,3799,2565,1829,17,1228,2718,2639,1669,1350,18,1040,1377,1160,896,479
2019,4,A,골목상권,1000856,동산로10길,9541,6026,3515,37,1657,2897,2324,1683,943,16,878,1823,1482,1116,711,21,779,1074,842,567,232
2019,4,A,골목상권,1000855,동광로39길,83553,76161,7392,42,8224,17347,22130,32757,3053,22,6604,15010,20184,31684,2657,20,1620,2337,1946,1073,396
2019,4,A,골목상권,1000854,동광로1길,18425,8873,9552,82,3241,4438,4954,3232,2478,67,997,1910,2270,1745,1884,15,2244,2528,2684,1487,594
2019,4,A,골목상권,1000853,동광로12길,16378,7732,8646,41,2860,3929,4673,3062,1813,19,968,1743,2280,1575,1147,22,1892,2186,2393,1487,666
2019,4,A,골목상권,1000852,논현로27길,43316,22358,20958,444,9311,10840,12210,7550,2961,214,4629,6597,5384,3167,2367,230,4682,4243,6826,4383,594
2019,4,A,골목상권,1000851,논현로1길,10640,6745,3895,39,2086,3148,2518,1816,1033,23,1269,2062,1534,1102,755,16,817,1086,984,714,278
2019,4,A,골목상권,1000850,남부순환로339길,10187,6065,4122,25,2320,3177,2368,1586,711,7,912,1974,1634,1031,507,18,1408,1203,734,555,204
2019,4,A,골목상권,1000849,남부순환로325길,21342,12721,8621,33,3446,6484,4846,4022,2511,12,1580,3541,3071,2698,1819,21,1866,2943,1775,1324,692
2019,4,A,골목상권,1000848,남부순환로317길,21593,13962,7631,26,3057,7074,5526,3765,2145,12,1416,4293,4011,2678,1552,14,1641,2781,1515,1087,593
2019,4,A,골목상권,1000847,고무래로8길,13873,8968,4905,51,1917,3635,3853,2761,1656,16,938,2304,2759,1866,1085,35,979,1331,1094,895,571
2019,4,A,골목상권,1000846,강남대로8길,28099,21600,6499,54,3219,6302,8273,8682,1569,26,1934,4597,6382,7416,1245,28,1285,1705,1891,1266,324
2019,4,A,골목상권,1000845,강남대로34길,19439,13196,6243,115,3510,5603,4524,3149,2538,57,1887,3958,3327,2118,1849,58,1623,1645,1197,1031,689
2019,4,A,골목상권,1000844,강남대로23길,17856,11217,6639,338,5243,5177,3755,2270,1073,156,2717,3479,2668,1415,782,182,2526,1698,1087,855,291
2019,4,A,골목상권,1000843,소담길,1287,662,625,0,188,300,337,255,207,0,66,145,154,137,160,0,122,155,183,118,47
2019,4,A,골목상권,1000842,원신길,810,406,404,8,99,206,220,189,88,2,29,89,125,91,70,6,70,117,95,98,18
2019,4,A,골목상권,1000841,양지길,354,148,206,2,30,61,112,93,56,1,5,15,49,44,34,1,25,46,63,49,22
2019,4,A,골목상권,1000840,양산길,658,370,288,1,97,127,198,167,68,0,47,70,118,92,43,1,50,57,80,75,25
2019,4,A,골목상권,1000839,호암로24길,2828,2180,648,5,419,643,839,667,255,2,283,486,669,544,196,3,136,157,170,123,59
2019,4,A,골목상권,1000838,호암로20길,2148,1594,554,8,357,601,628,393,161,1,240,436,498,294,125,7,117,165,130,99,36
2019,4,A,골목상권,1000837,행운길,6560,3975,2585,22,1181,1767,1468,1253,869,12,575,1123,909,722,634,10,606,644,559,531,235
2019,4,A,골목상권,1000836,행운1길,2989,1601,1388,16,488,629,710,702,444,10,208,318,380,387,298,6,280,311,330,315,146
2019,4,A,골목상권,1000835,청림3길,3726,2032,1694,5,570,1164,1162,590,235,4,250,635,647,337,159,1,320,529,515,253,76
2019,4,A,골목상권,1000834,청룡길,3032,1441,1591,7,506,751,716,533,519,3,132,305,363,308,330,4,374,446,353,225,189
2019,4,A,골목상권,1000833,청룡8길,2383,1069,1314,2,343,507,533,536,462,1,108,243,246,247,224,1,235,264,287,289,238
2019,4,A,골목상권,1000832,중앙길,2697,1260,1437,8,412,587,710,591,389,4,126,274,344,310,202,4,286,313,366,281,187
2019,4,A,골목상권,1000831,조원중앙로2길,6070,4212,1858,10,723,1022,1192,1113,2010,5,360,655,733,691,1768,5,363,367,459,422,242
2019,4,A,골목상권,1000830,조원로18길,6128,4664,1464,4,721,1400,1460,1014,1529,2,343,995,1136,762,1426,2,378,405,324,252,103
2019,4,A,골목상권,1000829,조원로10길,16779,9737,7042,39,3618,5716,4238,1962,1206,17,1555,3402,2671,1244,848,22,2063,2314,1567,718,358
2019,4,A,골목상권,1000828,장군봉2길,2452,1262,1190,4,370,521,484,571,502,2,128,264,257,288,323,2,242,257,227,283,179
2019,4,A,골목상권,1000827,장군봉1길,2517,1160,1357,2,375,556,567,551,466,1,126,266,274,269,224,1,249,290,293,282,242
2019,4,A,골목상권,1000826,인헌길,1704,889,815,7,274,443,484,355,141,4,127,246,248,161,103,3,147,197,236,194,38
2019,4,A,골목상권,1000825,은천로25길,1614,689,925,1,259,404,464,313,173,0,76,186,206,138,83,1,183,218,258,175,90
2019,4,A,골목상권,1000824,양녕로6길,2361,1110,1251,7,291,416,526,587,534,4,107,202,242,297,258,3,184,214,284,290,276
2019,4,A,골목상권,1000823,신원로3길,1829,969,860,5,172,307,365,418,562,0,82,163,207,212,305,5,90,144,158,206,257
2019,4,A,골목상권,1000822,신사로20길,2857,2160,697,1,454,818,905,519,160,1,216,615,773,439,116,0,238,203,132,80,44
2019,4,A,골목상권,1000821,신림로65길,2412,1329,1083,6,213,327,521,544,801,2,78,164,278,282,525,4,135,163,243,262,276
2019,4,A,골목상권,1000820,신림로64길,2304,913,1391,6,538,542,475,455,288,2,132,202,231,166,180,4,406,340,244,289,108
2019,4,A,골목상권,1000819,신림로48길,1224,556,668,6,173,227,241,296,281,1,75,122,119,108,131,5,98,105,122,188,150
2019,4,A,골목상권,1000818,신림로38길,1620,931,689,7,227,303,399,353,331,1,117,162,222,209,220,6,110,141,177,144,111
2019,4,A,골목상권,1000817,신림로28길,3185,2328,857,10,485,649,876,744,421,2,323,487,658,570,288,8,162,162,218,174,133
2019,4,A,골목상권,1000816,신림로11길,2928,2185,743,3,448,733,802,692,250,1,273,511,640,557,203,2,175,222,162,135,47
2019,4,A,골목상권,1000815,신림동길,2508,1472,1036,4,257,387,584,563,713,2,115,202,314,325,514,2,142,185,270,238,199
2019,4,A,골목상권,1000814,승방길,3114,2065,1049,7,575,763,809,576,384,5,304,522,561,400,273,2,271,241,248,176,111
2019,4,A,골목상권,1000813,서림7길,1807,1219,588,3,188,296,492,545,283,1,94,164,333,401,226,2,94,132,159,144,57
2019,4,A,골목상권,1000812,봉천로33길,4896,2257,2639,12,705,949,1077,1311,842,1,214,419,507,611,505,11,491,530,570,700,337
2019,4,A,골목상권,1000811,봉천로13길,2022,1107,915,4,267,425,445,460,421,1,114,220,243,242,287,3,153,205,202,218,134
2019,4,A,골목상권,1000810,복은길,1880,1060,820,8,275,361,475,394,367,2,138,188,251,236,245,6,137,173,224,158,122
2019,4,A,골목상권,1000809,법원단지길,767,374,393,10,102,156,168,202,129,7,39,77,79,92,80,3,63,79,89,110,49
2019,4,A,골목상권,1000808,법원단지9길,902,487,415,10,108,180,219,248,137,7,39,95,115,142,89,3,69,85,104,106,48
2019,4,A,골목상권,1000807,미성5길,1372,661,711,16,179,256,305,348,268,13,76,132,150,137,153,3,103,124,155,211,115
2019,4,A,골목상권,1000806,대학길,2550,2069,481,3,369,588,728,612,250,1,250,467,625,522,204,2,119,121,103,90,46
2019,4,A,골목상권,1000805,대학14길,1204,702,502,5,155,307,328,255,154,2,54,164,216,154,112,3,101,143,112,101,42
2019,4,A,골목상권,1000804,당곡길,3119,1744,1375,9,481,627,732,635,635,5,228,340,406,324,441,4,253,287,326,311,194
2019,4,A,골목상권,1000803,남현길,2714,1713,1001,0,391,639,718,504,462,0,171,393,485,315,349,0,220,246,233,189,113
2019,4,A,골목상권,1000802,남현3길,5523,3108,2415,8,1036,1416,1438,974,651,4,446,769,810,589,490,4,590,647,628,385,161
2019,4,A,골목상권,1000801,남현2길,3073,1912,1161,0,427,708,848,596,494,0,186,432,557,363,374,0,241,276,291,233,120
2019,4,A,골목상권,1000800,남부순환로248길,1853,971,882,9,291,518,486,332,217,7,104,267,245,173,175,2,187,251,241,159,42
2019,4,A,골목상권,1000799,남부순환로234길,4031,2679,1352,9,636,1259,802,714,611,6,309,864,515,479,506,3,327,395,287,235,105
2019,4,A,골목상권,1000798,남부순환로172길,1997,1171,826,1,280,526,428,417,345,1,124,298,254,264,230,0,156,228,174,153,115
2019,4,A,골목상권,1000797,남부순환로161길,4573,3124,1449,2,711,1290,1260,880,430,2,331,893,969,644,285,0,380,397,291,236,145
2019,4,A,골목상권,1000796,남부순환로151길,4734,3287,1447,6,738,1345,1363,927,355,4,350,948,1065,664,256,2,388,397,298,263,99
2019,4,A,골목상권,1000795,남부순환로142길,5112,3566,1546,18,457,846,934,918,1939,13,227,487,579,550,1710,5,230,359,355,368,229
2019,4,A,골목상권,1000794,난향길,1320,654,666,1,150,285,366,288,230,0,41,130,153,147,183,1,109,155,213,141,47
2019,4,A,골목상권,1000793,난우길,1334,638,696,21,163,273,289,354,234,16,67,117,125,168,145,5,96,156,164,186,89
2019,4,A,골목상권,1000792,난곡로74길,3239,2365,874,1,506,930,1014,595,193,1,239,690,834,464,137,0,267,240,180,131,56
2019,4,A,골목상권,1000791,난곡로34길,818,394,424,9,105,170,199,250,85,7,41,88,92,115,51,2,64,82,107,135,34
2019,4,A,골목상권,1000790,난곡로26길,1137,601,536,0,134,223,287,316,177,0,52,108,139,170,132,0,82,115,148,146,45
2019,4,A,골목상권,1000789,난곡로24길,1189,652,537,0,120,238,301,353,177,0,53,114,146,202,137,0,67,124,155,151,40
2019,4,A,골목상권,1000788,낙성대역길,5705,3605,2100,21,1084,1588,1265,940,807,11,500,1026,806,616,646,10,584,562,459,324,161
2019,4,A,골목상권,1000787,국회단지길,2886,1216,1670,14,430,565,664,833,380,2,117,248,322,288,239,12,313,317,342,545,141
2019,4,A,골목상권,1000786,구암길,1433,682,751,1,240,383,445,255,109,1,74,172,224,138,73,0,166,211,221,117,36
2019,4,A,골목상권,1000785,관천로22길,3943,2336,1607,8,544,963,1075,789,564,6,260,543,618,485,424,2,284,420,457,304,140
2019,4,A,골목상권,1000784,관천로15길,3272,2397,875,2,508,897,1026,641,198,2,245,663,829,518,140,0,263,234,197,123,58
2019,4,A,골목상권,1000783,관악로30길,3154,1519,1635,8,425,656,786,797,482,5,168,308,407,372,259,3,257,348,379,425,223
2019,4,A,골목상권,1000782,관악로28길,2354,1060,1294,7,280,460,567,648,392,4,95,189,275,291,206,3,185,271,292,357,186
2019,4,A,골목상권,1000781,관악로14길,6902,3781,3121,24,1181,2103,1553,1366,675,13,463,1100,860,849,496,11,718,1003,693,517,179
2019,4,A,골목상권,1000780,관악로10길,6564,4205,2359,15,997,2014,1505,1488,545,10,541,1285,942,1026,401,5,456,729,563,462,144
2019,4,A,골목상권,1000779,흑석로9길,670,368,302,1,107,148,180,141,93,0,48,87,98,71,64,1,59,61,82,70,29
2019,4,A,골목상권,1000778,흑석로13길,910,490,420,1,116,197,247,209,140,0,50,108,131,112,89,1,66,89,116,97,51
2019,4,A,골목상권,1000777,장승배기로27길,6829,3923,2906,19,976,2199,1812,1277,546,5,448,1164,1098,869,339,14,528,1035,714,408,207
2019,4,A,골목상권,1000776,장승배기로19길,2239,1229,1010,2,386,493,520,518,320,1,253,268,252,270,185,1,133,225,268,248,135
2019,4,A,골목상권,1000775,장승배기로10길,2989,1629,1360,14,453,643,709,723,447,8,284,369,374,340,254,6,169,274,335,383,193
2019,4,A,골목상권,1000774,여의대방로46길,6848,3977,2871,21,1161,2066,1822,1195,583,6,496,1267,1140,684,384,15,665,799,682,511,199
2019,4,A,골목상권,1000773,여의대방로24길,20339,12832,7507,53,3857,4058,3357,4807,4207,28,2884,3206,2158,2339,2217,25,973,852,1199,2468,1990
2019,4,A,골목상권,1000772,여의대방로22카길,18726,11820,6906,49,3543,3601,3077,4537,3919,25,2778,2902,1948,2136,2031,24,765,699,1129,2401,1888
2019,4,A,골목상권,1000771,여의대방로22나길,18445,11776,6669,50,3585,3615,2945,4402,3848,26,2813,2950,1896,2090,2001,24,772,665,1049,2312,1847
2019,4,A,골목상권,1000770,여의대방로22길,18481,11777,6704,51,3563,3569,2965,4450,3883,27,2804,2909,1894,2125,2018,24,759,660,1071,2325,1865
2019,4,A,골목상권,1000769,양녕로26길,1882,1191,691,3,208,407,440,527,297,2,106,241,296,399,147,1,102,166,144,128,150
2019,4,A,골목상권,1000768,신대방길,5744,3165,2579,19,1364,1446,1297,971,647,13,504,867,791,542,448,6,860,579,506,429,199
2019,4,A,골목상권,1000767,성대로29길,1658,762,896,2,224,316,366,429,321,1,97,153,150,202,159,1,127,163,216,227,162
2019,4,A,골목상권,1000766,성대로1길,1289,555,734,2,117,238,324,321,287,1,40,113,135,128,138,1,77,125,189,193,149
2019,4,A,골목상권,1000765,서달로8가길,403,153,250,1,52,56,103,110,81,0,11,18,38,40,46,1,41,38,65,70,35
2019,4,A,골목상권,1000764,서달로15길,594,279,315,1,66,104,168,155,100,0,16,40,81,78,64,1,50,64,87,77,36
2019,4,A,골목상권,1000763,서달로14길,539,257,282,1,64,98,142,136,98,0,19,40,63,71,64,1,45,58,79,65,34
2019,4,A,골목상권,1000762,서달로10길,654,357,297,0,96,152,157,148,101,0,55,95,81,69,57,0,41,57,76,79,44
2019,4,A,골목상권,1000761,상도로62길,1933,1117,816,1,153,362,550,527,340,0,61,169,314,311,262,1,92,193,236,216,78
2019,4,A,골목상권,1000760,상도로61길,3697,2231,1466,2,394,1053,1227,711,310,1,181,582,728,474,265,1,213,471,499,237,45
2019,4,A,골목상권,1000759,상도로47길,4010,2271,1739,9,727,1086,924,812,452,2,295,617,564,515,278,7,432,469,360,297,174
2019,4,A,골목상권,1000758,상도로37길,3599,2069,1530,10,672,958,800,740,419,2,280,566,495,470,256,8,392,392,305,270,163
2019,4,A,골목상권,1000757,상도로15길,1942,868,1074,3,243,407,492,433,364,1,97,191,200,190,189,2,146,216,292,243,175
2019,4,A,골목상권,1000756,사당로8길,3051,1713,1338,5,420,652,846,673,455,2,233,371,412,358,337,3,187,281,434,315,118
2019,4,A,골목상권,1000755,사당로30길,4369,2277,2092,10,835,1153,1133,825,413,3,260,553,638,536,287,7,575,600,495,289,126
2019,4,A,골목상권,1000754,사당로2차길,1302,661,641,1,117,247,369,351,217,0,51,97,163,189,161,1,66,150,206,162,56
2019,4,A,골목상권,1000753,사당로29길,2228,971,1257,8,346,546,597,423,308,2,115,239,240,179,196,6,231,307,357,244,112
2019,4,A,골목상권,1000752,사당로26길,2913,1431,1482,9,462,693,827,564,358,3,125,313,394,328,268,6,337,380,433,236,90
2019,4,A,골목상권,1000751,사당로23나길,812,325,487,6,86,151,226,231,112,2,31,64,86,83,59,4,55,87,140,148,53
2019,4,A,골목상권,1000750,사당로23길,2564,1477,1087,2,375,669,724,589,205,0,155,372,462,340,148,2,220,297,262,249,57
2019,4,A,골목상권,1000749,사당로20길,2063,1118,945,2,202,327,503,461,568,1,68,173,235,242,399,1,134,154,268,219,169
2019,4,A,골목상권,1000748,사당로16길,2477,1382,1095,5,230,400,562,527,753,4,89,206,258,287,538,1,141,194,304,240,215
2019,4,A,골목상권,1000747,사당로16가길,2654,1356,1298,4,250,442,656,587,715,1,100,198,276,290,491,3,150,244,380,297,224
2019,4,A,골목상권,1000746,만양로8길,3874,2130,1744,16,458,910,1022,916,552,12,220,525,600,457,316,4,238,385,422,459,236
2019,4,A,골목상권,1000745,만양로14길,2229,1309,920,5,276,620,582,441,305,3,124,366,376,257,183,2,152,254,206,184,122
2019,4,A,골목상권,1000744,등용로14길,7845,4648,3197,23,1135,2520,2134,1471,562,5,551,1437,1312,971,372,18,584,1083,822,500,190
2019,4,A,골목상권,1000743,동작대로7길,6637,3536,3101,14,1181,1731,1791,1201,719,5,378,879,981,748,545,9,803,852,810,453,174
2019,4,A,골목상권,1000742,동작대로35길,10962,4797,6165,17,1959,2951,3541,1891,603,7,626,1219,1646,977,322,10,1333,1732,1895,914,281
2019,4,A,골목상권,1000741,동작대로33길,11847,5006,6841,21,2065,3104,3615,2141,901,7,655,1273,1648,1003,420,14,1410,1831,1967,1138,481
2019,4,A,골목상권,1000740,동작대로29길,994,517,477,11,141,240,257,220,125,4,62,144,150,95,62,7,79,96,107,125,63
2019,4,A,골목상권,1000739,동작대로17길,5364,2626,2738,17,970,1213,1289,1038,837,7,293,560,624,565,577,10,677,653,665,473,260
2019,4,A,골목상권,1000738,대방동2길,17384,11015,6369,45,3429,3433,2729,4199,3549,24,2705,2797,1735,1952,1802,21,724,636,994,2247,1747
2019,4,A,골목상권,1000737,대방동27길,6476,4371,2105,8,1104,1427,1274,1795,868,4,608,983,873,1329,574,4,496,444,401,466,294
2019,4,A,골목상권,1000736,노량진로6길,6430,3598,2832,12,829,2037,1763,1276,513,3,377,1057,1021,823,317,9,452,980,742,453,196
2019,4,A,골목상권,1000735,국사봉길,1329,794,535,0,156,279,375,333,186,0,89,167,226,187,125,0,67,112,149,146,61
2019,4,A,골목상권,1000734,국사봉2길,16980,10887,6093,45,3354,3282,2656,4132,3511,24,2691,2728,1718,1933,1793,21,663,554,938,2199,1718
2019,4,A,골목상권,1000733,국사봉1길,1584,785,799,1,131,293,392,425,342,1,56,160,203,193,172,0,75,133,189,232,170
2019,4,A,골목상권,1000732,영신로9길,4324,2392,1932,35,628,983,987,1093,598,16,266,472,564,669,405,19,362,511,423,424,193
2019,4,A,골목상권,1000731,영등포로84길,3623,1678,1945,5,644,828,853,768,525,0,208,415,432,325,298,5,436,413,421,443,227
2019,4,A,골목상권,1000730,영등포로80길,3868,1857,2011,5,675,857,902,843,586,0,227,446,467,376,341,5,448,411,435,467,245
2019,4,A,골목상권,1000729,영등포로62길,1535,807,728,0,180,291,398,358,308,0,90,154,209,172,182,0,90,137,189,186,126
2019,4,A,골목상권,1000728,영등포로35길,3743,2275,1468,13,481,839,982,801,627,3,199,498,671,501,403,10,282,341,311,300,224
2019,4,A,골목상권,1000727,영등포로27길,5132,3063,2069,16,646,1200,1379,1042,849,7,257,654,882,657,606,9,389,546,497,385,243
2019,4,A,골목상권,1000726,영등포로25길,4637,2851,1786,11,528,977,1227,968,926,8,233,526,752,628,704,3,295,451,475,340,222
2019,4,A,골목상권,1000725,여의대방로61길,2949,1404,1545,7,608,751,745,478,360,1,203,349,366,243,242,6,405,402,379,235,118
2019,4,A,골목상권,1000724,여의대방로43나길,5885,4255,1630,6,967,1226,1133,1796,757,3,627,927,831,1350,517,3,340,299,302,446,240
2019,4,A,골목상권,1000723,여의대방로39길,4878,3529,1349,7,977,1162,986,1391,355,4,580,851,736,1108,250,3,397,311,250,283,105
2019,4,A,골목상권,1000722,여의대방로35길,3514,2250,1264,10,543,813,758,681,709,6,255,551,506,431,501,4,288,262,252,250,208
2019,4,A,골목상권,1000721,양평로28길,4121,2648,1473,9,479,886,1062,1067,618,5,262,568,640,676,497,4,217,318,422,391,121
2019,4,A,골목상권,1000720,양평로22라길,3947,2397,1550,9,528,912,1053,971,474,7,246,533,641,592,378,2,282,379,412,379,96
2019,4,A,골목상권,1000719,양평로19길,12312,6912,5400,37,2423,3545,3426,1789,1092,14,1069,2162,1915,964,788,23,1354,1383,1511,825,304
2019,4,A,골목상권,1000718,신길로60길,2096,1143,953,6,233,502,492,463,400,3,101,231,241,257,310,3,132,271,251,206,90
2019,4,A,골목상권,1000717,신길로42길,2009,1150,859,1,285,382,450,463,428,0,134,216,245,248,307,1,151,166,205,215,121
2019,4,A,골목상권,1000716,신길로42가길,2613,1392,1221,2,300,531,552,602,626,0,115,242,257,330,448,2,185,289,295,272,178
2019,4,A,골목상권,1000715,신길로39길,1624,885,739,3,153,276,372,412,408,3,56,129,191,217,289,0,97,147,181,195,119
2019,4,A,골목상권,1000714,신길로17길,2074,1208,866,10,201,480,645,489,249,6,111,294,326,293,178,4,90,186,319,196,71
2019,4,A,골목상권,1000713,선유서로28길,8052,4859,3193,42,1648,1899,1904,1475,1084,16,782,1211,1134,885,831,26,866,688,770,590,253
2019,4,A,골목상권,1000712,선유서로25길,5139,3803,1336,16,639,1291,1234,1015,944,8,380,982,931,738,764,8,259,309,303,277,180
2019,4,A,골목상권,1000711,선유서로24길,21565,11414,10151,134,5245,5295,4660,4210,2021,41,2258,3680,2454,1433,1548,93,2987,1615,2206,2777,473
2019,4,A,골목상권,1000710,선유로55길,11192,6156,5036,34,2214,3241,3133,1594,976,12,909,1925,1762,863,685,22,1305,1316,1371,731,291
2019,4,A,골목상권,1000709,디지털로74길,3431,1633,1798,8,825,802,852,647,297,5,236,391,415,370,216,3,589,411,437,277,81
2019,4,A,골목상권,1000708,디지털로57길,3660,2126,1534,6,365,498,748,904,1139,2,138,274,418,537,757,4,227,224,330,367,382
2019,4,A,골목상권,1000707,디지털로37길,4034,2188,1846,14,496,685,822,869,1148,4,168,334,424,498,760,10,328,351,398,371,388
2019,4,A,골목상권,1000706,도신로62길,2200,1144,1056,1,286,498,432,527,456,0,136,293,252,234,229,1,150,205,180,293,227
2019,4,A,골목상권,1000705,도신로60길,1226,653,573,0,195,316,261,240,214,0,101,172,136,130,114,0,94,144,125,110,100
2019,4,A,골목상권,1000704,도신로29길,1719,1132,587,6,200,400,496,391,226,4,96,271,345,264,152,2,104,129,151,127,74
2019,4,A,골목상권,1000703,도신로15길,2731,1586,1145,13,351,604,689,593,481,9,113,303,382,417,362,4,238,301,307,176,119
2019,4,A,골목상권,1000702,도림천로21길,16544,9657,6887,62,3622,5751,4140,1811,1158,25,1584,3459,2646,1167,776,37,2038,2292,1494,644,382
2019,4,A,골목상권,1000701,도림로63길,1116,737,379,1,109,196,295,301,214,1,67,121,196,185,167,0,42,75,99,116,47
2019,4,A,골목상권,1000700,도림로147길,7404,4074,3330,18,1114,1583,1783,1996,910,8,551,993,1053,914,555,10,563,590,730,1082,355
2019,4,A,골목상권,1000699,도림로112길,2150,1459,691,15,234,495,588,503,315,12,114,332,403,351,247,3,120,163,185,152,68
2019,4,A,골목상권,1000698,대림로8길,4605,2251,2354,2,1248,1295,964,692,404,2,397,692,541,364,255,0,851,603,423,328,149
2019,4,A,골목상권,1000697,대림로7길,4645,2570,2075,23,889,1417,1171,731,414,10,390,839,617,439,275,13,499,578,554,292,139
2019,4,A,골목상권,1000696,대림로44길,3546,2539,1007,12,462,923,1058,707,384,4,238,679,832,498,288,8,224,244,226,209,96
2019,4,A,골목상권,1000695,대림로34길,4794,3313,1481,17,573,1130,1337,1040,697,5,302,803,978,691,534,12,271,327,359,349,163
2019,4,A,골목상권,1000694,대림로31길,10368,6914,3454,23,1094,2203,2562,2468,2018,10,623,1669,1934,1500,1178,13,471,534,628,968,840
2019,4,A,골목상권,1000693,대림로29길,4656,2704,1952,8,477,756,1032,1146,1237,3,202,437,581,669,812,5,275,319,451,477,425
2019,4,A,골목상권,1000692,대림로22길,2553,1429,1124,4,346,439,576,665,523,0,120,239,318,379,373,4,226,200,258,286,150
2019,4,A,골목상권,1000691,당산로46길,8780,6183,2597,24,1222,2120,2253,1927,1234,7,607,1407,1660,1519,983,17,615,713,593,408,251
2019,4,A,골목상권,1000690,당산로38길,8580,5024,3556,27,1840,2474,1641,1561,1037,16,831,1378,1033,1030,736,11,1009,1096,608,531,301
2019,4,A,골목상권,1000689,당산로37길,15876,8761,7115,47,3483,4772,3765,2292,1517,19,1432,2703,2175,1412,1020,28,2051,2069,1590,880,497
2019,4,A,골목상권,1000688,당산로31길,10118,5475,4643,23,1984,2768,1970,1996,1377,12,921,1575,1172,1036,759,11,1063,1193,798,960,618
2019,4,A,골목상권,1000687,국회대로56길,7059,4101,2958,19,1498,1616,1611,1355,960,8,503,894,1064,912,720,11,995,722,547,443,240
2019,4,A,골목상권,1000686,경인로90길,8808,5069,3739,42,1724,2588,2335,1430,689,12,663,1422,1475,944,553,30,1061,1166,860,486,136
2019,4,A,골목상권,1000685,경인로80길,7895,4673,3222,27,1441,2116,2130,1375,806,12,590,1213,1330,869,659,15,851,903,800,506,147
2019,4,A,골목상권,1000684,경인로77길,9316,5310,4006,29,1778,2513,2454,1603,939,13,707,1384,1482,980,744,16,1071,1129,972,623,195
2019,4,A,골목상권,1000683,가마산로61길,1070,583,487,2,103,236,288,262,179,2,38,119,148,149,127,0,65,117,140,113,52
2019,4,A,골목상권,1000682,시흥대로94길,3087,1766,1321,5,376,577,670,873,586,1,181,319,357,475,433,4,195,258,313,398,153
2019,4,A,골목상권,1000681,시흥대로84길,2024,1141,883,7,263,457,509,515,273,7,154,272,276,239,193,0,109,185,233,276,80
2019,4,A,골목상권,1000680,시흥대로68길,3004,1558,1446,17,589,756,680,628,334,12,262,413,337,291,243,5,327,343,343,337,91
2019,4,A,골목상권,1000679,시흥대로63길,4531,2302,2229,14,696,1219,1043,1045,514,9,287,547,499,618,342,5,409,672,544,427,172
2019,4,A,골목상권,1000678,시흥대로62가길,1944,884,1060,7,319,366,487,501,264,6,131,171,219,198,159,1,188,195,268,303,105
2019,4,A,골목상권,1000677,시흥대로36길,6991,3889,3102,12,537,1047,1616,1813,1966,3,263,660,896,911,1156,9,274,387,720,902,810
2019,4,A,골목상권,1000676,시흥대로22길,7401,4380,3021,13,527,1004,1703,1940,2214,4,281,663,978,1049,1405,9,246,341,725,891,809
2019,4,A,골목상권,1000675,시흥대로153길,2904,1507,1397,14,271,410,599,654,956,3,147,225,331,361,440,11,124,185,268,293,516
2019,4,A,골목상권,1000674,시흥대로150길,2340,1417,923,11,307,444,603,596,379,2,156,255,331,374,299,9,151,189,272,222,80
2019,4,A,골목상권,1000673,시흥대로141길,2749,1758,991,11,335,507,624,710,562,1,182,304,358,472,441,10,153,203,266,238,121
2019,4,A,골목상권,1000672,시흥대로138길,1885,1086,799,3,234,356,463,464,365,2,140,212,278,251,203,1,94,144,185,213,162
2019,4,A,골목상권,1000671,시흥대로120길,2685,1613,1072,5,314,444,570,715,637,2,180,268,334,415,414,3,134,176,236,300,223
2019,4,A,골목상권,1000670,벚꽃로56길,44541,28679,15862,163,9094,13920,10927,6197,4240,105,4666,9107,7715,4003,3083,58,4428,4813,3212,2194,1157
2019,4,A,골목상권,1000669,범안로17길,8980,5829,3151,19,545,998,1226,1814,4378,17,335,683,803,1147,2844,2,210,315,423,667,1534
2019,4,A,골목상권,1000668,범안로11길,24441,16601,7840,68,2868,5378,5207,4561,6359,51,1714,3778,3789,3075,4194,17,1154,1600,1418,1486,2165
2019,4,A,골목상권,1000667,문성로5길,4518,3205,1313,5,299,651,854,812,1897,4,173,355,505,470,1698,1,126,296,349,342,199
2019,4,A,골목상권,1000666,독산로85길,1373,751,622,0,160,246,286,380,301,0,102,161,153,181,154,0,58,85,133,199,147
2019,4,A,골목상권,1000665,독산로78다길,1317,707,610,0,120,198,249,349,401,0,74,119,119,165,230,0,46,79,130,184,171
2019,4,A,골목상권,1000664,독산로70길,1667,951,716,1,164,263,322,430,487,0,89,139,159,241,323,1,75,124,163,189,164
2019,4,A,골목상권,1000663,독산로64길,1552,838,714,1,188,284,316,426,337,0,104,110,124,234,266,1,84,174,192,192,71
2019,4,A,골목상권,1000662,독산로50길,969,596,373,9,148,191,288,236,97,6,89,132,169,128,72,3,59,59,119,108,25
2019,4,A,골목상권,1000661,독산로40길,1493,907,586,13,224,305,427,378,146,10,140,213,255,180,109,3,84,92,172,198,37
2019,4,A,골목상권,1000660,독산로108길,5051,3636,1415,3,382,851,963,951,1901,2,222,511,600,604,1697,1,160,340,363,347,204
2019,4,A,골목상권,1000659,남부순환로112길,3662,2186,1476,10,389,688,793,691,1091,6,223,423,513,447,574,4,166,265,280,244,517
2019,4,A,골목상권,1000658,금하로24길,1694,977,717,6,190,373,401,418,306,6,101,216,209,248,197,0,89,157,192,170,109
2019,4,A,골목상권,1000657,금하로1길,1309,861,448,13,192,244,273,324,263,11,121,165,185,179,200,2,71,79,88,145,63
2019,4,A,골목상권,1000656,금하로14길,1288,607,681,2,125,205,348,360,248,1,49,93,161,171,132,1,76,112,187,189,116
2019,4,A,골목상권,1000655,가산로5길,9154,5413,3741,23,1390,2300,2163,1803,1475,18,787,1411,1336,1023,838,5,603,889,827,780,637
2019,4,A,골목상권,1000654,가산로3길,23895,16021,7874,85,4033,6853,5823,4192,2909,51,2156,4728,4260,2809,2017,34,1877,2125,1563,1383,892
2019,4,A,골목상권,1000653,중앙로1길,4765,2842,1923,4,529,1030,1138,1158,906,3,272,559,578,685,745,1,257,471,560,473,161
2019,4,A,골목상권,1000652,중앙로15길,1933,1250,683,4,260,436,459,525,249,2,164,302,293,302,187,2,96,134,166,223,62
2019,4,A,골목상권,1000651,우마길,5342,3270,2072,25,833,1287,1361,1038,798,17,423,788,849,644,549,8,410,499,512,394,249
2019,4,A,골목상권,1000650,오류로8길,3811,2518,1293,0,495,828,1007,944,537,0,343,518,637,630,390,0,152,310,370,314,147
2019,4,A,골목상권,1000649,신도림로13길,4873,3666,1207,8,483,1532,1346,976,528,7,274,1166,1084,739,396,1,209,366,262,237,132
2019,4,A,골목상권,1000648,새말로18길,4598,2651,1947,27,706,1196,1260,917,492,22,309,679,715,580,346,5,397,517,545,337,146
2019,4,A,골목상권,1000647,부일로1길,1888,1465,423,18,192,326,368,542,442,18,141,226,251,420,409,0,51,100,117,122,33
2019,4,A,골목상권,1000646,부일로15길,1310,802,508,5,102,218,319,369,297,3,47,111,192,236,213,2,55,107,127,133,84
2019,4,A,골목상권,1000645,부일로11길,1720,1024,696,5,168,338,435,483,291,2,80,194,255,302,191,3,88,144,180,181,100
2019,4,A,골목상권,1000644,디지털로32길,31052,18997,12055,82,6292,10839,8243,3635,1961,41,3001,6929,5356,2275,1395,41,3291,3910,2887,1360,566
2019,4,A,골목상권,1000643,디지털로32가길,30685,18890,11795,91,6090,10431,8067,3738,2268,44,2879,6638,5296,2379,1654,47,3211,3793,2771,1359,614
2019,4,A,골목상권,1000642,디지털로27길,25237,17450,7787,110,5318,8414,6118,3275,2002,74,2853,5869,4654,2327,1673,36,2465,2545,1464,948,329
2019,4,A,골목상권,1000641,도림로6길,6429,3922,2507,27,1035,1625,1619,1139,984,17,516,990,1001,717,681,10,519,635,618,422,303
2019,4,A,골목상권,1000640,도림로12길,4678,3284,1394,31,973,1404,1228,671,371,25,611,1005,911,451,281,6,362,399,317,220,90
2019,4,A,골목상권,1000639,남부순환로97길,6429,3568,2861,39,1174,1596,1362,1449,809,20,683,1075,689,609,492,19,491,521,673,840,317
2019,4,A,골목상권,1000638,구로중앙로8길,3151,2084,1067,3,289,590,787,902,580,2,135,345,514,657,431,1,154,245,273,245,149
2019,4,A,골목상권,1000637,구로중앙로7길,2087,1421,666,5,155,309,476,695,447,4,69,168,321,517,342,1,86,141,155,178,105
2019,4,A,골목상권,1000636,구로중앙로42길,8795,6396,2399,17,795,2277,2343,1997,1366,12,449,1687,1744,1454,1050,5,346,590,599,543,316
2019,4,A,골목상권,1000635,구로중앙로34길,4585,2949,1636,10,784,1122,1177,922,570,5,474,763,783,561,363,5,310,359,394,361,207
2019,4,A,골목상권,1000634,구로중앙로28길,11038,7181,3857,17,1421,2453,2823,2514,1810,11,859,1802,1962,1466,1081,6,562,651,861,1048,729
2019,4,A,골목상권,1000633,구로중앙로19길,5187,2873,2314,7,627,1401,1218,1332,602,3,283,752,655,825,355,4,344,649,563,507,247
2019,4,A,골목상권,1000632,구로동로8길,1826,1008,818,8,227,363,411,392,425,5,109,206,208,203,277,3,118,157,203,189,148
2019,4,A,골목상권,1000631,구로동로7길,10253,7086,3167,39,1979,3388,2613,1445,789,26,1082,2345,1916,1080,637,13,897,1043,697,365,152
2019,4,A,골목상권,1000630,구로동로42길,4570,2045,2525,17,721,1027,1027,1117,661,6,260,393,430,567,389,11,461,634,597,550,272
2019,4,A,골목상권,1000629,구로동로41길,1500,697,803,4,173,249,328,434,312,2,70,131,172,153,169,2,103,118,156,281,143
2019,4,A,골목상권,1000628,구로동로38길,4541,2539,2002,7,562,1227,1055,1197,493,3,265,649,588,744,290,4,297,578,467,453,203
2019,4,A,골목상권,1000627,구로동로28길,4421,2563,1858,7,555,1246,1028,1084,501,3,246,655,557,765,337,4,309,591,471,319,164
2019,4,A,골목상권,1000626,구로동로15길,9924,6864,3060,40,1967,3389,2578,1344,606,26,1065,2359,1911,1002,501,14,902,1030,667,342,105
2019,4,A,골목상권,1000625,공원로6가길,6922,4441,2481,32,1107,1791,1942,1338,712,25,618,1156,1274,878,490,7,489,635,668,460,222
2019,4,A,골목상권,1000624,고척로52길,5315,3889,1426,9,400,1118,1534,1736,518,8,220,818,1142,1346,355,1,180,300,392,390,163
2019,4,A,골목상권,1000623,고척로27다길,1272,690,582,2,130,300,292,316,232,0,67,141,129,171,182,2,63,159,163,145,50
2019,4,A,골목상권,1000622,고척로27길,1596,885,711,1,163,351,388,405,288,0,84,177,178,219,227,1,79,174,210,186,61
2019,4,A,골목상권,1000621,고척로21나길,2229,1322,907,6,254,485,526,593,365,1,143,291,294,322,271,5,111,194,232,271,94
2019,4,A,골목상권,1000620,경인로47길,3644,2363,1281,2,400,761,863,902,716,2,204,446,507,589,615,0,196,315,356,313,101
2019,4,A,골목상권,1000619,경인로35길,3129,1831,1298,12,258,628,829,788,614,10,132,353,463,446,427,2,126,275,366,342,187
2019,4,A,골목상권,1000618,경인로31길,1321,763,558,3,145,345,328,294,206,2,72,197,167,165,160,1,73,148,161,129,46
2019,4,A,골목상권,1000617,경인로15길,1956,1167,789,6,166,351,482,573,378,5,82,195,271,328,286,1,84,156,211,245,92
2019,4,A,골목상권,1000616,개봉로3길,1322,779,543,1,198,272,305,307,239,1,89,152,174,189,174,0,109,120,131,118,65
2019,4,A,골목상권,1000615,개봉로2길,5631,2907,2724,35,1132,1548,1201,1212,503,17,640,1025,577,408,240,18,492,523,624,804,263
2019,4,A,골목상권,1000614,개봉로23가길,7606,3974,3632,10,649,1443,1959,2251,1294,6,369,795,938,1066,800,4,280,648,1021,1185,494
2019,4,A,골목상권,1000613,개봉로20길,6983,3822,3161,39,1217,1718,1520,1607,882,20,698,1124,756,688,536,19,519,594,764,919,346
2019,4,A,골목상권,1000612,개봉로1길,1291,852,439,1,188,309,317,260,216,1,87,216,219,170,159,0,101,93,98,90,57
2019,4,A,골목상권,1000611,개봉로17다길,5444,3013,2431,39,1161,1422,1168,1064,590,20,647,952,554,430,410,19,514,470,614,634,180
2019,4,A,골목상권,1000610,개봉로17길,4721,2485,2236,38,1140,1373,992,856,322,20,640,925,436,272,192,18,500,448,556,584,130
2019,4,A,골목상권,1000609,개봉로11길,2872,1300,1572,8,426,520,734,793,391,6,221,284,279,271,239,2,205,236,455,522,152
2019,4,A,골목상권,1000608,화곡로64길,13331,7853,5478,57,2469,3328,2997,2781,1699,22,1004,2243,2108,1478,998,35,1465,1085,889,1303,701
2019,4,A,골목상권,1000607,화곡로59길,11331,6520,4811,40,1642,2904,2786,2885,1074,12,758,1821,1740,1562,627,28,884,1083,1046,1323,447
2019,4,A,골목상권,1000606,화곡로44나길,5789,3797,1992,7,665,1442,1348,1460,867,3,304,817,856,1079,738,4,361,625,492,381,129
2019,4,A,골목상권,1000605,화곡로31길,4177,2189,1988,5,936,866,839,823,708,2,261,447,439,500,540,3,675,419,400,323,168
2019,4,A,골목상권,1000604,화곡로20길,2589,1431,1158,2,298,541,572,670,506,1,151,319,306,360,294,1,147,222,266,310,212
2019,4,A,골목상권,1000603,화곡로13길,1740,973,767,0,175,324,466,509,266,0,88,167,239,280,199,0,87,157,227,229,67
2019,4,A,골목상권,1000602,초원로16길,3604,1800,1804,11,311,461,647,1096,1078,4,143,281,387,446,539,7,168,180,260,650,539
2019,4,A,골목상권,1000601,초록마을로8길,1780,1021,759,8,205,404,487,444,232,6,98,257,294,223,143,2,107,147,193,221,89
2019,4,A,골목상권,1000600,초록마을로3길,4067,2605,1462,5,851,847,792,820,752,1,292,509,512,627,664,4,559,338,280,193,88
2019,4,A,골목상권,1000599,월정로20길,1930,1221,709,16,185,388,520,593,228,14,101,241,326,364,175,2,84,147,194,229,53
2019,4,A,골목상권,1000598,우장산로6길,1666,914,752,0,263,279,400,447,277,0,121,145,190,247,211,0,142,134,210,200,66
2019,4,A,골목상권,1000597,양천로73가길,3841,2556,1285,6,468,916,933,886,632,5,216,579,604,617,535,1,252,337,329,269,97
2019,4,A,골목상권,1000596,양천로71길,12540,4429,8111,21,2025,4005,3917,1801,771,9,628,1414,1004,748,626,12,1397,2591,2913,1053,145
2019,4,A,골목상권,1000595,양천로49길,5710,3599,2111,14,619,1180,1278,1459,1160,8,317,748,781,891,854,6,302,432,497,568,306
2019,4,A,골목상권,1000594,양천로26길,1360,872,488,2,176,295,335,366,186,1,97,186,187,243,158,1,79,109,148,123,28
2019,4,A,골목상권,1000593,양천로24길,1923,1097,826,6,242,403,499,508,265,5,130,249,270,267,176,1,112,154,229,241,89
2019,4,A,골목상권,1000592,양천로24가길,3150,2066,1084,10,315,559,942,851,473,8,176,349,645,541,347,2,139,210,297,310,126
2019,4,A,골목상권,1000591,양천로14길,3079,2104,975,7,260,550,863,863,536,5,152,337,608,574,428,2,108,213,255,289,108
2019,4,A,골목상권,1000590,방화대로6라길,1476,921,555,1,151,323,422,380,199,0,75,205,270,236,135,1,76,118,152,144,64
2019,4,A,골목상권,1000589,방화대로21길,4053,2046,2007,9,399,636,737,1110,1162,2,171,370,450,466,587,7,228,266,287,644,575
2019,4,A,골목상권,1000588,등촌로5길,2909,1351,1558,1,685,836,638,492,257,0,154,367,327,300,203,1,531,469,311,192,54
2019,4,A,골목상권,1000587,등촌로55길,2946,1834,1112,12,417,636,755,673,453,6,182,401,449,436,360,6,235,235,306,237,93
2019,4,A,골목상권,1000586,등촌로51길,2282,1364,918,6,305,436,562,553,420,2,122,234,317,346,343,4,183,202,245,207,77
2019,4,A,골목상권,1000585,등촌로39길,3594,2050,1544,2,439,705,865,921,662,1,209,366,530,552,392,1,230,339,335,369,270
2019,4,A,골목상권,1000584,등촌로13길,1203,700,503,1,108,234,301,339,220,1,43,137,149,206,164,0,65,97,152,133,56
2019,4,A,골목상권,1000583,남부순환로11길,1314,880,434,1,137,302,376,307,191,0,65,187,249,219,160,1,72,115,127,88,31
2019,4,A,골목상권,1000582,까치산로4길,3059,1643,1416,17,504,787,803,634,314,13,203,444,433,368,182,4,301,343,370,266,132
2019,4,A,골목상권,1000581,국회대로7길,3300,1523,1777,3,685,796,697,710,409,2,176,352,364,372,257,1,509,444,333,338,152
2019,4,A,골목상권,1000580,공항대로8길,1968,1203,765,5,230,409,479,485,360,1,96,238,291,308,269,4,134,171,188,177,91
2019,4,A,골목상권,1000579,공항대로61길,4789,3049,1740,16,648,1117,1101,1068,839,12,278,664,694,742,659,4,370,453,407,326,180
2019,4,A,골목상권,1000578,공항대로59다길,6422,4014,2408,16,810,1474,1724,1593,805,12,342,868,1122,1036,634,4,468,606,602,557,171
2019,4,A,골목상권,1000577,공항대로59길,5310,3325,1985,18,847,1253,1193,1161,838,13,380,761,731,777,663,5,467,492,462,384,175
2019,4,A,골목상권,1000576,공항대로55길,9865,6181,3684,31,1979,2664,2300,1763,1128,17,724,1698,1692,1235,815,14,1255,966,608,528,313
2019,4,A,골목상권,1000575,공항대로42길,3316,1427,1889,1,310,526,643,669,1167,0,105,248,294,275,505,1,205,278,349,394,662
2019,4,A,골목상권,1000574,공항대로38길,3757,1683,2074,5,359,584,714,748,1347,3,140,299,351,300,590,2,219,285,363,448,757
2019,4,A,골목상권,1000573,곰달래로60길,3810,1592,2218,2,835,1029,833,744,367,1,201,419,386,358,227,1,634,610,447,386,140
2019,4,A,골목상권,1000572,곰달래로53길,1091,644,447,6,124,230,256,292,183,3,64,138,139,170,130,3,60,92,117,122,53
2019,4,A,골목상권,1000571,곰달래로47길,2067,1097,970,8,272,603,564,430,190,5,138,324,274,230,126,3,134,279,290,200,64
2019,4,A,골목상권,1000570,곰달래로31길,2412,1359,1053,7,336,644,672,497,256,6,167,356,345,309,176,1,169,288,327,188,80
2019,4,A,골목상권,1000569,곰달래로25길,1684,862,822,4,226,323,432,439,260,4,93,173,200,216,176,0,133,150,232,223,84
2019,4,A,골목상권,1000568,개화동로25길,32037,16958,15079,3,5511,10823,8819,5927,954,0,1268,4466,5153,5250,821,3,4243,6357,3666,677,133
2019,4,A,골목상권,1000567,개화동로23길,33039,17452,15587,6,5602,10936,8956,6162,1377,3,1294,4523,5237,5403,992,3,4308,6413,3719,759,385
2019,4,A,골목상권,1000566,강서로8길,2287,1239,1048,7,267,470,599,607,337,6,107,274,315,309,228,1,160,196,284,298,109
2019,4,A,골목상권,1000565,강서로5라길,1890,1096,794,2,190,367,491,500,340,2,100,215,266,260,253,0,90,152,225,240,87
2019,4,A,골목상권,1000564,강서로5나길,2286,1480,806,16,205,464,622,688,291,14,108,299,404,432,223,2,97,165,218,256,68
2019,4,A,골목상권,1000563,강서로5가길,2258,1213,1045,14,236,427,598,647,336,14,110,260,336,316,177,0,126,167,262,331,159
2019,4,A,골목상권,1000562,강서로47라길,1942,898,1044,3,163,335,537,634,270,1,67,145,191,295,199,2,96,190,346,339,71
2019,4,A,골목상권,1000561,강서로47길,1969,880,1089,2,184,371,567,584,261,0,65,170,200,256,189,2,119,201,367,328,72
2019,4,A,골목상권,1000560,강서로45다길,5741,3586,2155,10,725,1321,1435,1418,832,8,394,860,870,833,621,2,331,461,565,585,211
2019,4,A,골목상권,1000559,강서로45길,5233,3255,1978,11,661,1237,1345,1320,659,7,374,831,801,751,491,4,287,406,544,569,168
2019,4,A,골목상권,1000558,강서로35길,2339,1233,1106,3,315,457,541,584,439,2,120,244,274,298,295,1,195,213,267,286,144
2019,4,A,골목상권,1000557,강서로29길,2908,1388,1520,8,437,616,661,679,507,5,155,333,333,310,252,3,282,283,328,369,255
2019,4,A,골목상권,1000556,강서로18길,3094,1910,1184,8,395,789,840,724,338,6,204,465,465,506,264,2,191,324,375,218,74
2019,4,A,골목상권,1000555,강서로17가길,1813,1078,735,5,151,300,482,566,309,3,65,172,258,359,221,2,86,128,224,207,88
2019,4,A,골목상권,1000554,강서로15길,3243,2104,1139,16,288,577,845,1038,479,14,156,350,503,697,384,2,132,227,342,341,95
2019,4,A,골목상권,1000553,가로공원로80길,2802,1680,1122,7,268,522,665,806,534,4,127,316,384,519,330,3,141,206,281,287,204
2019,4,A,골목상권,1000552,가로공원로76가길,2785,1828,957,5,213,451,706,945,465,3,113,266,432,654,360,2,100,185,274,291,105
2019,4,A,골목상권,1000551,화곡로4길,2028,986,1042,0,243,472,465,510,338,0,79,193,198,269,247,0,164,279,267,241,91
2019,4,A,골목상권,1000550,화곡로3길,1610,737,873,7,235,411,427,385,145,4,83,171,183,194,102,3,152,240,244,191,43
2019,4,A,골목상권,1000549,지양로7길,2827,1640,1187,3,253,384,528,705,954,3,148,238,319,415,517,0,105,146,209,290,437
2019,4,A,골목상권,1000548,중앙로55길,2507,1271,1236,9,217,443,656,756,426,8,101,261,324,332,245,1,116,182,332,424,181
2019,4,A,골목상권,1000547,중앙로51길,3024,1674,1350,13,263,472,809,831,636,10,146,264,390,418,446,3,117,208,419,413,190
2019,4,A,골목상권,1000546,중앙로47길,3972,3000,972,4,365,821,893,526,1363,1,161,497,664,384,1293,3,204,324,229,142,70
2019,4,A,골목상권,1000545,중앙로45길,3498,2631,867,7,219,369,584,690,1629,2,100,196,307,489,1537,5,119,173,277,201,92
2019,4,A,골목상권,1000544,중앙로36길,791,390,401,2,98,168,182,188,153,1,34,74,76,101,104,1,64,94,106,87,49
2019,4,A,골목상권,1000543,중앙로32길,8051,4620,3431,28,1512,2034,1907,1652,918,24,525,1230,1141,1015,685,4,987,804,766,637,233
2019,4,A,골목상권,1000542,중앙로25길,7155,4352,2803,28,946,1851,2058,1487,785,23,504,1161,1353,798,513,5,442,690,705,689,272
2019,4,A,골목상권,1000541,은행정로7길,3893,2310,1583,12,838,600,564,661,1218,5,255,285,302,379,1084,7,583,315,262,282,134
2019,4,A,골목상권,1000540,은행정로5길,1327,635,692,2,144,276,287,361,257,1,64,127,122,161,160,1,80,149,165,200,97
2019,4,A,골목상권,1000539,오목로5길,2561,1546,1015,4,195,376,587,789,610,2,85,207,321,472,459,2,110,169,266,317,151
2019,4,A,골목상권,1000538,오목로3길,2742,1990,752,4,147,302,554,918,817,1,67,167,346,666,743,3,80,135,208,252,74
2019,4,A,골목상권,1000537,오목로30길,4088,2402,1686,10,840,599,639,729,1271,4,255,300,329,403,1111,6,585,299,310,326,160
2019,4,A,골목상권,1000536,오목로23길,3264,1648,1616,17,848,638,695,686,380,12,275,352,381,355,273,5,573,286,314,331,107
2019,4,A,골목상권,1000535,신월로20길,1527,957,570,4,142,247,376,387,371,1,63,127,219,235,312,3,79,120,157,152,59
2019,4,A,골목상권,1000534,신월로15길,2407,1676,731,3,127,263,503,781,730,1,55,139,295,540,646,2,72,124,208,241,84
2019,4,A,골목상권,1000533,신목로6길,12839,7152,5687,66,2407,4118,3253,2274,721,31,945,2195,1983,1461,537,35,1462,1923,1270,813,184
2019,4,A,골목상권,1000532,신목로5길,16076,9739,6337,89,2806,5277,4081,2815,1008,66,1341,3237,2618,1825,652,23,1465,2040,1463,990,356
2019,4,A,골목상권,1000531,신목로2길,12127,6779,5348,66,2275,3961,3073,2106,646,31,881,2114,1895,1374,484,35,1394,1847,1178,732,162
2019,4,A,골목상권,1000530,목동중앙서로8가길,3429,1541,1888,4,775,990,813,625,222,2,162,421,430,357,169,2,613,569,383,268,53
2019,4,A,골목상권,1000529,목동중앙서로7길,3933,2050,1883,5,799,1056,935,771,367,1,207,513,540,490,299,4,592,543,395,281,68
2019,4,A,골목상권,1000528,목동중앙북로8길,5137,3009,2128,3,654,1082,1257,1263,878,1,306,610,760,777,555,2,348,472,497,486,323
2019,4,A,골목상권,1000527,목동중앙북로16길,4358,2547,1811,4,563,963,1287,1088,453,3,237,480,842,697,288,1,326,483,445,391,165
2019,4,A,골목상권,1000526,목동중앙본로7길,1797,936,861,4,178,368,433,510,304,4,74,204,205,262,187,0,104,164,228,248,117
2019,4,A,골목상권,1000525,목동중앙로3길,2498,1211,1287,5,284,548,763,592,306,3,124,269,308,274,233,2,160,279,455,318,73
2019,4,A,골목상권,1000524,목동중앙로13나길,1935,1252,683,3,235,575,543,388,191,2,117,338,357,309,129,1,118,237,186,79,62
2019,4,A,골목상권,1000523,목동중앙남로3가길,1936,1069,867,4,198,454,465,515,300,4,84,266,236,278,201,0,114,188,229,237,99
2019,4,A,골목상권,1000522,목동로9길,3502,1840,1662,9,474,817,876,787,539,6,193,430,467,419,325,3,281,387,409,368,214
2019,4,A,골목상권,1000521,목동로19길,4271,2529,1742,5,433,753,802,903,1375,2,127,341,390,513,1156,3,306,412,412,390,219
2019,4,A,골목상권,1000520,목동동로8길,7239,4481,2758,17,1024,2056,1883,1549,710,7,587,1395,1220,855,417,10,437,661,663,694,293
2019,4,A,골목상권,1000519,목동동로12길,18134,10297,7837,113,3684,5643,4400,2944,1350,79,1501,3168,2724,1900,925,34,2183,2475,1676,1044,425
2019,4,A,골목상권,1000518,목동남로4길,2104,1223,881,7,250,507,529,468,343,4,135,297,283,263,241,3,115,210,246,205,102
2019,4,A,골목상권,1000517,남부순환로88길,1848,1273,575,3,104,257,445,634,405,0,44,151,292,462,324,3,60,106,153,172,81
2019,4,A,골목상권,1000516,남부순환로79길,1692,1022,670,2,120,245,415,542,368,0,52,135,225,326,284,2,68,110,190,216,84
2019,4,A,골목상권,1000515,남부순환로70길,3594,2662,932,4,319,506,739,1074,952,2,174,321,493,818,854,2,145,185,246,256,98
2019,4,A,골목상권,1000514,남부순환로58길,1480,847,633,5,182,327,383,415,168,2,95,187,217,232,114,3,87,140,166,183,54
2019,4,A,골목상권,1000513,남부순환로40길,1841,1020,821,1,202,347,410,483,398,0,76,153,193,291,307,1,126,194,217,192,91
2019,4,A,골목상권,1000512,남부순환로33길,2613,1436,1177,1,269,561,577,680,525,1,123,285,299,393,335,0,146,276,278,287,190
2019,4,A,골목상권,1000511,곰달래로5길,2566,1425,1141,4,268,481,549,681,583,2,114,246,271,409,383,2,154,235,278,272,200
2019,4,A,골목상권,1000510,곰달래로3길,2129,1259,870,4,211,408,549,685,272,2,109,227,303,420,198,2,102,181,246,265,74
2019,4,A,골목상권,1000509,곰달래로2길,2257,1536,721,7,230,371,520,739,390,3,127,237,340,512,317,4,103,134,180,227,73
2019,4,A,골목상권,1000508,곰달래로10길,2455,1620,835,7,239,416,579,788,426,4,126,267,371,520,332,3,113,149,208,268,94
2019,4,A,골목상권,1000507,가로공원로58길,1014,585,429,0,101,169,214,309,221,0,36,63,107,199,180,0,65,106,107,110,41
2019,4,A,골목상권,1000506,효창원로93길,2738,1473,1265,2,542,627,683,599,285,2,280,380,336,297,178,0,262,247,347,302,107
2019,4,A,골목상권,1000505,토정로37길,13888,8500,5388,13,2141,3321,3206,2759,2448,9,1058,2025,2191,1716,1501,4,1083,1296,1015,1043,947
2019,4,A,골목상권,1000504,월드컵로8길,11509,5833,5676,65,2414,3563,2751,1693,1023,44,994,1657,1451,962,725,21,1420,1906,1300,731,298
2019,4,A,골목상권,1000503,월드컵로7길,4418,2232,2186,10,765,1063,1090,828,662,5,284,491,597,448,407,5,481,572,493,380,255
2019,4,A,골목상권,1000502,월드컵로36길,2648,1228,1420,9,317,493,697,735,397,5,115,244,323,308,233,4,202,249,374,427,164
2019,4,A,골목상권,1000501,월드컵로25길,1959,1087,872,2,220,387,547,456,347,1,108,213,284,253,228,1,112,174,263,203,119
2019,4,A,골목상권,1000500,월드컵로19길,3830,2335,1495,6,552,727,826,640,1079,4,245,377,435,391,883,2,307,350,391,249,196
2019,4,A,골목상권,1000499,월드컵로16길,5122,2926,2196,8,667,1007,1290,994,1156,6,275,518,675,560,892,2,392,489,615,434,264
2019,4,A,골목상권,1000498,월드컵로11길,3309,1814,1495,5,567,778,860,607,492,3,240,408,469,357,337,2,327,370,391,250,155
2019,4,A,골목상권,1000497,월드컵로10길,6092,3082,3010,13,1002,1583,1610,1144,740,9,385,750,851,614,473,4,617,833,759,530,267
2019,4,A,골목상권,1000496,와우산로3길,3074,1839,1235,31,670,929,704,480,260,20,304,547,460,315,193,11,366,382,244,165,67
2019,4,A,골목상권,1000495,와우산로29길,3716,1999,1717,20,767,935,869,695,430,12,394,551,457,325,260,8,373,384,412,370,170
2019,4,A,골목상권,1000494,와우산로29가길,5051,3328,1723,21,803,1159,1271,1061,736,13,427,759,872,692,565,8,376,400,399,369,171
2019,4,A,골목상권,1000493,양화진길,3858,2187,1671,6,650,1068,1001,766,367,5,243,557,643,507,232,1,407,511,358,259,135
2019,4,A,골목상권,1000492,양화로1길,4275,2265,2010,10,759,1169,1058,771,508,7,296,545,634,448,335,3,463,624,424,323,173
2019,4,A,골목상권,1000491,양화로11길,10929,5400,5529,63,2297,3451,2604,1577,937,44,939,1550,1336,868,663,19,1358,1901,1268,709,274
2019,4,A,골목상권,1000490,신촌로30길,1379,724,655,2,346,446,283,177,125,1,133,247,148,106,89,1,213,199,135,71,36
2019,4,A,골목상권,1000489,신촌로28가길,752,296,456,1,103,194,203,152,99,1,32,69,62,63,69,0,71,125,141,89,30
2019,4,A,골목상권,1000488,신촌로12길,3946,1781,2165,10,815,883,900,792,546,3,354,427,403,298,296,7,461,456,497,494,250
2019,4,A,골목상권,1000487,숭문길,6842,4186,2656,89,1444,1619,1501,1382,807,34,700,979,985,950,538,55,744,640,516,432,269
2019,4,A,골목상권,1000486,숭문8길,2735,1664,1071,0,255,423,605,849,603,0,76,246,380,560,402,0,179,177,225,289,201
2019,4,A,골목상권,1000485,성지3길,3664,2180,1484,10,552,1062,1011,686,343,8,213,554,666,485,254,2,339,508,345,201,89
2019,4,A,골목상권,1000484,성산로4길,7479,4521,2958,22,897,1523,1696,2154,1187,12,500,1039,1117,1133,720,10,397,484,579,1021,467
2019,4,A,골목상권,1000483,성미산로32길,2558,1512,1046,6,463,625,587,513,364,5,196,354,324,336,297,1,267,271,263,177,67
2019,4,A,골목상권,1000482,성미산로1길,7338,4500,2838,19,916,1345,1544,1879,1635,11,463,915,1012,927,1172,8,453,430,532,952,463
2019,4,A,골목상권,1000481,성미산로11길,4046,2664,1382,13,538,998,1026,845,626,11,263,603,695,608,484,2,275,395,331,237,142
2019,4,A,골목상권,1000480,백범로16길,11843,6682,5161,92,2239,2925,2945,2427,1215,37,1118,1683,1682,1366,796,55,1121,1242,1263,1061,419
2019,4,A,골목상권,1000479,방울내로9안길,5395,3168,2227,19,670,1008,1186,1654,858,10,361,737,806,762,492,9,309,271,380,892,366
2019,4,A,골목상권,1000478,모래내로7길,1886,1205,681,3,178,335,447,527,396,2,80,176,294,372,281,1,98,159,153,155,115
2019,4,A,골목상권,1000477,매봉산로2길,7758,4869,2889,7,1643,2988,2130,779,211,4,769,1962,1426,552,156,3,874,1026,704,227,55
2019,4,A,골목상권,1000476,망원로2길,3573,1970,1603,12,911,970,773,517,390,5,529,512,375,277,272,7,382,458,398,240,118
2019,4,A,골목상권,1000475,망원로11길,6899,4290,2609,16,825,1251,1414,1794,1599,8,432,864,941,892,1153,8,393,387,473,902,446
2019,4,A,골목상권,1000474,만리재옛길,7898,4890,3008,27,1351,2535,2248,1325,412,3,689,1516,1496,931,255,24,662,1019,752,394,157
2019,4,A,골목상권,1000473,마포대로4길,12997,8041,4956,19,1972,3107,3139,2694,2066,14,945,1877,2168,1723,1314,5,1027,1230,971,971,752
2019,4,A,골목상권,1000472,마포대로20길,6189,3402,2787,3,1075,2041,1828,915,327,2,565,1167,973,506,189,1,510,874,855,409,138
2019,4,A,골목상권,1000471,마포대로12길,16374,9997,6377,89,3461,4980,4450,2701,693,33,1440,2797,3042,2155,530,56,2021,2183,1408,546,163
2019,4,A,골목상권,1000470,동교로38길,4017,2115,1902,12,763,1016,954,794,478,8,301,513,522,438,333,4,462,503,432,356,145
2019,4,A,골목상권,1000469,동교로27길,7445,4120,3325,26,1274,1892,1719,1388,1146,18,516,1053,1063,794,676,8,758,839,656,594,470
2019,4,A,골목상권,1000468,동교로25길,8136,4596,3540,29,1403,2144,1878,1494,1188,21,558,1182,1203,898,734,8,845,962,675,596,454
2019,4,A,골목상권,1000467,동교로19길,7995,4255,3740,21,1245,2157,2011,1503,1058,16,468,1122,1242,803,604,5,777,1035,769,700,454
2019,4,A,골목상권,1000466,동교로17길,9387,5193,4194,24,1595,2393,2243,1567,1565,15,606,1172,1268,928,1204,9,989,1221,975,639,361
2019,4,A,골목상권,1000465,독막로8길,3879,2189,1690,16,779,1135,970,653,326,8,300,606,606,432,237,8,479,529,364,221,89
2019,4,A,골목상권,1000464,독막로32길,5866,3312,2554,13,738,1526,1597,1417,575,10,314,725,890,950,423,3,424,801,707,467,152
2019,4,A,골목상권,1000463,독막로22길,2658,1530,1128,5,344,594,712,599,404,2,126,277,409,394,322,3,218,317,303,205,82
2019,4,A,골목상권,1000462,도화길,17974,9976,7998,28,3098,4346,4235,3811,2456,16,1498,2609,2619,1790,1444,12,1600,1737,1616,2021,1012
2019,4,A,골목상권,1000461,도화4길,16876,9892,6984,39,2983,3895,3920,3784,2255,21,1543,2617,2510,1864,1337,18,1440,1278,1410,1920,918
2019,4,A,골목상권,1000460,대흥로28길,947,375,572,2,105,198,264,236,142,1,26,55,84,118,91,1,79,143,180,118,51
2019,4,A,골목상권,1000459,대흥로21길,5558,2516,3042,66,2280,1294,799,703,416,23,848,602,358,411,274,43,1432,692,441,292,142
2019,4,A,골목상권,1000458,광성로6길,4309,2311,1998,8,585,1137,1113,1048,418,5,221,510,610,672,293,3,364,627,503,376,125
2019,4,A,골목상권,1000457,홍제내길,1474,745,729,1,180,256,379,425,233,1,74,127,203,209,131,0,106,129,176,216,102
2019,4,A,골목상권,1000456,홍연길,2909,1921,988,55,808,746,494,546,260,30,461,584,302,346,198,25,347,162,192,200,62
2019,4,A,골목상권,1000455,통일로39길,1448,749,699,3,167,225,380,479,194,1,48,109,194,270,127,2,119,116,186,209,67
2019,4,A,골목상권,1000454,통일로37길,1828,904,924,3,190,271,490,592,282,1,55,136,237,310,165,2,135,135,253,282,117
2019,4,A,골목상권,1000453,통일로11길,1521,816,705,4,161,295,393,422,246,2,53,134,211,250,166,2,108,161,182,172,80
2019,4,A,골목상권,1000452,충정로6길,21254,12909,8345,55,3567,6876,5753,3722,1281,25,1596,4024,3722,2578,964,30,1971,2852,2031,1144,317
2019,4,A,골목상권,1000451,충정로4길,10911,6497,4414,17,1800,3206,2959,2041,888,11,900,1947,1794,1228,617,6,900,1259,1165,813,271
2019,4,A,골목상권,1000450,증가로6길,2897,2017,880,35,517,820,647,602,276,30,323,586,463,407,208,5,194,234,184,195,68
2019,4,A,골목상권,1000449,증가로23나길,3726,1805,1921,9,539,808,864,920,586,4,162,387,432,471,349,5,377,421,432,449,237
2019,4,A,골목상권,1000448,증가로20가길,2033,1107,926,1,239,515,577,488,213,0,83,293,306,266,159,1,156,222,271,222,54
2019,4,A,골목상권,1000447,증가로10길,3090,1973,1117,30,543,972,736,605,204,27,332,651,463,354,146,3,211,321,273,251,58
2019,4,A,골목상권,1000446,응암로1길,3491,1774,1717,7,541,903,813,720,507,3,175,500,462,351,283,4,366,403,351,369,224
2019,4,A,골목상권,1000445,연희로10길,7041,5233,1808,4,896,1621,1470,2337,713,1,563,1074,991,2003,601,3,333,547,479,334,112
2019,4,A,골목상권,1000444,신촌로37길,3846,2292,1554,2,702,1092,944,679,427,1,330,659,579,444,279,1,372,433,365,235,148
2019,4,A,골목상권,1000443,수색로8길,2218,1603,615,0,96,232,309,462,1119,0,38,113,136,297,1019,0,58,119,173,165,100
2019,4,A,골목상권,1000442,세무서길,1599,845,754,5,180,231,420,513,250,1,46,119,204,309,166,4,134,112,216,204,84
2019,4,A,골목상권,1000441,세무서2길,1768,917,851,4,192,268,468,568,268,2,55,142,231,312,175,2,137,126,237,256,93
2019,4,A,골목상권,1000440,세검정로1길,7951,1661,6290,3,250,578,2095,3756,1269,1,93,194,366,496,511,2,157,384,1729,3260,758
2019,4,A,골목상권,1000439,북아현로4길,4173,2515,1658,3,713,1133,1023,806,495,1,334,709,630,512,329,2,379,424,393,294,166
2019,4,A,골목상권,1000438,모래내로15길,5054,3015,2039,12,419,756,963,1282,1622,8,251,488,593,697,978,4,168,268,370,585,644
2019,4,A,골목상권,1000437,명지대길,3551,2329,1222,30,580,1061,886,691,303,26,350,746,591,413,203,4,230,315,295,278,100
2019,4,A,골목상권,1000436,독립문로8길,4382,2674,1708,6,482,812,1071,1165,846,3,222,487,686,712,564,3,260,325,385,453,282
2019,4,A,골목상권,1000435,가재울로6길,888,539,349,0,77,134,240,276,161,0,36,70,145,173,115,0,41,64,95,103,46
2019,4,A,골목상권,1000434,통일로92길,2182,1011,1171,7,335,535,557,460,288,5,118,274,240,197,177,2,217,261,317,263,111
2019,4,A,골목상권,1000433,통일로87길,2146,1024,1122,9,346,519,538,443,291,6,121,268,251,200,178,3,225,251,287,243,113
2019,4,A,골목상권,1000432,통일로78길,3460,1707,1753,7,332,481,609,702,1329,2,143,252,274,297,739,5,189,229,335,405,590
2019,4,A,골목상권,1000431,통일로69길,1346,637,709,8,153,255,386,330,214,7,69,128,175,134,124,1,84,127,211,196,90
2019,4,A,골목상권,1000430,진흥로1길,3173,1417,1756,4,333,557,870,870,539,0,110,254,400,372,281,4,223,303,470,498,258
2019,4,A,골목상권,1000429,진흥로12길,2905,1340,1565,8,388,754,791,621,343,6,145,313,368,289,219,2,243,441,423,332,124
2019,4,A,골목상권,1000428,증산서길,2915,2010,905,0,232,477,547,595,1064,0,102,264,283,399,962,0,130,213,264,196,102
2019,4,A,골목상권,1000427,증산로9길,2163,1494,669,2,280,583,607,471,220,2,139,419,427,332,175,0,141,164,180,139,45
2019,4,A,골목상권,1000426,증산로5길,2072,1401,671,0,258,547,578,460,229,0,121,397,406,324,153,0,137,150,172,136,76
2019,4,A,골목상권,1000425,증산로21길,2416,1375,1041,1,253,492,645,577,448,1,133,247,349,321,324,0,120,245,296,256,124
2019,4,A,골목상권,1000424,증산로17길,1533,971,562,1,158,267,349,407,351,1,105,154,187,236,288,0,53,113,162,171,63
2019,4,A,골목상권,1000423,증산로15길,1952,1466,486,3,198,393,502,526,330,3,141,289,360,382,291,0,57,104,142,144,39
2019,4,A,골목상권,1000422,증산로13길,2140,1515,625,3,216,497,551,539,334,3,112,344,398,384,274,0,104,153,153,155,60
2019,4,A,골목상권,1000421,응암로34길,2471,1323,1148,3,276,441,524,582,645,2,123,210,269,282,437,1,153,231,255,300,208
2019,4,A,골목상권,1000420,응암로22길,1297,807,490,1,145,210,288,366,287,1,79,121,163,219,224,0,66,89,125,147,63
2019,4,A,골목상권,1000419,응암로14길,1013,417,596,1,128,206,284,266,128,0,35,71,108,122,81,1,93,135,176,144,47
2019,4,A,골목상권,1000418,응암로13길,1445,689,756,2,130,245,361,401,306,1,40,79,135,204,230,1,90,166,226,197,76
2019,4,A,골목상권,1000417,응암로12길,1435,563,872,1,166,271,408,394,195,0,45,84,145,163,126,1,121,187,263,231,69
2019,4,A,골목상권,1000416,은평로8길,2497,1530,967,3,244,406,580,610,654,2,113,215,332,354,514,1,131,191,248,256,140
2019,4,A,골목상권,1000415,은평로3길,2891,1471,1420,3,254,536,804,767,527,1,96,257,390,370,357,2,158,279,414,397,170
2019,4,A,골목상권,1000414,은평로20길,3249,1745,1504,5,395,859,865,854,271,3,193,415,422,525,187,2,202,444,443,329,84
2019,4,A,골목상권,1000413,은평로13길,4882,2635,2247,11,464,981,1167,1295,964,5,204,443,579,730,674,6,260,538,588,565,290
2019,4,A,골목상권,1000412,은평로10길,2810,1504,1306,6,287,449,620,714,734,4,131,216,311,338,504,2,156,233,309,376,230
2019,4,A,골목상권,1000411,연서로5길,3063,1436,1627,3,492,601,791,742,434,1,202,274,346,323,290,2,290,327,445,419,144
2019,4,A,골목상권,1000410,연서로41길,2016,1078,938,1,100,185,246,350,1134,0,42,105,102,176,653,1,58,80,144,174,481
2019,4,A,골목상권,1000409,연서로3길,2341,1159,1182,5,259,448,668,606,355,2,111,227,323,264,232,3,148,221,345,342,123
2019,4,A,골목상권,1000408,연서로34길,2541,1241,1300,4,149,280,401,486,1221,2,53,139,160,202,685,2,96,141,241,284,536
2019,4,A,골목상권,1000407,연서로33길,2718,1375,1343,3,170,344,389,525,1287,1,57,190,184,226,717,2,113,154,205,299,570
2019,4,A,골목상권,1000406,연서로29길,2086,818,1268,9,331,486,525,473,262,6,84,193,201,183,151,3,247,293,324,290,111
2019,4,A,골목상권,1000405,연서로28길,2622,1207,1415,11,448,580,692,556,335,6,144,281,297,265,214,5,304,299,395,291,121
2019,4,A,골목상권,1000404,연서로27길,2703,1310,1393,12,373,580,685,599,454,7,109,276,302,294,322,5,264,304,383,305,132
2019,4,A,골목상권,1000403,연서로21길,4079,2411,1668,10,316,591,958,1350,854,6,125,324,486,850,620,4,191,267,472,500,234
2019,4,A,골목상권,1000402,연서로17길,4262,2441,1821,10,328,658,981,1413,872,3,130,338,493,861,616,7,198,320,488,552,256
2019,4,A,골목상권,1000401,연서로16길,3513,1430,2083,12,551,724,911,861,454,3,172,291,372,331,261,9,379,433,539,530,193
2019,4,A,골목상권,1000400,연서로13길,4099,2157,1942,11,554,694,881,1307,652,2,181,304,429,794,447,9,373,390,452,513,205
2019,4,A,골목상권,1000399,연서로11길,2285,1161,1124,10,456,477,497,471,374,3,193,221,235,256,253,7,263,256,262,215,121
2019,4,A,골목상권,1000398,역말로9길,2151,1132,1019,3,261,472,592,464,359,3,101,238,301,230,259,0,160,234,291,234,100
2019,4,A,골목상권,1000397,수색로18길,570,385,185,0,61,95,137,169,108,0,25,54,96,122,88,0,36,41,41,47,20
2019,4,A,골목상권,1000396,서오릉로8길,2126,1123,1003,11,274,456,566,478,341,8,113,217,290,250,245,3,161,239,276,228,96
2019,4,A,골목상권,1000395,서오릉로21길,2587,1706,881,2,196,423,582,951,433,0,71,199,318,750,368,2,125,224,264,201,65
2019,4,A,골목상권,1000394,불광천길,1739,1013,726,2,175,341,436,474,311,2,94,177,240,274,226,0,81,164,196,200,85
2019,4,A,골목상권,1000393,갈현로7길,2513,1162,1351,8,465,592,616,529,303,2,160,291,307,215,187,6,305,301,309,314,116
2019,4,A,골목상권,1000392,갈현로41길,1687,960,727,7,251,413,396,381,239,4,139,253,226,189,149,3,112,160,170,192,90
2019,4,A,골목상권,1000391,갈현로33길,1587,732,855,5,210,381,379,418,194,2,90,175,175,167,123,3,120,206,204,251,71
2019,4,A,골목상권,1000390,갈현로1길,1825,900,925,6,304,414,399,358,344,1,100,195,204,167,233,5,204,219,195,191,111
2019,4,A,골목상권,1000389,가좌로7길,2176,1151,1025,0,223,439,587,577,350,0,87,234,282,302,246,0,136,205,305,275,104
2019,4,A,골목상권,1000388,한글비석로44길,1614,800,814,3,101,158,255,416,681,2,45,84,104,182,383,1,56,74,151,234,298
2019,4,A,골목상권,1000387,한글비석로24길,1357,635,722,6,134,222,327,384,284,2,41,105,152,179,156,4,93,117,175,205,128
2019,4,A,골목상권,1000386,한글비석로22길,1955,947,1008,7,220,393,505,492,338,2,81,195,259,208,202,5,139,198,246,284,136
2019,4,A,골목상권,1000385,석계로1길,1699,812,887,4,181,273,422,477,342,2,66,112,183,225,224,2,115,161,239,252,118
2019,4,A,골목상권,1000384,상계로9가길,1790,778,1012,6,219,309,471,494,291,4,76,161,196,203,138,2,143,148,275,291,153
2019,4,A,골목상권,1000383,상계로1길,1710,765,945,3,199,318,434,471,285,0,74,174,195,192,130,3,125,144,239,279,155
2019,4,A,골목상권,1000382,상계로12길,2778,1526,1252,15,390,539,719,680,435,11,153,297,366,381,318,4,237,242,353,299,117
2019,4,A,골목상권,1000381,동일로242길,1655,907,748,4,185,318,384,419,345,4,87,188,203,233,192,0,98,130,181,186,153
2019,4,A,골목상권,1000380,동일로192길,2933,1744,1189,7,250,389,576,757,954,3,125,174,285,514,643,4,125,215,291,243,311
2019,4,A,골목상권,1000379,동일로173가길,4507,2423,2084,7,423,581,929,1317,1250,3,198,330,466,658,768,4,225,251,463,659,482
2019,4,A,골목상권,1000378,공릉로58길,3479,2325,1154,5,354,680,894,1015,531,2,168,397,576,768,414,3,186,283,318,247,117
2019,4,A,골목상권,1000377,해등로16길,6159,3977,2182,2,696,1378,1486,1288,1309,0,374,978,1050,696,879,2,322,400,436,592,430
2019,4,A,골목상권,1000376,우이천로4다길,1311,783,528,4,134,226,369,393,185,1,50,132,220,253,127,3,84,94,149,140,58
2019,4,A,골목상권,1000375,우이천로32길,1433,692,741,0,202,304,375,355,197,0,60,133,156,173,170,0,142,171,219,182,27
2019,4,A,골목상권,1000374,시루봉로23길,2007,1393,614,7,171,326,422,562,519,5,88,210,238,396,456,2,83,116,184,166,63
2019,4,A,골목상권,1000373,삼양로144길,721,298,423,0,103,108,183,165,162,0,19,38,81,65,95,0,84,70,102,100,67
2019,4,A,골목상권,1000372,방학로6가길,941,461,480,1,99,154,245,255,187,1,50,76,111,123,100,0,49,78,134,132,87
2019,4,A,골목상권,1000371,방학로5길,1988,902,1086,4,311,470,491,452,260,2,93,231,236,191,149,2,218,239,255,261,111
2019,4,A,골목상권,1000370,방학로15길,2236,1446,790,7,437,536,516,461,279,7,294,319,346,250,230,0,143,217,170,211,49
2019,4,A,골목상권,1000369,방학로10길,1322,623,699,3,143,331,353,297,195,2,49,153,162,134,123,1,94,178,191,163,72
2019,4,A,골목상권,1000368,도봉산길,1275,888,387,0,43,90,247,427,468,0,15,52,178,333,310,0,28,38,69,94,158
2019,4,A,골목상권,1000367,도봉산4길,1096,811,285,0,23,63,199,380,431,0,9,36,157,317,292,0,14,27,42,63,139
2019,4,A,골목상권,1000366,도봉로181길,749,388,361,0,59,110,179,202,199,0,13,51,75,106,143,0,46,59,104,96,56
2019,4,A,골목상권,1000365,도봉로169나길,1230,878,352,2,64,188,229,399,348,1,24,106,144,296,307,1,40,82,85,103,41
2019,4,A,골목상권,1000364,도봉로156길,1281,929,352,1,66,160,250,386,418,0,22,92,148,293,374,1,44,68,102,93,44
2019,4,A,골목상권,1000363,도봉로152가길,1287,838,449,2,75,174,250,407,379,1,22,83,135,283,314,1,53,91,115,124,65
2019,4,A,골목상권,1000362,도봉로147길,2653,1366,1287,6,287,448,600,920,392,2,150,267,298,428,221,4,137,181,302,492,171
2019,4,A,골목상권,1000361,도봉로143길,1706,982,724,5,215,362,408,444,272,4,97,219,241,254,167,1,118,143,167,190,105
2019,4,A,골목상권,1000360,도봉로114길,1941,1023,918,5,269,361,447,514,345,1,92,141,236,305,248,4,177,220,211,209,97
2019,4,A,골목상권,1000359,도봉로109길,3318,1622,1696,7,603,745,790,742,431,4,153,339,417,416,293,3,450,406,373,326,138
2019,4,A,골목상권,1000358,도당로29길,2804,1527,1277,6,275,496,683,858,486,5,150,329,325,355,363,1,125,167,358,503,123
2019,4,A,골목상권,1000357,도당로19길,1552,583,969,3,174,260,433,537,145,3,86,151,140,127,76,0,88,109,293,410,69
2019,4,A,골목상권,1000356,도당로13바길,1045,467,578,0,92,205,263,215,270,0,37,93,114,102,121,0,55,112,149,113,149
2019,4,A,골목상권,1000355,도당로13가길,742,396,346,1,86,149,193,177,136,1,41,79,88,97,90,0,45,70,105,80,46
2019,4,A,골목상권,1000354,덕릉로60길,1084,606,478,2,100,216,311,274,181,1,31,122,184,148,120,1,69,94,127,126,61
2019,4,A,골목상권,1000353,노해로63다길,5926,3931,1995,6,637,1379,1476,1182,1246,4,352,984,1046,677,868,2,285,395,430,505,378
2019,4,A,골목상권,1000352,노해로60길,2005,1119,886,7,258,399,475,517,349,4,89,178,266,326,256,3,169,221,209,191,93
2019,4,A,골목상권,1000351,한천로140길,3507,1801,1706,6,375,859,910,874,483,5,143,394,473,511,275,1,232,465,437,363,208
2019,4,A,골목상권,1000350,한천로139가길,3365,1468,1897,10,307,680,719,776,873,8,97,267,327,445,324,2,210,413,392,331,549
2019,4,A,골목상권,1000349,한천로132길,4083,2319,1764,7,454,1047,975,1035,565,6,199,551,552,683,328,1,255,496,423,352,237
2019,4,A,골목상권,1000348,한천로130길,1159,597,562,1,133,204,272,293,256,1,41,90,149,145,171,0,92,114,123,148,85
2019,4,A,골목상권,1000347,한천로124나길,1582,1052,530,0,241,388,333,398,222,0,121,259,215,305,152,0,120,129,118,93,70
2019,4,A,골목상권,1000346,한천로109길,1731,911,820,10,206,332,401,448,334,7,68,155,215,251,215,3,138,177,186,197,119
2019,4,A,골목상권,1000345,인수봉로79길,2108,1156,952,6,278,520,511,519,274,6,117,278,273,275,207,0,161,242,238,244,67
2019,4,A,골목상권,1000344,인수봉로72길,3985,2568,1417,0,249,550,888,1099,1199,0,80,281,601,772,834,0,169,269,287,327,365
2019,4,A,골목상권,1000343,인수봉로56길,2237,1341,896,0,190,405,586,707,349,0,63,185,366,456,271,0,127,220,220,251,78
2019,4,A,골목상권,1000342,오패산로67길,3448,1963,1485,8,408,621,684,869,858,4,167,359,360,538,535,4,241,262,324,331,323
2019,4,A,골목상권,1000341,오패산로52길,1713,1004,709,2,181,340,484,464,242,2,88,176,274,293,171,0,93,164,210,171,71
2019,4,A,골목상권,1000340,오패산로30길,1173,548,625,8,119,172,341,288,245,6,52,74,144,127,145,2,67,98,197,161,100
2019,4,A,골목상권,1000339,수유로12길,3114,1486,1628,5,344,454,641,822,848,1,84,188,264,398,551,4,260,266,377,424,297
2019,4,A,골목상권,1000338,솔샘로65길,1680,791,889,8,123,270,394,410,475,7,33,99,167,220,265,1,90,171,227,190,210
2019,4,A,골목상권,1000337,솔매로50길,2145,1151,994,8,231,442,606,562,296,7,91,188,300,340,225,1,140,254,306,222,71
2019,4,A,골목상권,1000336,솔매로45길,1602,867,735,3,192,330,439,424,214,1,78,149,251,252,136,2,114,181,188,172,78
2019,4,A,골목상권,1000335,솔매로41길,1599,892,707,1,186,336,458,426,192,0,83,170,253,259,127,1,103,166,205,167,65
2019,4,A,골목상권,1000334,삼양로93길,2583,1532,1051,0,221,467,693,790,412,0,66,225,438,496,307,0,155,242,255,294,105
2019,4,A,골목상권,1000333,삼양로77길,1258,524,734,1,124,256,353,391,133,0,45,102,142,156,79,1,79,154,211,235,54
2019,4,A,골목상권,1000332,삼양로54길,1233,592,641,2,94,151,242,315,429,2,29,62,121,168,210,0,65,89,121,147,219
2019,4,A,골목상권,1000331,삼양로41길,1030,584,446,5,119,193,245,241,227,3,52,86,124,148,171,2,67,107,121,93,56
2019,4,A,골목상권,1000330,삼양로27길,1407,729,678,1,238,381,422,238,127,0,94,204,231,110,90,1,144,177,191,128,37
2019,4,A,골목상권,1000329,삼양로24길,1095,702,393,2,75,180,273,290,275,1,35,88,154,196,228,1,40,92,119,94,47
2019,4,A,골목상권,1000328,삼양로20길,5023,2590,2433,416,1990,1284,666,420,247,177,890,703,373,240,207,239,1100,581,293,180,40
2019,4,A,골목상권,1000327,삼각산로28길,4686,2178,2508,9,400,813,913,1212,1339,8,129,336,409,677,619,1,271,477,504,535,720
2019,4,A,골목상권,1000326,도봉로99길,1726,787,939,1,383,412,412,379,139,0,101,196,193,201,96,1,282,216,219,178,43
2019,4,A,골목상권,1000325,도봉로8길,860,355,505,3,132,188,214,200,123,2,33,68,83,88,81,1,99,120,131,112,42
2019,4,A,골목상권,1000324,도봉로76길,4137,2376,1761,5,482,796,901,1078,875,1,210,455,513,657,540,4,272,341,388,421,335
2019,4,A,골목상권,1000323,도봉로67길,1676,842,834,3,218,339,441,433,242,1,78,158,230,231,144,2,140,181,211,202,98
2019,4,A,골목상권,1000322,도봉로45길,1984,992,992,1,190,389,536,486,382,1,82,178,276,282,173,0,108,211,260,204,209
2019,4,A,골목상권,1000321,도봉로18길,1442,705,737,7,132,243,417,378,265,6,39,87,162,199,212,1,93,156,255,179,53
2019,4,A,골목상권,1000320,도봉로13길,931,573,358,1,93,187,219,267,164,1,37,98,126,181,130,0,56,89,93,86,34
2019,4,A,골목상권,1000319,덕릉로41길,4574,2478,2096,10,512,1051,1028,1202,771,8,199,522,530,774,445,2,313,529,498,428,326
2019,4,A,골목상권,1000318,덕릉로40길,981,475,506,2,125,130,270,309,145,0,52,61,101,172,89,2,73,69,169,137,56
2019,4,A,골목상권,1000317,노해로33길,1032,522,510,1,143,197,273,255,163,0,44,97,126,133,122,1,99,100,147,122,41
2019,4,A,골목상권,1000316,노해로23길,1488,1041,447,2,136,183,370,533,264,0,57,103,259,417,205,2,79,80,111,116,59
2019,4,A,골목상권,1000315,노해로17길,3379,1488,1891,5,286,662,736,802,888,4,89,266,337,462,330,1,197,396,399,340,558
2019,4,A,골목상권,1000314,화랑로40길,2188,1476,712,1,140,177,301,419,1150,0,52,85,162,259,918,1,88,92,139,160,232
2019,4,A,골목상권,1000313,화랑로32길,1528,947,581,4,186,373,394,357,214,0,71,233,235,238,170,4,115,140,159,119,44
2019,4,A,골목상권,1000312,화랑로1길,3846,2556,1290,6,357,646,771,887,1179,3,178,396,449,596,934,3,179,250,322,291,245
2019,4,A,골목상권,1000311,화랑로19길,1924,1083,841,4,339,477,528,372,204,1,153,280,296,204,149,3,186,197,232,168,55
2019,4,A,골목상권,1000310,화랑로14길,3348,2039,1309,3,554,1083,785,586,337,0,266,704,461,360,248,3,288,379,324,226,89
2019,4,A,골목상권,1000309,화랑로13길,3666,2389,1277,1,489,1018,810,696,652,0,231,675,508,447,528,1,258,343,302,249,124
2019,4,A,골목상권,1000308,한천로76길,1061,657,404,2,138,204,254,283,180,0,66,104,141,203,143,2,72,100,113,80,37
2019,4,A,골목상권,1000307,한천로101가길,700,312,388,6,87,145,201,154,107,4,36,61,84,55,72,2,51,84,117,99,35
2019,4,A,골목상권,1000306,창경궁로43길,6137,3067,3070,30,812,1435,1729,1420,711,19,288,670,898,770,422,11,524,765,831,650,289
2019,4,A,골목상권,1000305,지봉로20길,7371,5614,1757,7,803,2211,1513,1469,1368,2,447,1781,1218,1191,975,5,356,430,295,278,393
2019,4,A,골목상권,1000304,종암로5길,976,488,488,0,107,230,308,227,104,0,37,97,153,139,62,0,70,133,155,88,42
2019,4,A,골목상권,1000303,종암로24가길,1829,1059,770,2,233,409,426,551,208,0,115,271,248,336,89,2,118,138,178,215,119
2019,4,A,골목상권,1000302,종암로21길,21348,11507,9841,61,1725,5284,7395,5936,947,12,757,1915,3385,4717,721,49,968,3369,4010,1219,226
2019,4,A,골목상권,1000301,종암로19길,19081,9789,9292,57,1523,4879,6999,5431,192,13,621,1616,3100,4314,125,44,902,3263,3899,1117,67
2019,4,A,골목상권,1000300,종암로16길,1435,562,873,3,196,255,347,385,249,1,61,104,137,147,112,2,135,151,210,238,137
2019,4,A,골목상권,1000299,정릉로8길,1934,1384,550,15,321,601,450,314,233,14,185,439,354,247,145,1,136,162,96,67,88
2019,4,A,골목상권,1000298,정릉로27길,2503,1119,1384,2,395,517,679,574,336,0,110,215,269,295,230,2,285,302,410,279,106
2019,4,A,골목상권,1000297,정릉로26길,1495,568,927,1,255,373,406,316,144,0,62,153,129,131,93,1,193,220,277,185,51
2019,4,A,골목상권,1000296,장위로50길,2540,1674,866,6,201,300,339,457,1237,2,67,159,170,269,1007,4,134,141,169,188,230
2019,4,A,골목상권,1000295,장월로1길,3837,2383,1454,5,671,1155,920,721,365,1,334,778,573,433,264,4,337,377,347,288,101
2019,4,A,골목상권,1000294,인촌로6길,7167,5526,1641,11,781,2081,1360,1419,1515,5,480,1723,1109,1120,1089,6,301,358,251,299,426
2019,4,A,골목상권,1000293,인촌로5길,3744,2001,1743,8,384,927,1023,1089,313,2,132,383,542,741,201,6,252,544,481,348,112
2019,4,A,골목상권,1000292,인촌로24길,3279,2060,1219,3,363,782,950,756,425,0,148,448,603,521,340,3,215,334,347,235,85
2019,4,A,골목상권,1000291,개운사길,1657,853,804,1,198,454,562,333,109,0,70,197,309,202,75,1,128,257,253,131,34
2019,4,A,골목상권,1000290,인촌로1길,5136,2931,2205,11,550,1230,1246,1337,762,3,244,628,732,871,453,8,306,602,514,466,309
2019,4,A,골목상권,1000289,인촌로17가길,1215,677,538,1,241,377,311,175,110,0,115,240,168,88,66,1,126,137,143,87,44
2019,4,A,골목상권,1000288,오패산로4길,4408,2833,1575,4,583,1149,982,932,758,2,286,749,590,605,601,2,297,400,392,327,157
2019,4,A,골목상권,1000287,오패산로3길,2850,1845,1005,4,209,352,537,564,1184,4,84,169,284,372,932,0,125,183,253,192,252
2019,4,A,골목상권,1000286,오패산로19길,1435,649,786,8,205,309,385,334,194,7,70,129,176,158,109,1,135,180,209,176,85
2019,4,A,골목상권,1000285,안암로5길,4306,2796,1510,12,544,890,945,942,973,5,289,608,638,609,647,7,255,282,307,333,326
2019,4,A,골목상권,1000284,아리랑로4길,2365,1201,1164,21,341,481,540,576,406,16,110,203,273,322,277,5,231,278,267,254,129
2019,4,A,골목상권,1000283,솔샘로6길,912,567,345,0,69,143,230,271,199,0,25,73,132,188,149,0,44,70,98,83,50
2019,4,A,골목상권,1000282,성북로8길,4182,2354,1828,23,494,912,1411,968,374,12,211,482,771,591,287,11,283,430,640,377,87
2019,4,A,골목상권,1000281,삼양로8길,5716,2840,2876,421,2108,1423,856,565,343,178,934,772,460,247,249,243,1174,651,396,318,94
2019,4,A,골목상권,1000280,삼선교로16가길,2374,1509,865,2,288,621,698,570,195,0,104,382,484,420,119,2,184,239,214,150,76
2019,4,A,골목상권,1000279,삼선교로10다길,2140,1279,861,3,162,256,647,619,453,0,60,121,380,400,318,3,102,135,267,219,135
2019,4,A,골목상권,1000278,삼선교로10길,2448,1319,1129,4,222,314,722,727,459,2,76,134,409,421,277,2,146,180,313,306,182
2019,4,A,골목상권,1000277,보문로32길,3795,2025,1770,12,402,961,1025,1093,302,5,150,395,543,737,195,7,252,566,482,356,107
2019,4,A,골목상권,1000276,보문로31길,6816,3595,3221,9,765,1759,2112,1724,447,2,270,782,1077,1187,277,7,495,977,1035,537,170
2019,4,A,골목상권,1000275,보문로26길,1538,813,725,1,285,437,401,268,146,0,127,270,209,121,86,1,158,167,192,147,60
2019,4,A,골목상권,1000274,보문로13길,6379,4803,1576,7,521,1743,1183,1318,1607,1,318,1444,946,1014,1080,6,203,299,237,304,527
2019,4,A,골목상권,1000273,보국문로16길,1473,809,664,2,134,166,324,455,392,0,44,77,162,269,257,2,90,89,162,186,135
2019,4,A,골목상권,1000272,동소문로6길,3075,1751,1324,11,285,567,1022,837,353,4,130,325,582,467,243,7,155,242,440,370,110
2019,4,A,골목상권,1000271,동소문로2길,2629,1268,1361,8,361,575,735,574,376,5,162,334,362,209,196,3,199,241,373,365,180
2019,4,A,골목상권,1000270,동소문로26가길,2325,1062,1263,23,336,488,529,546,403,11,90,178,233,281,269,12,246,310,296,265,134
2019,4,A,골목상권,1000269,동소문로15길,13122,7940,5182,60,2012,3087,4057,2407,1499,26,932,1807,2691,1751,733,34,1080,1280,1366,656,766
2019,4,A,골목상권,1000268,동소문로13길,15530,8923,6607,61,2321,3756,4947,2768,1677,27,1042,2114,3047,1895,798,34,1279,1642,1900,873,879
2019,4,A,골목상권,1000267,돌곶이로8길,1501,991,510,3,168,348,339,377,266,0,78,211,198,280,224,3,90,137,141,97,42
2019,4,A,골목상권,1000266,돌곶이로41길,578,281,297,5,93,145,159,113,63,3,42,78,81,42,35,2,51,67,78,71,28
2019,4,A,골목상권,1000265,돌곶이로28길,2464,1679,785,6,192,251,323,451,1241,1,75,134,182,273,1014,5,117,117,141,178,227
2019,4,A,골목상권,1000264,돌곶이로27길,1146,638,508,1,113,202,254,253,323,0,35,95,119,131,258,1,78,107,135,122,65
2019,4,A,골목상권,1000263,돌곶이로22길,2523,1745,778,4,227,361,362,436,1133,0,104,229,227,270,915,4,123,132,135,166,218
2019,4,A,골목상권,1000262,돌곶이로14길,1130,729,401,3,138,285,273,289,142,0,69,183,170,195,112,3,69,102,103,94,30
2019,4,A,골목상권,1000261,길음로7길,2033,690,1343,9,643,584,388,269,140,0,112,217,147,119,95,9,531,367,241,150,45
2019,4,A,골목상권,1000260,중랑천로10길,3242,2165,1077,11,329,735,995,928,244,10,150,453,692,689,171,1,179,282,303,239,73
2019,4,A,골목상권,1000259,용마산로94길,1479,1008,471,1,135,212,335,428,368,0,46,122,218,335,287,1,89,90,117,93,81
2019,4,A,골목상권,1000258,용마산로118길,1833,1219,614,3,134,257,368,560,511,1,50,110,200,400,458,2,84,147,168,160,53
2019,4,A,골목상권,1000257,용마산로112길,1061,691,370,3,77,147,200,352,282,1,29,62,111,243,245,2,48,85,89,109,37
2019,4,A,골목상권,1000256,용마산로100길,1375,864,511,0,108,178,316,388,385,0,39,93,188,261,283,0,69,85,128,127,102
2019,4,A,골목상권,1000255,신내로7가길,2885,1702,1183,7,421,599,614,650,594,4,252,346,321,339,440,3,169,253,293,311,154
2019,4,A,골목상권,1000254,사가정로54길,2447,1561,886,4,257,394,587,682,523,4,98,209,351,486,413,0,159,185,236,196,110
2019,4,A,골목상권,1000253,사가정로42길,1480,984,496,2,143,326,437,379,193,2,79,194,297,268,144,0,64,132,140,111,49
2019,4,A,골목상권,1000252,봉화산로56길,6034,3615,2419,7,777,1325,1309,1525,1091,6,404,672,687,972,874,1,373,653,622,553,217
2019,4,A,골목상권,1000251,봉화산로4길,1177,649,528,7,163,237,282,241,247,6,79,99,141,134,190,1,84,138,141,107,57
2019,4,A,골목상권,1000250,봉화산로30길,2185,1269,916,11,274,462,498,523,417,10,120,230,272,306,331,1,154,232,226,217,86
2019,4,A,골목상권,1000249,봉우재로33길,2885,1792,1093,6,408,726,863,553,329,3,226,499,471,322,271,3,182,227,392,231,58
2019,4,A,골목상권,1000248,면목로78길,2567,1467,1100,3,353,606,757,571,277,0,176,401,378,294,218,3,177,205,379,277,59
2019,4,A,골목상권,1000247,면목로56길,2604,1612,992,5,254,532,633,676,504,0,94,286,378,479,375,5,160,246,255,197,129
2019,4,A,골목상권,1000246,면목로55길,2381,1425,956,4,284,506,594,560,433,1,120,285,316,372,331,3,164,221,278,188,102
2019,4,A,골목상권,1000245,면목로49길,2892,1746,1146,6,325,625,796,681,459,3,139,346,451,460,347,3,186,279,345,221,112
2019,4,A,골목상권,1000244,면목로48길,2802,1706,1096,6,308,506,636,752,594,2,99,241,361,531,472,4,209,265,275,221,122
2019,4,A,골목상권,1000243,면목로45길,2478,1502,976,5,260,477,642,635,459,2,95,236,362,453,354,3,165,241,280,182,105
2019,4,A,골목상권,1000242,면목로33길,1771,1210,561,3,146,273,467,639,243,2,61,154,307,496,190,1,85,119,160,143,53
2019,4,A,골목상권,1000241,면목로21길,1619,1149,470,1,128,228,394,595,273,1,63,138,260,478,209,0,65,90,134,117,64
2019,4,A,골목상권,1000240,망우로73길,1580,995,585,2,129,243,331,503,372,1,48,97,162,350,337,1,81,146,169,153,35
2019,4,A,골목상권,1000239,망우로68길,1840,1024,816,11,182,275,356,549,467,2,56,90,174,333,369,9,126,185,182,216,98
2019,4,A,골목상권,1000238,동일로163길,1116,609,507,1,113,238,281,312,171,1,33,124,148,186,117,0,80,114,133,126,54
2019,4,A,골목상권,1000237,동일로157길,2828,1746,1082,2,371,654,717,740,344,2,195,416,418,482,233,0,176,238,299,258,111
2019,4,A,골목상권,1000236,동일로149길,1644,1148,496,1,250,431,408,418,136,1,160,301,274,311,101,0,90,130,134,107,35
2019,4,A,골목상권,1000235,동일로140길,2688,1741,947,1,373,630,649,637,398,1,212,366,386,448,328,0,161,264,263,189,70
2019,4,A,골목상권,1000234,동일로139길,1911,1335,576,2,290,481,447,429,262,2,182,319,296,333,203,0,108,162,151,96,59
2019,4,A,골목상권,1000233,동일로139가길,2323,1520,803,2,338,578,560,546,299,2,202,364,338,382,232,0,136,214,222,164,67
2019,4,A,골목상권,1000232,동일로130길,1739,907,832,0,221,381,428,392,317,0,80,163,212,207,245,0,141,218,216,185,72
2019,4,A,골목상권,1000231,동일로123길,2657,1671,986,4,253,497,628,611,664,2,112,252,362,403,540,2,141,245,266,208,124
2019,4,A,골목상권,1000230,동일로112길,4163,2571,1592,5,455,878,1184,921,720,0,216,554,654,565,582,5,239,324,530,356,138
2019,4,A,골목상권,1000229,동일로101길,1342,738,604,2,111,223,316,394,296,1,38,102,165,210,222,1,73,121,151,184,74
2019,4,A,골목상권,1000228,동일로100길,3062,1918,1144,5,382,644,840,712,479,1,186,437,469,435,390,4,196,207,371,277,89
2019,4,A,골목상권,1000227,답십리로75길,1647,1158,489,2,146,269,413,594,223,1,61,158,284,477,177,1,85,111,129,117,46
2019,4,A,골목상권,1000226,공릉로2길,1693,846,847,0,190,354,448,430,271,0,59,167,211,219,190,0,131,187,237,211,81
2019,4,A,골목상권,1000225,공릉로12가길,1387,675,712,5,120,302,379,375,206,1,41,141,168,184,140,4,79,161,211,191,66
2019,4,A,골목상권,1000224,겸재로54길,1723,989,734,2,149,360,435,489,288,0,52,182,235,314,206,2,97,178,200,175,82
2019,4,A,골목상권,1000223,겸재로36길,1894,1125,769,2,224,410,491,451,316,1,99,235,263,282,245,1,125,175,228,169,71
2019,4,A,골목상권,1000222,겸재로29길,2514,1442,1072,3,356,591,717,548,299,0,154,393,354,299,242,3,202,198,363,249,57
2019,4,A,골목상권,1000221,휘경로3길,1648,978,670,1,105,240,504,490,308,1,31,114,291,337,204,0,74,126,213,153,104
2019,4,A,골목상권,1000220,휘경로2길,3049,1311,1738,1,618,820,765,547,298,0,109,292,374,339,197,1,509,528,391,208,101
2019,4,A,골목상권,1000219,휘경로23길,614,320,294,1,67,110,160,169,107,1,22,58,78,92,69,0,45,52,82,77,38
2019,4,A,골목상권,1000218,휘경로14길,1479,863,616,2,157,276,399,372,273,0,59,153,246,256,149,2,98,123,153,116,124
2019,4,A,골목상권,1000217,한천로46길,2745,1664,1081,7,257,609,744,699,429,4,108,329,405,450,368,3,149,280,339,249,61
2019,4,A,골목상권,1000216,한천로40길,3901,2396,1505,42,1579,638,549,630,463,24,890,432,324,364,362,18,689,206,225,266,101
2019,4,A,골목상권,1000215,한천로33길,3866,2281,1585,44,1555,669,619,604,375,25,889,443,365,303,256,19,666,226,254,301,119
2019,4,A,골목상권,1000214,한천로14길,4755,3015,1740,10,482,875,1053,1151,1184,8,265,564,729,724,725,2,217,311,324,427,459
2019,4,A,골목상권,1000213,천호대로97길,2965,1783,1182,3,272,446,561,649,1034,1,124,255,305,374,724,2,148,191,256,275,310
2019,4,A,골목상권,1000212,천호대로77길,7115,4648,2467,42,1435,1733,1428,1183,1294,11,692,1167,993,781,1004,31,743,566,435,402,290
2019,4,A,골목상권,1000211,천호대로45길,3003,1572,1431,4,394,735,773,837,260,3,173,340,347,530,179,1,221,395,426,307,81
2019,4,A,골목상권,1000210,천호대로17길,6749,4474,2275,19,1205,1945,1500,1062,1018,8,649,1242,1040,758,777,11,556,703,460,304,241
2019,4,A,골목상권,1000209,천호대로12길,7588,3791,3797,17,654,1869,2390,2008,650,5,311,1118,1104,826,427,12,343,751,1286,1182,223
2019,4,A,골목상권,1000208,천장산로7길,1507,887,620,1,143,268,481,414,200,1,46,118,281,284,157,0,97,150,200,130,43
2019,4,A,골목상권,1000207,제기로5길,935,590,345,1,67,174,296,222,175,1,33,90,177,153,136,0,34,84,119,69,39
2019,4,A,골목상권,1000206,제기로21길,2839,1722,1117,3,462,786,682,637,269,2,167,399,457,465,232,1,295,387,225,172,37
2019,4,A,골목상권,1000205,전농로4길,4531,3351,1180,21,816,1152,1084,816,642,20,613,873,800,557,488,1,203,279,284,259,154
2019,4,A,골목상권,1000204,전농로3길,5028,2106,2922,6,712,1005,1480,1452,373,3,484,665,450,279,225,3,228,340,1030,1173,148
2019,4,A,골목상권,1000203,전농로29길,2714,1526,1188,4,365,562,704,736,343,1,149,259,429,454,234,3,216,303,275,282,109
2019,4,A,골목상권,1000202,장한로8길,5023,3212,1811,13,542,925,1072,1109,1362,9,274,576,665,701,987,4,268,349,407,408,375
2019,4,A,골목상권,1000201,장한로5길,5323,3412,1911,16,511,879,1104,1211,1602,12,281,571,744,755,1049,4,230,308,360,456,553
2019,4,A,골목상권,1000200,장한로27길,5011,2537,2474,51,1855,967,882,799,457,31,974,542,372,353,265,20,881,425,510,446,192
2019,4,A,골목상권,1000199,장한로27가길,5462,2697,2765,50,1892,1073,1078,938,431,31,977,583,448,388,270,19,915,490,630,550,161
2019,4,A,골목상권,1000198,장한로26길,4475,2559,1916,13,776,1044,1177,953,512,9,415,600,587,556,392,4,361,444,590,397,120
2019,4,A,골목상권,1000197,장한로26가길,3157,1546,1611,2,436,691,837,757,434,1,156,334,371,389,295,1,280,357,466,368,139
2019,4,A,골목상권,1000196,장한로25길,2822,1232,1590,11,422,622,742,672,353,8,155,291,285,291,202,3,267,331,457,381,151
2019,4,A,골목상권,1000195,장한로14길,2657,1721,936,1,344,567,590,714,441,0,183,363,374,464,337,1,161,204,216,250,104
2019,4,A,골목상권,1000194,이문로42길,1875,896,979,2,236,373,458,469,337,1,77,189,213,209,207,1,159,184,245,260,130
2019,4,A,골목상권,1000193,왕산로43길,2884,1522,1362,2,423,750,539,578,592,2,174,472,259,286,329,0,249,278,280,292,263
2019,4,A,골목상권,1000192,왕산로33길,1277,685,592,3,165,207,251,351,300,2,71,118,146,162,186,1,94,89,105,189,114
2019,4,A,골목상권,1000191,왕산로32길,2790,1398,1392,4,356,682,704,775,269,3,136,293,297,488,181,1,220,389,407,287,88
2019,4,A,골목상권,1000190,약령시로17길,1197,647,550,0,100,194,256,364,283,0,47,96,132,171,201,0,53,98,124,193,82
2019,4,A,골목상권,1000189,서울시립대로4길,1374,920,454,5,205,281,370,322,191,3,135,171,236,225,150,2,70,110,134,97,41
2019,4,A,골목상권,1000188,서울시립대로29길,2817,1495,1322,5,375,592,640,678,527,2,120,239,337,390,407,3,255,353,303,288,120
2019,4,A,골목상권,1000187,서울시립대로16길,1212,705,507,2,157,239,338,315,161,1,73,132,206,200,93,1,84,107,132,115,68
2019,4,A,골목상권,1000186,사가정로2길,5921,2739,3182,6,842,1281,1651,1543,598,1,558,846,593,346,395,5,284,435,1058,1197,203
2019,4,A,골목상권,1000185,사가정로23가길,2757,1624,1133,7,243,514,745,769,479,4,107,272,387,451,403,3,136,242,358,318,76
2019,4,A,골목상권,1000184,사가정로13길,3844,2135,1709,3,409,833,1054,1019,526,1,191,398,597,596,352,2,218,435,457,423,174
2019,4,A,골목상권,1000183,무학로45길,3892,2514,1378,6,635,942,861,797,651,1,265,586,560,574,528,5,370,356,301,223,123
2019,4,A,골목상권,1000182,무학로16길,6673,4996,1677,44,537,1158,1534,2228,1172,30,339,869,1214,1655,889,14,198,289,320,573,283
2019,4,A,골목상권,1000181,망우로21길,2985,1539,1446,4,476,624,771,769,341,1,138,335,448,437,180,3,338,289,323,332,161
2019,4,A,골목상권,1000180,망우로18길,3637,1908,1729,3,523,764,946,984,417,1,160,354,548,589,256,2,363,410,398,395,161
2019,4,A,골목상권,1000179,망우로18가길,1678,939,739,2,157,343,451,474,251,0,74,131,251,308,175,2,83,212,200,166,76
2019,4,A,골목상권,1000178,답십리로72길,4692,2705,1987,14,840,1135,1265,971,467,10,456,674,650,563,352,4,384,461,615,408,115
2019,4,A,골목상권,1000177,답십리로69길,2975,1406,1569,4,394,595,796,749,437,2,133,276,322,362,311,2,261,319,474,387,126
2019,4,A,골목상권,1000176,답십리로68길,4296,2087,2209,10,547,830,982,1006,921,9,238,431,475,481,453,1,309,399,507,525,468
2019,4,A,골목상권,1000175,답십리로64길,3592,1860,1732,14,351,550,734,948,995,11,178,315,412,456,488,3,173,235,322,492,507
2019,4,A,골목상권,1000174,답십리로63길,3950,2081,1869,49,1679,741,663,541,277,31,917,445,284,227,177,18,762,296,379,314,100
2019,4,A,골목상권,1000173,답십리로60길,2814,1528,1286,10,218,367,546,730,943,8,104,213,339,376,488,2,114,154,207,354,455
2019,4,A,골목상권,1000172,답십리로56길,1642,966,676,7,193,331,415,414,282,5,84,182,226,261,208,2,109,149,189,153,74
2019,4,A,골목상권,1000171,답십리로23길,621,354,267,0,53,109,142,155,162,0,36,69,95,81,73,0,17,40,47,74,89
2019,4,A,골목상권,1000170,난계로30길,11888,6465,5423,26,1011,2333,3278,3040,2200,15,518,1425,1712,1450,1345,11,493,908,1566,1590,855
2019,4,A,골목상권,1000169,경희대로4길,2471,851,1620,1,635,796,539,319,181,1,118,263,205,132,132,0,517,533,334,187,49
2019,4,A,골목상권,1000168,경희대로3길,1887,985,902,3,421,627,363,278,195,2,150,306,216,169,142,1,271,321,147,109,53
2019,4,A,골목상권,1000167,천호대로129길,4015,2458,1557,57,613,763,1054,994,534,25,326,456,705,595,351,32,287,307,349,399,183
2019,4,A,골목상권,1000166,천호대로123길,3663,2023,1640,12,472,752,948,854,625,4,247,428,501,410,433,8,225,324,447,444,192
2019,4,A,골목상권,1000165,천호대로109길,4122,2443,1679,12,675,953,1056,806,620,7,368,568,606,448,446,5,307,385,450,358,174
2019,4,A,골목상권,1000164,자양번영로3길,2410,1751,659,5,268,492,717,699,229,3,184,349,521,521,173,2,84,143,196,178,56
2019,4,A,골목상권,1000163,자양로53길,3133,1922,1211,7,338,584,936,852,416,3,155,354,590,521,299,4,183,230,346,331,117
2019,4,A,골목상권,1000162,자양로50길,3389,2111,1278,55,516,563,871,921,463,24,288,333,588,579,299,31,228,230,283,342,164
2019,4,A,골목상권,1000161,자양로45길,3528,1956,1572,18,389,699,906,884,632,8,170,399,508,438,433,10,219,300,398,446,199
2019,4,A,골목상권,1000160,자양로26길,11120,9301,1819,8,645,1498,3166,4721,1082,7,395,1137,2640,4179,943,1,250,361,526,542,139
2019,4,A,골목상권,1000159,자양로15길,14033,10711,3322,15,963,2057,3878,5600,1520,11,438,1259,3031,4713,1259,4,525,798,847,887,261
2019,4,A,골목상권,1000158,자양로11길,4146,2273,1873,13,510,846,1120,1097,560,9,194,432,630,617,391,4,316,414,490,480,169
2019,4,A,골목상권,1000157,용마산로3길,3963,2259,1704,12,592,827,1025,859,648,4,333,474,558,438,452,8,259,353,467,421,196
2019,4,A,골목상권,1000156,용마산로21길,3266,1755,1511,52,500,666,824,773,451,6,177,324,426,465,357,46,323,342,398,308,94
2019,4,A,골목상권,1000155,아차산로78길,13980,8708,5272,179,4372,3794,2639,2038,958,56,2128,2558,1845,1418,703,123,2244,1236,794,620,255
2019,4,A,골목상권,1000154,아차산로65길,5416,3292,2124,9,825,1240,1171,1078,1093,3,489,877,821,559,543,6,336,363,350,519,550
2019,4,A,골목상권,1000153,아차산로55길,6399,3241,3158,11,462,1050,1872,2133,871,8,211,550,1006,966,500,3,251,500,866,1167,371
2019,4,A,골목상권,1000152,아차산로51길,14145,10878,3267,14,898,2236,3957,5628,1412,11,462,1418,3051,4759,1177,3,436,818,906,869,235
2019,4,A,골목상권,1000151,아차산로40길,2465,1497,968,8,381,560,656,533,327,5,188,318,401,323,262,3,193,242,255,210,65
2019,4,A,골목상권,1000150,면목로17길,1926,1424,502,3,185,382,468,611,277,0,108,283,338,487,208,3,77,99,130,124,69
2019,4,A,골목상권,1000149,뚝섬로64길,3109,1715,1394,4,279,676,816,901,433,1,128,384,446,452,304,3,151,292,370,449,129
2019,4,A,골목상권,1000148,뚝섬로58길,3129,1834,1295,13,357,640,850,913,356,9,224,372,481,482,266,4,133,268,369,431,90
2019,4,A,골목상권,1000147,뚝섬로54길,2167,1408,759,14,469,477,538,459,210,10,355,322,305,250,166,4,114,155,233,209,44
2019,4,A,골목상권,1000146,뚝섬로48길,2096,1462,634,7,385,414,538,518,234,4,273,293,365,350,177,3,112,121,173,168,57
2019,4,A,골목상권,1000145,뚝섬로24길,764,520,244,5,87,139,162,166,205,4,47,93,102,107,167,1,40,46,60,59,38
2019,4,A,골목상권,1000144,뚝섬로23길,1254,788,466,9,148,237,279,287,294,8,75,133,167,179,226,1,73,104,112,108,68
2019,4,A,골목상권,1000143,동일로24길,3094,2015,1079,13,419,693,812,642,515,6,211,440,547,411,400,7,208,253,265,231,115
2019,4,A,골목상권,1000142,동일로18길,4424,2913,1511,26,523,877,1104,1066,828,20,262,551,712,743,625,6,261,326,392,323,203
2019,4,A,골목상권,1000141,능동로4길,2258,1685,573,7,267,584,648,542,210,2,189,451,491,398,154,5,78,133,157,144,56
2019,4,A,골목상권,1000140,능동로3길,2129,1681,448,9,225,532,590,525,248,5,165,433,476,408,194,4,60,99,114,117,54
2019,4,A,골목상권,1000139,능동로34길,4493,2629,1864,9,675,1001,1143,949,716,4,373,577,667,509,499,5,302,424,476,440,217
2019,4,A,골목상권,1000138,능동로19길,1993,1264,729,2,200,302,497,650,342,0,76,165,320,437,266,2,124,137,177,213,76
2019,4,A,골목상권,1000137,능동로13길,4553,2803,1750,7,669,1058,1229,1063,527,3,315,632,803,641,409,4,354,426,426,422,118
2019,4,A,골목상권,1000136,긴고랑로9길,1980,983,997,53,378,344,489,433,283,6,118,181,232,239,207,47,260,163,257,194,76
2019,4,A,골목상권,1000135,긴고랑로8길,5420,2611,2809,79,1401,1029,1086,1266,559,25,598,551,538,502,397,54,803,478,548,764,162
2019,4,A,골목상권,1000134,긴고랑로7길,3060,1768,1292,53,541,661,682,674,449,6,214,383,383,426,356,47,327,278,299,248,93
2019,4,A,골목상권,1000133,긴고랑로20길,3283,1719,1564,57,615,678,815,706,412,10,280,394,410,366,259,47,335,284,405,340,153
2019,4,A,골목상권,1000132,광나루로52길,9838,5349,4489,11,1019,1942,2434,2779,1653,6,585,1271,1501,1178,808,5,434,671,933,1601,845
2019,4,A,골목상권,1000131,광나루로40길,1969,1079,890,3,238,444,549,492,243,1,97,227,302,276,176,2,141,217,247,216,67
2019,4,A,골목상권,1000130,광나루로37길,1980,1078,902,2,219,408,502,523,326,1,76,190,254,301,256,1,143,218,248,222,70
2019,4,A,골목상권,1000129,광나루로36길,2682,1763,919,3,398,720,634,630,297,1,216,459,407,436,244,2,182,261,227,194,53
2019,4,A,골목상권,1000128,광나루로24길,1255,912,343,2,99,164,339,443,208,0,47,108,239,342,176,2,52,56,100,101,32
2019,4,A,골목상권,1000127,광나루로12길,3398,1952,1446,4,531,874,868,700,421,1,268,518,526,340,299,3,263,356,342,360,122
2019,4,A,골목상권,1000126,한림말길,13906,9816,4090,21,1965,4373,4011,2983,553,15,733,2938,3234,2518,378,6,1232,1435,777,465,175
2019,4,A,골목상권,1000125,한림말3길,4514,1697,2817,5,1162,1329,1012,717,289,0,285,463,467,332,150,5,877,866,545,385,139
2019,4,A,골목상권,1000124,청계천로10나길,8716,5845,2871,46,796,1707,2077,2834,1256,33,441,1062,1400,2005,904,13,355,645,677,829,352
2019,4,A,골목상권,1000123,장터길,934,408,526,1,110,227,249,238,109,0,28,86,114,112,68,1,82,141,135,126,41
2019,4,A,골목상권,1000122,용답중앙길,5789,2733,3056,7,815,1244,1633,1519,571,2,560,857,601,343,370,5,255,387,1032,1176,201
2019,4,A,골목상권,1000121,용답29길,8662,5091,3571,27,1495,2040,2283,1941,876,22,1118,1520,1135,669,627,5,377,520,1148,1272,249
2019,4,A,골목상권,1000120,왕십리로6길,7264,4704,2560,27,1259,1744,1605,1402,1227,19,714,1132,1034,944,861,8,545,612,571,458,366
2019,4,A,골목상권,1000119,왕십리로31길,3548,2008,1540,18,697,788,769,756,520,6,205,443,526,502,326,12,492,345,243,254,194
2019,4,A,골목상권,1000118,왕십리로26길,6654,3331,3323,18,1042,1228,1446,1783,1137,4,381,706,866,893,481,14,661,522,580,890,656
2019,4,A,골목상권,1000117,왕십리로21길,1515,781,734,1,187,321,403,404,199,0,71,141,204,221,144,1,116,180,199,183,55
2019,4,A,골목상권,1000116,왕십리로14길,5086,3544,1542,18,769,999,1018,1140,1142,14,450,658,670,835,917,4,319,341,348,305,225
2019,4,A,골목상권,1000115,아차산로5길,9775,6281,3494,38,1502,2414,2298,1907,1616,25,865,1548,1526,1214,1103,13,637,866,772,693,513
2019,4,A,골목상권,1000114,아차산로15길,12223,8023,4200,52,1906,3102,3255,2484,1424,41,1007,2064,2204,1616,1091,11,899,1038,1051,868,333
2019,4,A,골목상권,1000113,아차산로11길,17999,11757,6242,66,3025,4638,4518,3640,2112,48,1693,3158,3070,2212,1576,18,1332,1480,1448,1428,536
2019,4,A,골목상권,1000112,송정4가길,5430,3327,2103,9,898,1444,1399,1020,660,3,455,898,890,601,480,6,443,546,509,419,180
2019,4,A,골목상권,1000111,송정12라길,841,408,433,1,94,153,198,229,166,0,29,73,91,109,106,1,65,80,107,120,60
2019,4,A,골목상권,1000110,성수일로6길,19921,12818,7103,79,3614,5323,4621,3601,2683,56,2042,3547,3112,2240,1821,23,1572,1776,1509,1361,862
2019,4,A,골목상권,1000109,성수이로7길,15268,9362,5906,70,3328,4144,3343,2613,1770,44,1645,2669,2210,1538,1256,26,1683,1475,1133,1075,514
2019,4,A,골목상권,1000108,성수이로18길,19110,12036,7074,144,3817,4756,4454,3682,2257,89,1922,3107,2991,2302,1625,55,1895,1649,1463,1380,632
2019,4,A,골목상권,1000107,성덕정길,2631,1722,909,3,239,473,607,782,527,2,125,317,393,540,345,1,114,156,214,242,182
2019,4,A,골목상권,1000106,성덕정17길,4785,3353,1432,79,805,1244,1217,956,484,39,481,882,887,680,384,40,324,362,330,276,100
2019,4,A,골목상권,1000105,서울숲2길,2591,1654,937,5,386,534,625,594,447,4,159,321,384,419,367,1,227,213,241,175,80
2019,4,A,골목상권,1000104,상원길,7684,5001,2683,33,1293,1930,1773,1442,1213,23,766,1276,1185,958,793,10,527,654,588,484,420
2019,4,A,골목상권,1000103,상원12길,4697,3328,1369,19,695,908,930,1048,1097,14,419,634,651,746,864,5,276,274,279,302,233
2019,4,A,골목상권,1000102,사근동길,2512,1782,730,2,144,443,815,743,365,2,54,289,563,579,295,0,90,154,252,164,70
2019,4,A,골목상권,1000101,무학봉길,1081,535,546,1,139,248,287,259,147,1,52,115,138,124,105,0,87,133,149,135,42
2019,4,A,골목상권,1000100,무학봉28길,3725,2164,1561,12,559,795,870,897,592,2,212,465,548,574,363,10,347,330,322,323,229
2019,4,A,골목상권,1000099,무학로6길,5587,2607,2980,19,915,985,1139,1446,1083,4,332,567,644,620,440,15,583,418,495,826,643
2019,4,A,골목상권,1000098,무수막길,679,380,299,0,75,129,163,160,152,0,25,60,89,90,116,0,50,69,74,70,36
2019,4,A,골목상권,1000097,매봉길,1094,570,524,1,102,264,300,308,119,0,29,126,178,163,74,1,73,138,122,145,45
2019,4,A,골목상권,1000096,마조로1길,3520,2522,998,0,245,654,1049,1086,486,0,99,435,752,862,374,0,146,219,297,224,112
2019,4,A,골목상권,1000095,마조로16길,1505,918,587,1,177,277,358,417,275,1,78,162,206,264,207,0,99,115,152,153,68
2019,4,A,골목상권,1000094,마장로39길,1481,987,494,1,145,233,349,437,316,1,87,154,216,291,238,0,58,79,133,146,78
2019,4,A,골목상권,1000093,마장로27길,8509,5092,3417,39,917,1342,1816,2804,1591,29,425,861,1213,1670,894,10,492,481,603,1134,697
2019,4,A,골목상권,1000092,뚝섬로5길,8814,5702,3112,35,1634,2623,2123,1448,951,20,875,1689,1433,989,696,15,759,934,690,459,255
2019,4,A,골목상권,1000091,둘레9길,3374,2333,1041,7,364,796,895,832,480,5,211,628,643,554,292,2,153,168,252,278,188
2019,4,A,골목상권,1000090,금호산길,1475,833,642,2,190,354,362,303,264,2,63,180,206,184,198,0,127,174,156,119,66
2019,4,A,골목상권,1000089,금호산2길,2853,1176,1677,16,339,857,1053,394,194,1,108,294,448,187,138,15,231,563,605,207,56
2019,4,A,골목상권,1000088,고산자로6길,4971,2984,1987,12,659,1084,1372,1214,630,2,206,570,863,850,493,10,453,514,509,364,137
2019,4,A,골목상권,1000087,후암로28길,3499,2332,1167,5,330,605,1151,1006,402,4,135,345,844,725,279,1,195,260,307,281,123
2019,4,A,골목상권,1000086,효창원로39길,6649,4579,2070,21,1208,1796,1823,1289,512,14,670,1302,1313,906,374,7,538,494,510,383,138
2019,4,A,골목상권,1000085,회나무로13길,1052,594,458,2,137,281,267,205,160,0,63,144,136,121,130,2,74,137,131,84,30
2019,4,A,골목상권,1000084,한남대로20길,18863,14261,4602,39,2876,5155,4808,5107,878,31,1410,3407,3963,4709,741,8,1466,1748,845,398,137
2019,4,A,골목상권,1000083,한강대로88길,3952,1815,2137,11,649,1471,1056,506,259,4,167,568,572,327,177,7,482,903,484,179,82
2019,4,A,골목상권,1000082,한강대로7길,9300,5247,4053,15,1043,2286,3042,2124,790,7,453,1206,1646,1405,530,8,590,1080,1396,719,260
2019,4,A,골목상권,1000081,한강대로62길,15932,7729,8203,61,3485,5114,4374,2273,625,30,1377,2333,2253,1355,381,31,2108,2781,2121,918,244
2019,4,A,골목상권,1000080,한강대로52길,25834,9922,15912,128,6440,8327,7146,2984,809,54,2309,3034,2590,1432,503,74,4131,5293,4556,1552,306
2019,4,A,골목상권,1000079,한강대로43길,27127,10372,16755,153,7139,9391,7217,2423,804,71,2574,3620,2609,980,518,82,4565,5771,4608,1443,286
2019,4,A,골목상권,1000078,한강대로15길,8277,4527,3750,11,827,1963,2797,1995,684,6,309,971,1448,1323,470,5,518,992,1349,672,214
2019,4,A,골목상권,1000077,한강대로104길,36052,21422,14630,180,11153,11590,7342,3944,1843,24,3407,7445,5886,3240,1420,156,7746,4145,1456,704,423
2019,4,A,골목상권,1000076,청파로73길,4721,2547,2174,10,913,1365,965,784,684,5,300,628,566,511,537,5,613,737,399,273,147
2019,4,A,골목상권,1000075,청파로71길,6797,3510,3287,8,1504,1964,1330,1123,868,3,431,888,775,731,682,5,1073,1076,555,392,186
2019,4,A,골목상권,1000074,청파로47나길,6480,3174,3306,11,1149,1831,1425,1178,886,6,301,709,739,749,670,5,848,1122,686,429,216
2019,4,A,골목상권,1000073,청파로47길,7345,4142,3203,31,1393,2513,1795,1096,517,14,618,1336,1078,735,361,17,775,1177,717,361,156
2019,4,A,골목상권,1000072,장문로45길,4115,2951,1164,32,578,1180,1192,829,304,22,313,825,916,643,232,10,265,355,276,186,72
2019,4,A,골목상권,1000071,이태원로54길,12930,8355,4575,42,2700,4776,3105,1813,494,23,1251,2857,2315,1566,343,19,1449,1919,790,247,151
2019,4,A,골목상권,1000070,이태원로27길,17872,8709,9163,49,4899,6777,3836,1789,522,28,1439,3078,2376,1391,397,21,3460,3699,1460,398,125
2019,4,A,골목상권,1000069,이촌로22길,3232,2176,1056,11,493,860,915,676,277,4,252,552,689,507,172,7,241,308,226,169,105
2019,4,A,골목상권,1000068,원효로89길,8896,6141,2755,41,1655,2966,2333,1332,569,16,888,1947,1799,1072,419,25,767,1019,534,260,150
2019,4,A,골목상권,1000067,원효로53길,5634,3975,1659,25,859,1695,1558,892,605,18,526,1240,1133,617,441,7,333,455,425,275,164
2019,4,A,골목상권,1000066,원효로41길,6829,4947,1882,28,1098,2181,1898,1182,442,15,626,1544,1466,944,352,13,472,637,432,238,90
2019,4,A,골목상권,1000065,원효로19길,8012,5809,2203,31,1316,2537,2176,1373,579,15,750,1802,1695,1091,456,16,566,735,481,282,123
2019,4,A,골목상권,1000064,우사단로4길,2880,1830,1050,3,448,948,794,491,196,2,133,579,586,385,145,1,315,369,208,106,51
2019,4,A,골목상권,1000063,우사단로14길,5875,3406,2469,31,1371,2016,1430,723,304,16,503,1093,1025,555,214,15,868,923,405,168,90
2019,4,A,골목상권,1000062,우사단로10길,4890,2621,2269,26,907,1656,1262,703,336,10,249,845,824,501,192,16,658,811,438,202,144
2019,4,A,골목상권,1000061,신흥로20길,2563,1659,904,2,324,477,813,752,195,2,118,274,586,545,134,0,206,203,227,207,61
2019,4,A,골목상권,1000060,소월로20길,2112,1428,684,0,196,392,707,673,144,0,77,220,527,502,102,0,119,172,180,171,42
2019,4,A,골목상권,1000059,서빙고로71길,5642,3293,2349,2,725,1658,2088,833,336,0,250,673,1464,674,232,2,475,985,624,159,104
2019,4,A,골목상권,1000058,백범로90길,5637,3729,1908,38,1004,1627,1387,992,589,23,564,1101,985,658,398,15,440,526,402,334,191
2019,4,A,골목상권,1000057,백범로79길,4502,2899,1603,22,667,1156,1105,895,657,13,361,755,740,584,446,9,306,401,365,311,211
2019,4,A,골목상권,1000056,두텁바위로1길,8157,4692,3465,19,1343,2358,2180,1545,712,8,412,1114,1467,1139,552,11,931,1244,713,406,160
2019,4,A,골목상권,1000055,대사관로34길,5784,4038,1746,52,932,1551,1468,1050,731,39,528,1057,1090,782,542,13,404,494,378,268,189
2019,4,A,골목상권,1000054,녹사평대로46길,9993,4025,5968,16,3300,4161,1822,524,170,5,776,1717,997,398,132,11,2524,2444,825,126,38
2019,4,A,골목상권,1000053,녹사평대로40나길,2385,1253,1132,6,316,719,598,567,179,5,113,319,313,371,132,1,203,400,285,196,47
2019,4,A,골목상권,1000052,녹사평대로32길,2868,1497,1371,14,486,847,659,621,241,11,177,375,350,402,182,3,309,472,309,219,59
2019,4,A,골목상권,1000051,녹사평대로26길,6173,3582,2591,31,1164,1704,1560,1176,538,18,527,929,944,791,373,13,637,775,616,385,165
2019,4,A,골목상권,1000050,녹사평대로11길,2064,1125,939,2,295,517,651,378,221,0,90,266,388,247,134,2,205,251,263,131,87
2019,4,A,골목상권,1000049,퇴계로90길,2340,1262,1078,6,384,594,555,454,347,6,172,281,281,269,253,0,212,313,274,185,94
2019,4,A,골목상권,1000048,퇴계로8길,40352,22269,18083,168,7554,13382,11011,6350,1887,49,3063,7131,6203,4612,1211,119,4491,6251,4808,1738,676
2019,4,A,골목상권,1000047,퇴계로56길,46130,22957,23173,475,13559,12158,9834,7281,2823,195,6451,7253,5636,2525,897,280,7108,4905,4198,4756,1926
2019,4,A,골목상권,1000046,퇴계로46길,7358,4531,2827,39,1345,1788,1912,1395,879,20,585,1039,1276,967,644,19,760,749,636,428,235
2019,4,A,골목상권,1000045,퇴계로18길,21805,10426,11379,69,3104,6809,7093,3775,955,11,996,3010,3117,2725,567,58,2108,3799,3976,1050,388
2019,4,A,골목상권,1000044,퇴계로12길,26422,13011,13411,140,4810,8216,7892,4320,1044,42,1706,3903,3780,2936,644,98,3104,4313,4112,1384,400
2019,4,A,골목상권,1000043,청구로1길,3640,1960,1680,6,508,951,871,792,512,3,172,478,531,479,297,3,336,473,340,313,215
2019,4,A,골목상권,1000042,청구로17길,8635,4699,3936,17,1623,2359,2025,1733,878,6,591,1271,1211,1044,576,11,1032,1088,814,689,302
2019,4,A,골목상권,1000041,장충단로8길,11253,6178,5075,32,1960,3119,3017,2360,765,5,686,1825,1809,1370,483,27,1274,1294,1208,990,282
2019,4,A,골목상권,1000040,삼일대로4길,30429,16439,13990,112,5902,9352,8151,4979,1933,33,2050,5138,4755,3182,1281,79,3852,4214,3396,1797,652
2019,4,A,골목상권,1000039,명동길,71495,34548,36947,303,20557,24257,14903,9392,2083,97,6091,10970,9400,6561,1429,206,14466,13287,5503,2831,654
2019,4,A,골목상권,1000038,동호로8길,4658,2510,2148,13,958,1262,1054,838,533,5,331,731,664,442,337,8,627,531,390,396,196
2019,4,A,골목상권,1000037,동호로20길,12817,6753,6064,45,2550,3524,3201,2598,899,8,851,1970,1848,1463,613,37,1699,1554,1353,1135,286
2019,4,A,골목상권,1000036,동호로15길,7812,4287,3525,16,1500,2148,1861,1562,725,7,567,1144,1111,952,506,9,933,1004,750,610,219
2019,4,A,골목상권,1000035,동호로11길,5028,3300,1728,12,759,1711,1310,878,358,3,388,1211,937,531,230,9,371,500,373,347,128
2019,4,A,골목상권,1000034,동호로10길,6836,3723,3113,17,1312,1820,1519,1314,854,6,483,1029,936,745,524,11,829,791,583,569,330
2019,4,A,골목상권,1000033,다산로39길,2618,1371,1247,9,425,591,630,561,402,2,144,273,347,330,275,7,281,318,283,231,127
2019,4,A,골목상권,1000032,다산로38길,2273,1114,1159,11,398,551,534,446,333,4,128,219,275,260,228,7,270,332,259,186,105
2019,4,A,골목상권,1000031,다산로36길,2442,1186,1256,5,357,635,640,491,314,4,106,262,333,271,210,1,251,373,307,220,104
2019,4,A,골목상권,1000030,다산로33길,5574,2897,2677,12,790,1334,1468,1445,525,4,266,632,791,863,341,8,524,702,677,582,184
2019,4,A,골목상권,1000029,난계로21길,3313,1971,1342,13,399,606,723,744,828,12,216,362,413,456,512,1,183,244,310,288,316
2019,4,A,골목상권,1000028,난계로11길,2321,1306,1015,5,366,628,595,452,275,4,181,347,311,260,203,1,185,281,284,192,72
2019,4,A,골목상권,1000027,필운대로1길,4413,1985,2428,11,618,710,826,1256,992,4,322,378,383,434,464,7,296,332,443,822,528
2019,4,A,골목상권,1000026,평창길,13893,6673,7220,18,1203,3748,5345,2958,621,9,486,1608,2803,1418,349,9,717,2140,2542,1540,272
2019,4,A,골목상권,1000025,통일로12길,1099,504,595,9,253,305,259,176,97,8,83,129,128,87,69,1,170,176,131,89,28
2019,4,A,골목상권,1000024,창신길,773,266,507,2,118,150,173,195,135,1,25,45,76,70,49,1,93,105,97,125,86
2019,4,A,골목상권,1000023,창신5길,1560,587,973,2,184,311,477,360,226,1,43,101,156,150,136,1,141,210,321,210,90
2019,4,A,골목상권,1000022,창신2길,901,410,491,3,106,169,222,210,191,1,27,58,107,106,111,2,79,111,115,104,80
2019,4,A,골목상권,1000021,창경궁로35길,5813,2758,3055,27,756,1319,1559,1342,810,17,245,562,760,705,469,10,511,757,799,637,341
2019,4,A,골목상권,1000020,지봉로8길,1900,811,1089,4,226,368,551,466,285,0,63,141,194,232,181,4,163,227,357,234,104
2019,4,A,골목상권,1000019,종로65길,4112,2215,1897,6,318,483,752,966,1587,0,109,241,412,484,969,6,209,242,340,482,618
2019,4,A,골목상권,1000018,종로58가길,2197,954,1243,7,359,425,597,483,326,7,105,157,231,243,211,0,254,268,366,240,115
2019,4,A,골목상권,1000017,종로24길,6369,4113,2256,22,689,1588,1642,1347,1081,5,312,969,1103,899,825,17,377,619,539,448,256
2019,4,A,골목상권,1000016,자하문로7길,9639,6195,3444,47,1451,2302,2548,2135,1156,2,887,1634,1874,1195,603,45,564,668,674,940,553
2019,4,A,골목상권,1000015,이화장길,11255,7059,4196,21,2049,3568,2887,1860,870,4,844,2133,2040,1452,586,17,1205,1435,847,408,284
2019,4,A,골목상권,1000014,율곡로16길,10582,6889,3693,19,1923,3337,2847,1794,662,3,808,2083,2079,1460,456,16,1115,1254,768,334,206
2019,4,A,골목상권,1000013,율곡로10길,16455,12606,3849,19,1992,5454,4925,3014,1051,7,1161,4109,3995,2506,828,12,831,1345,930,508,223
2019,4,A,골목상권,1000012,옥인길,2008,1072,936,38,440,518,405,385,222,0,140,256,250,258,168,38,300,262,155,127,54
2019,4,A,골목상권,1000011,숭인동길,8281,3317,4964,7,870,1349,1601,2113,2341,0,245,580,725,633,1134,7,625,769,876,1480,1207
2019,4,A,골목상권,1000010,성균관로5길,1914,1040,874,15,346,469,424,374,286,11,118,211,252,253,195,4,228,258,172,121,91
2019,4,A,골목상권,1000009,삼청로5길,8686,7310,1376,1,1103,2426,2948,1866,342,0,848,1946,2550,1663,303,1,255,480,398,203,39
2019,4,A,골목상권,1000008,북촌로5나길,9434,7676,1758,1,1173,2620,3126,2003,511,0,866,2010,2638,1731,431,1,307,610,488,272,80
2019,4,A,골목상권,1000007,북촌로5길,9139,7323,1816,3,1312,2611,2919,1877,417,1,890,2027,2453,1603,349,2,422,584,466,274,68
2019,4,A,골목상권,1000006,북촌로11길,14654,11573,3081,5,1601,4779,4375,2998,896,5,968,3687,3606,2584,723,0,633,1092,769,414,173
2019,4,A,골목상권,1000005,백석동길,4252,2472,1780,18,780,1347,1116,729,262,8,313,748,710,510,183,10,467,599,406,219,79
2019,4,A,골목상권,1000004,명륜길,1696,957,739,11,323,483,360,296,223,11,133,250,224,177,162,0,190,233,136,119,61
2019,4,A,골목상권,1000003,돈화문로11가길,39506,26181,13325,1279,10020,10738,9145,5958,2366,597,5207,7310,6817,4624,1626,682,4813,3428,2328,1334,740
2019,4,A,골목상권,1000002,난계로27길,11773,6288,5485,24,1005,2306,3308,3030,2100,14,498,1408,1718,1410,1240,10,507,898,1590,1620,860
2019,4,A,골목상권,1000001,계동길,13700,10172,3528,7,1421,4634,4218,2628,792,6,720,3381,3297,2165,603,1,701,1253,921,463,189
2019,3,A,골목상권,1001010,풍성로37가길,2935,1774,1161,3,404,690,742,680,416,2,245,435,432,401,259,1,159,255,310,279,157
2019,3,A,골목상권,1001009,천호옛길,6413,3834,2579,7,841,1549,1578,1691,747,4,418,800,894,1114,604,3,423,749,684,577,143
2019,3,A,골목상권,1001008,천호옛14길,4362,2489,1873,6,922,1320,1025,667,422,2,374,799,633,408,273,4,548,521,392,259,149
2019,3,A,골목상권,1001007,천호대로219길,1171,816,355,0,136,192,317,334,192,0,76,129,237,232,142,0,60,63,80,102,50
2019,3,A,골목상권,1001006,천호대로197길,1996,1108,888,1,214,372,452,488,469,0,93,223,230,211,351,1,121,149,222,277,118
2019,3,A,골목상권,1001005,천호대로187길,5819,2884,2935,10,762,1304,1328,1305,1110,6,285,715,697,495,686,4,477,589,631,810,424
2019,3,A,골목상권,1001004,천호대로170길,12826,6999,5827,84,2661,3295,3437,1623,1726,7,1068,1690,2133,989,1112,77,1593,1605,1304,634,614
2019,3,A,골목상권,1001003,천호대로162길,11820,6646,5174,80,2534,3243,3220,1263,1480,3,1051,1759,2067,828,938,77,1483,1484,1153,435,542
2019,3,A,골목상권,1001002,천중로51길,3333,1953,1380,4,360,639,806,782,742,1,144,386,447,451,524,3,216,253,359,331,218
2019,3,A,골목상권,1001001,천중로39길,3865,2291,1574,7,316,674,926,943,999,2,134,400,528,561,666,5,182,274,398,382,333
2019,3,A,골목상권,1001000,진황도로47길,4354,2115,2239,12,469,727,1014,1033,1099,6,176,394,514,366,659,6,293,333,500,667,440
2019,3,A,골목상권,1000999,진황도로27길,6581,3643,2938,10,1012,1381,1352,1175,1651,6,345,719,773,664,1136,4,667,662,579,511,515
2019,3,A,골목상권,1000998,올림픽로98길,2292,1267,1025,3,264,397,442,403,783,3,113,236,244,244,427,0,151,161,198,159,356
2019,3,A,골목상권,1000997,올림픽로80길,1683,783,900,2,176,317,439,421,328,1,65,142,177,192,206,1,111,175,262,229,122
2019,3,A,골목상권,1000996,올림픽로78길,1759,873,886,3,223,319,402,396,416,1,87,143,169,201,272,2,136,176,233,195,144
2019,3,A,골목상권,1000995,올림픽로77길,2054,1050,1004,5,237,392,495,466,459,1,94,185,243,238,289,4,143,207,252,228,170
2019,3,A,골목상권,1000994,올림픽로71길,2257,1124,1133,5,278,468,537,482,487,1,96,208,267,240,312,4,182,260,270,242,175
2019,3,A,골목상권,1000993,올림픽로48길,12893,8149,4744,46,1461,3170,3209,3298,1709,16,658,1827,2026,2365,1257,30,803,1343,1183,933,452
2019,3,A,골목상권,1000992,양재대로96길,5065,2774,2291,6,708,1255,1067,1122,907,5,310,701,636,557,565,1,398,554,431,565,342
2019,3,A,골목상권,1000991,양재대로95길,3558,2094,1464,6,364,676,782,886,844,5,220,434,479,453,503,1,144,242,303,433,341
2019,3,A,골목상권,1000990,양재대로91길,3801,2223,1578,11,412,760,852,952,814,9,228,461,513,509,503,2,184,299,339,443,311
2019,3,A,골목상권,1000989,양재대로133길,3936,2078,1858,10,445,766,947,932,836,2,187,424,495,459,511,8,258,342,452,473,325
2019,3,A,골목상권,1000988,양재대로124길,3828,2324,1504,6,351,684,875,887,1025,1,172,413,510,531,697,5,179,271,365,356,328
2019,3,A,골목상권,1000987,양재대로116길,3422,1642,1780,10,388,509,742,907,866,5,182,304,370,322,459,5,206,205,372,585,407
2019,3,A,골목상권,1000986,양재대로101길,8074,3845,4229,14,1367,1851,1787,1747,1308,9,491,942,946,731,726,5,876,909,841,1016,582
2019,3,A,골목상권,1000985,암사길,3610,2190,1420,4,499,861,873,918,455,1,236,508,503,605,337,3,263,353,370,313,118
2019,3,A,골목상권,1000984,성안로3길,12518,7819,4699,43,1389,2892,3190,3206,1798,15,621,1653,1950,2271,1309,28,768,1239,1240,935,489
2019,3,A,골목상권,1000983,성내로5길,12105,7423,4682,43,1438,3036,3079,2814,1695,15,675,1734,1884,1870,1245,28,763,1302,1195,944,450
2019,3,A,골목상권,1000982,상일로5길,1123,784,339,0,127,190,316,321,169,0,68,126,233,232,125,0,59,64,83,89,44
2019,3,A,골목상권,1000981,상암로5길,4187,1957,2230,7,376,714,938,1087,1065,6,164,390,473,396,528,1,212,324,465,691,537
2019,3,A,골목상권,1000980,상암로51길,2483,1110,1373,1,254,477,607,628,516,1,74,246,286,259,244,0,180,231,321,369,272
2019,3,A,골목상권,1000979,상암로4길,2372,1253,1119,2,226,405,530,427,782,2,84,216,291,230,430,0,142,189,239,197,352
2019,3,A,골목상권,1000978,상암로14길,2550,1309,1241,3,274,453,550,475,795,3,108,238,283,240,437,0,166,215,267,235,358
2019,3,A,골목상권,1000977,명일로13길,8097,4174,3923,3,1042,2186,2577,1524,765,2,297,1156,1299,893,527,1,745,1030,1278,631,238
2019,3,A,골목상권,1000976,동남로85길,1212,635,577,0,147,298,320,319,128,0,61,155,149,188,82,0,86,143,171,131,46
2019,3,A,골목상권,1000975,동남로82길,650,259,391,0,70,128,134,203,115,0,17,49,57,81,55,0,53,79,77,122,60
2019,3,A,골목상권,1000974,동남로65길,997,494,503,6,106,204,221,321,139,2,45,77,101,170,99,4,61,127,120,151,40
2019,3,A,골목상권,1000973,구천면로42길,2731,1409,1322,5,240,520,695,712,559,1,79,235,349,389,356,4,161,285,346,323,203
2019,3,A,골목상권,1000972,구천면로41길,2629,1447,1182,7,293,549,671,599,510,4,117,267,357,355,347,3,176,282,314,244,163
2019,3,A,골목상권,1000971,구천면로36길,1611,879,732,5,153,243,366,399,445,3,52,107,181,200,336,2,101,136,185,199,109
2019,3,A,골목상권,1000970,고덕로61길,1312,682,630,0,147,322,367,354,122,0,61,158,179,205,79,0,86,164,188,149,43
2019,3,A,골목상권,1000969,고덕로25길,1218,701,517,3,152,267,271,322,203,2,64,151,136,182,166,1,88,116,135,140,37
2019,3,A,골목상권,1000968,고덕로10길,3531,1636,1895,5,342,558,751,901,974,4,149,321,371,306,485,1,193,237,380,595,489
2019,3,A,골목상권,1000967,강동대로53길,4322,2679,1643,11,532,1094,1225,870,590,7,277,674,771,534,416,4,255,420,454,336,174
2019,3,A,골목상권,1000966,풍성로25길,2719,1449,1270,4,388,539,606,722,460,2,180,272,317,340,338,2,208,267,289,382,122
2019,3,A,골목상권,1000965,오금로46길,4694,2860,1834,44,779,988,1124,1116,643,22,423,642,678,621,474,22,356,346,446,495,169
2019,3,A,골목상권,1000964,오금로36길,9074,6223,2851,21,1522,2600,2306,1709,916,16,890,1837,1667,1104,709,5,632,763,639,605,207
2019,3,A,골목상권,1000963,오금로11길,23598,14142,9456,75,4794,6887,5253,4174,2415,35,2379,4455,3602,2257,1414,40,2415,2432,1651,1917,1001
2019,3,A,골목상권,1000962,양재대로72길,20595,13764,6831,17,2557,5188,5920,4791,2122,4,1256,3249,3872,3675,1708,13,1301,1939,2048,1116,414
2019,3,A,골목상권,1000961,양재대로71길,7677,5030,2647,11,851,1612,1956,1866,1381,6,279,897,1293,1418,1137,5,572,715,663,448,244
2019,3,A,골목상권,1000960,양재대로64길,16223,9945,6278,30,1583,3449,3266,2497,5398,18,800,2159,2157,1309,3502,12,783,1290,1109,1188,1896
2019,3,A,골목상권,1000959,양재대로62길,17572,10016,7556,33,2192,3541,3119,3030,5657,14,931,2029,1946,1491,3605,19,1261,1512,1173,1539,2052
2019,3,A,골목상권,1000958,송파대로30길,23245,14306,8939,53,2423,4715,4983,4515,6556,16,1225,3034,3248,2529,4254,37,1198,1681,1735,1986,2302
2019,3,A,골목상권,1000957,송이로36길,5840,3661,2179,10,747,1313,1535,1349,886,5,416,892,990,724,634,5,331,421,545,625,252
2019,3,A,골목상권,1000956,송이로32길,35416,26954,8462,13,2712,5987,10285,13646,2773,4,1369,4101,7854,11695,1931,9,1343,1886,2431,1951,842
2019,3,A,골목상권,1000955,송이로23길,11388,6450,4938,55,1615,3065,2866,2225,1562,28,786,1838,1748,1050,1000,27,829,1227,1118,1175,562
2019,3,A,골목상권,1000954,삼전로13길,11553,7233,4320,10,1635,2810,2807,2588,1703,1,729,1705,1827,1710,1261,9,906,1105,980,878,442
2019,3,A,골목상권,1000953,백제고분로50길,12352,7584,4768,23,2230,3187,2763,2550,1599,15,1206,2143,1853,1405,962,8,1024,1044,910,1145,637
2019,3,A,골목상권,1000952,백제고분로46길,15970,11329,4641,57,2333,3908,4464,3621,1587,45,1237,2615,3440,2745,1247,12,1096,1293,1024,876,340
2019,3,A,골목상권,1000951,백제고분로45길,19492,10586,8906,68,3874,5181,4386,3804,2179,30,1574,3011,2818,1927,1226,38,2300,2170,1568,1877,953
2019,3,A,골목상권,1000950,백제고분로42길,9117,5781,3336,10,1155,2349,2221,1781,1601,4,545,1599,1536,1053,1044,6,610,750,685,728,557
2019,3,A,골목상권,1000949,백제고분로39길,6431,4340,2091,3,877,2033,1618,1085,815,0,477,1495,1129,639,600,3,400,538,489,446,215
2019,3,A,골목상권,1000948,백제고분로34길,5775,3807,1968,13,694,1205,1410,1383,1070,9,371,777,928,904,818,4,323,428,482,479,252
2019,3,A,골목상권,1000947,백제고분로33길,7036,4971,2065,12,858,1631,1571,1260,1704,8,421,1052,1086,894,1510,4,437,579,485,366,194
2019,3,A,골목상권,1000946,백제고분로32길,6872,4466,2406,11,824,1403,1540,1665,1429,8,419,900,1026,1063,1050,3,405,503,514,602,379
2019,3,A,골목상권,1000945,백제고분로31길,10949,7355,3594,12,1391,2430,2518,2269,2329,8,692,1582,1705,1456,1912,4,699,848,813,813,417
2019,3,A,골목상권,1000944,백제고분로22길,5097,3319,1778,8,633,1100,1200,1167,989,2,297,752,820,723,725,6,336,348,380,444,264
2019,3,A,골목상권,1000943,백제고분로21길,11106,6995,4111,8,1623,2780,2699,2618,1378,1,736,1766,1802,1701,989,7,887,1014,897,917,389
2019,3,A,골목상권,1000942,마천로51길,1973,1087,886,0,174,383,548,537,331,0,94,217,281,250,245,0,80,166,267,287,86
2019,3,A,골목상권,1000941,동남로20길,6118,3572,2546,54,1175,1546,1345,1277,721,32,593,898,832,697,520,22,582,648,513,580,201
2019,3,A,골목상권,1000940,거마로20길,1854,894,960,1,184,370,509,526,264,1,84,185,215,231,178,0,100,185,294,295,86
2019,3,A,골목상권,1000939,학동로77길,25259,10976,14283,120,6286,7594,5973,3491,1795,48,2100,3502,2690,1545,1091,72,4186,4092,3283,1946,704
2019,3,A,골목상권,1000938,학동로6길,13269,8632,4637,42,2658,4296,3151,1907,1215,32,1414,2889,2197,1277,823,10,1244,1407,954,630,392
2019,3,A,골목상권,1000937,학동로56길,14323,8655,5668,49,2780,4429,3319,2344,1402,23,1162,2468,2301,1629,1072,26,1618,1961,1018,715,330
2019,3,A,골목상권,1000936,학동로38길,25857,17165,8692,53,5369,7243,5656,4010,3526,18,2276,4626,4298,3215,2732,35,3093,2617,1358,795,794
2019,3,A,골목상권,1000935,테헤란로81길,50658,28954,21704,120,10989,18359,12235,6170,2785,43,4334,11007,8299,3589,1682,77,6655,7352,3936,2581,1103
2019,3,A,골목상권,1000934,일원로9길,10670,3745,6925,18,3072,3557,2218,1258,547,3,641,1219,903,619,360,15,2431,2338,1315,639,187
2019,3,A,골목상권,1000933,일원로3길,3417,2107,1310,3,418,649,844,791,712,2,233,396,527,498,451,1,185,253,317,293,261
2019,3,A,골목상권,1000932,영동대로65길,28380,17099,11281,50,4869,7767,7342,5143,3209,27,2327,5020,4699,2974,2052,23,2542,2747,2643,2169,1157
2019,3,A,골목상권,1000931,영동대로112길,62892,48029,14863,51,10301,18060,15895,12438,6147,27,6265,13641,13615,10424,4057,24,4036,4419,2280,2014,2090
2019,3,A,골목상권,1000930,언주로81길,92700,56558,36142,158,15509,26779,25201,20625,4428,70,9248,18666,16288,9254,3032,88,6261,8113,8913,11371,1396
2019,3,A,골목상권,1000929,압구정로2길,14779,9440,5339,37,2724,4525,4035,2461,997,17,1216,2939,2830,1699,739,20,1508,1586,1205,762,258
2019,3,A,골목상권,1000928,선릉로18길,4350,2826,1524,78,802,1137,1013,813,507,29,488,765,652,501,391,49,314,372,361,312,116
2019,3,A,골목상권,1000927,선릉로146길,22906,11534,11372,53,5812,7398,4918,3110,1615,11,1665,3496,2921,2305,1136,42,4147,3902,1997,805,479
2019,3,A,골목상권,1000926,선릉로133길,21360,13524,7836,42,3224,6259,5594,4164,2077,15,1394,3629,3859,2994,1633,27,1830,2630,1735,1170,444
2019,3,A,골목상권,1000925,선릉로132길,14903,8743,6160,50,2409,4304,3662,2750,1728,23,1028,2554,2344,1646,1148,27,1381,1750,1318,1104,580
2019,3,A,골목상권,1000924,선릉로121길,19126,11898,7228,44,3470,5639,4866,3338,1769,17,1469,3279,3357,2375,1401,27,2001,2360,1509,963,368
2019,3,A,골목상권,1000923,삼성로75길,39655,25233,14422,121,6246,12100,11148,6617,3423,20,2642,7381,8038,4955,2197,101,3604,4719,3110,1662,1226
2019,3,A,골목상권,1000922,삼성로69길,11237,6265,4972,39,1741,2954,2686,2305,1512,23,744,1612,1569,1316,1001,16,997,1342,1117,989,511
2019,3,A,골목상권,1000921,삼성로64길,26010,14918,11092,55,4589,6959,6717,4846,2844,26,2144,4462,4058,2511,1717,29,2445,2497,2659,2335,1127
2019,3,A,골목상권,1000920,삼성로63길,17197,11593,5604,39,2076,5044,4684,3617,1737,26,1014,3578,3306,2516,1153,13,1062,1466,1378,1101,584
2019,3,A,골목상권,1000919,삼성로57길,13015,9541,3474,23,1392,4187,3779,2692,942,12,703,3133,2853,2136,704,11,689,1054,926,556,238
2019,3,A,골목상권,1000918,삼성로147길,14517,7537,6980,29,3644,4918,3062,1807,1057,8,1346,2570,1874,1070,669,21,2298,2348,1188,737,388
2019,3,A,골목상권,1000917,삼성로115길,15288,9326,5962,55,3121,4489,3424,2225,1974,25,1298,2869,2391,1384,1359,30,1823,1620,1033,841,615
2019,3,A,골목상권,1000916,봉은사로68길,26050,14721,11329,70,5405,8028,5919,4140,2488,23,2397,4963,3809,2012,1517,47,3008,3065,2110,2128,971
2019,3,A,골목상권,1000915,봉은사로57길,11412,7492,3920,38,2418,3827,2576,1570,983,23,1097,2265,2002,1290,815,15,1321,1562,574,280,168
2019,3,A,골목상권,1000914,봉은사로43길,26569,16745,9824,55,5489,8274,6188,3977,2586,21,2402,4975,4381,2947,2019,34,3087,3299,1807,1030,567
2019,3,A,골목상권,1000913,봉은사로29길,26048,16651,9397,59,5608,7884,6074,3996,2427,30,2443,5005,4338,3016,1819,29,3165,2879,1736,980,608
2019,3,A,골목상권,1000912,봉은사로109길,31422,24054,7368,28,5569,8927,8156,5635,3107,13,3239,6771,6901,4672,2458,15,2330,2156,1255,963,649
2019,3,A,골목상권,1000911,도산대로89길,35398,20349,15049,66,6794,10125,9282,7856,1275,22,2350,4926,6040,6077,934,44,4444,5199,3242,1779,341
2019,3,A,골목상권,1000910,도산대로81길,45427,25601,19826,85,9377,13941,11490,8963,1571,24,3106,6709,7481,7104,1177,61,6271,7232,4009,1859,394
2019,3,A,골목상권,1000909,도산대로50길,21633,11895,9738,41,4471,6693,5235,3463,1730,19,1391,3277,3397,2499,1312,22,3080,3416,1838,964,418
2019,3,A,골목상권,1000908,도산대로38길,22258,12215,10043,41,4405,6925,5448,3579,1860,14,1464,3678,3443,2299,1317,27,2941,3247,2005,1280,543
2019,3,A,골목상권,1000907,도산대로30길,21865,11878,9987,52,5390,6708,5039,3072,1604,14,1917,3610,3200,1965,1172,38,3473,3098,1839,1107,432
2019,3,A,골목상권,1000906,도산대로23길,14091,7339,6752,22,3648,4354,3232,1773,1062,5,1197,2300,1985,1105,747,17,2451,2054,1247,668,315
2019,3,A,골목상권,1000905,도산대로15길,12413,6807,5606,22,3346,3822,2597,1488,1138,6,1207,2077,1689,999,829,16,2139,1745,908,489,309
2019,3,A,골목상권,1000904,도곡로37길,27418,16462,10956,107,6252,8048,6730,4340,1941,43,2769,4814,4512,2860,1464,64,3483,3234,2218,1480,477
2019,3,A,골목상권,1000903,논현로8길,3770,2475,1295,3,457,917,835,839,719,3,230,635,549,548,510,0,227,282,286,291,209
2019,3,A,골목상권,1000902,논현로63길,32015,23227,8788,54,4536,8720,9006,7270,2429,20,2131,5684,7176,6266,1950,34,2405,3036,1830,1004,479
2019,3,A,골목상권,1000901,논현로28길,45634,23984,21650,185,7936,10659,13617,9776,3461,101,3804,6324,6703,4903,2149,84,4132,4335,6914,4873,1312
2019,3,A,골목상권,1000900,논현로26길,44511,22711,21800,185,7594,11610,13304,8562,3256,94,3700,7207,6237,3346,2127,91,3894,4403,7067,5216,1129
2019,3,A,골목상권,1000899,논현로159길,7485,3505,3980,10,1631,2151,1771,1167,755,2,560,1012,833,587,511,8,1071,1139,938,580,244
2019,3,A,골목상권,1000898,논현로139길,25238,14362,10876,68,6374,7890,5585,3127,2194,22,2378,4448,3722,2099,1693,46,3996,3442,1863,1028,501
2019,3,A,골목상권,1000897,논현로123길,9753,5955,3798,42,2268,2662,2156,1461,1164,27,1107,1646,1454,923,798,15,1161,1016,702,538,366
2019,3,A,골목상권,1000896,논현로115길,22705,14815,7890,91,5168,6849,5172,3461,1964,49,2502,4476,3816,2559,1413,42,2666,2373,1356,902,551
2019,3,A,골목상권,1000895,논현로10길,6728,3828,2900,10,887,1560,1669,1578,1024,4,402,952,925,794,751,6,485,608,744,784,273
2019,3,A,골목상권,1000894,논현로106길,14559,8201,6358,36,3096,4760,3411,1905,1351,12,1066,2732,2317,1153,921,24,2030,2028,1094,752,430
2019,3,A,골목상권,1000893,남부순환로365길,18776,11937,6839,58,3508,5241,4583,2968,2418,22,1403,3406,3413,2081,1612,36,2105,1835,1170,887,806
2019,3,A,골목상권,1000892,개포로82길,4987,3716,1271,2,713,1633,1263,815,561,0,428,1238,993,591,466,2,285,395,270,224,95
2019,3,A,골목상권,1000891,개포로28길,4647,2997,1650,15,830,1407,1120,785,490,7,425,899,754,509,403,8,405,508,366,276,87
2019,3,A,골목상권,1000890,개포로20길,17163,9905,7258,34,2419,4854,4611,3495,1750,13,1228,3087,2682,1658,1237,21,1191,1767,1929,1837,513
2019,3,A,골목상권,1000889,개포로17길,31977,13405,18572,121,4880,7459,10000,7084,2433,61,2356,4159,3356,1964,1509,60,2524,3300,6644,5120,924
2019,3,A,골목상권,1000888,강남대로140길,26412,13779,12633,61,6527,8524,5631,3539,2130,27,1940,4511,3653,2117,1531,34,4587,4013,1978,1422,599
2019,3,A,골목상권,1000887,강남대로136길,27582,15223,12359,53,6946,9360,6141,3329,1753,25,2379,5259,4169,2182,1209,28,4567,4101,1972,1147,544
2019,3,A,골목상권,1000886,강남대로118길,10119,6479,3640,65,2299,3011,2340,1462,942,46,1265,1998,1612,922,636,19,1034,1013,728,540,306
2019,3,A,골목상권,1000885,서초중앙로8길,21908,13370,8538,62,4326,6361,5527,3770,1862,15,1763,3844,3814,2549,1385,47,2563,2517,1713,1221,477
2019,3,A,골목상권,1000884,방배중앙로21길,12909,5920,6989,15,2089,3345,3964,2428,1068,6,665,1398,1894,1292,665,9,1424,1947,2070,1136,403
2019,3,A,골목상권,1000883,효령로72길,28079,21029,7050,70,4852,9562,7294,4585,1716,34,2708,7309,5946,3819,1213,36,2144,2253,1348,766,503
2019,3,A,골목상권,1000882,효령로34길,8829,5689,3140,15,1118,2758,2319,1519,1100,5,546,1600,1611,1089,838,10,572,1158,708,430,262
2019,3,A,골목상권,1000881,효령로31길,10652,7146,3506,54,2134,3234,2468,1613,1149,46,1222,2201,1783,1074,820,8,912,1033,685,539,329
2019,3,A,골목상권,1000880,효령로23길,13045,8684,4361,53,2547,3703,3078,2035,1629,41,1369,2475,2226,1355,1218,12,1178,1228,852,680,411
2019,3,A,골목상권,1000879,청두곶길,13110,6497,6613,21,2110,3710,3784,2413,1072,11,689,1717,1804,1492,784,10,1421,1993,1980,921,288
2019,3,A,골목상권,1000878,주흥길,4929,2734,2195,8,884,1442,1210,918,467,5,333,770,757,527,342,3,551,672,453,391,125
2019,3,A,골목상권,1000877,주흥15길,10699,5239,5460,26,2893,3482,2197,1325,776,11,802,1758,1383,763,522,15,2091,1724,814,562,254
2019,3,A,골목상권,1000876,언남길,18611,11765,6846,44,2425,5208,5063,3739,2132,25,1352,3536,3203,2104,1545,19,1073,1672,1860,1635,587
2019,3,A,골목상권,1000875,신반포로45길,10753,6415,4338,27,2095,3343,2715,1547,1026,13,815,2030,1918,959,680,14,1280,1313,797,588,346
2019,3,A,골목상권,1000874,서초대로8길,9023,4380,4643,24,1460,2163,2341,1816,1219,15,544,1044,1099,870,808,9,916,1119,1242,946,411
2019,3,A,골목상권,1000873,서초대로64길,20650,12891,7759,25,3403,6444,5728,3918,1132,15,1776,4156,3683,2452,809,10,1627,2288,2045,1466,323
2019,3,A,골목상권,1000872,서초대로4길,11174,5079,6095,18,1933,2823,2802,2161,1437,10,654,1233,1285,1018,879,8,1279,1590,1517,1143,558
2019,3,A,골목상권,1000871,서초대로25길,21807,14793,7014,84,4381,6615,4905,3693,2129,41,2040,4333,3735,2915,1729,43,2341,2282,1170,778,400
2019,3,A,골목상권,1000870,서초대로23길,13211,8808,4403,33,2047,3288,3287,2779,1777,17,906,2009,2365,2103,1408,16,1141,1279,922,676,369
2019,3,A,골목상권,1000869,서초대로15길,9162,5644,3518,33,1470,2309,2193,1693,1464,19,646,1351,1399,1114,1115,14,824,958,794,579,349
2019,3,A,골목상권,1000868,사평대로57길,12049,6278,5771,27,3045,3854,2771,1610,742,13,933,1985,1812,1001,534,14,2112,1869,959,609,208
2019,3,A,골목상권,1000867,사평대로26길,10115,7115,3000,15,1368,2820,2726,2036,1150,6,700,1963,2079,1545,822,9,668,857,647,491,328
2019,3,A,골목상권,1000866,사평대로22길,14502,10889,3613,21,1600,3974,3844,3524,1539,11,873,2888,3131,2886,1100,10,727,1086,713,638,439
2019,3,A,골목상권,1000865,사임당로17길,18186,10158,8028,34,3205,5697,4593,3326,1331,22,1297,3219,2745,1907,968,12,1908,2478,1848,1419,363
2019,3,A,골목상권,1000864,방배로42길,16445,10082,6363,44,3413,4842,4019,2823,1304,14,1197,2937,2860,2041,1033,30,2216,1905,1159,782,271
2019,3,A,골목상권,1000863,방배로35길,12497,8267,4230,42,2309,3407,2736,2501,1502,7,845,2140,2074,1970,1231,35,1464,1267,662,531,271
2019,3,A,골목상권,1000862,방배로18길,13590,9838,3752,49,2494,3876,3329,2787,1055,38,1374,2657,2630,2338,801,11,1120,1219,699,449,254
2019,3,A,골목상권,1000861,반포대로9길,14975,11362,3613,9,1484,4657,4333,2960,1532,4,821,3597,3603,2356,981,5,663,1060,730,604,551
2019,3,A,골목상권,1000860,바우뫼로39길,41106,20067,21039,326,8697,9758,11173,7568,3584,162,4186,5771,4703,2765,2480,164,4511,3987,6470,4803,1104
2019,3,A,골목상권,1000859,마방로2길,12733,8561,4172,28,1835,3351,3106,2681,1732,17,982,2281,2248,1807,1226,11,853,1070,858,874,506
2019,3,A,골목상권,1000858,방배천로4안길,6983,3566,3417,2,1191,1882,1810,1266,832,0,397,844,961,752,612,2,794,1038,849,514,220
2019,3,A,골목상권,1000857,동산로19길,18090,10602,7488,45,2328,4777,4910,3852,2178,25,1222,3077,2877,1903,1498,20,1106,1700,2033,1949,680
2019,3,A,골목상권,1000856,동산로10길,9596,6055,3541,33,1462,2847,2358,1800,1096,22,792,1814,1478,1157,792,11,670,1033,880,643,304
2019,3,A,골목상권,1000855,동광로39길,16028,11533,4495,23,1974,4603,4356,3596,1476,12,1019,3162,3410,2858,1072,11,955,1441,946,738,404
2019,3,A,골목상권,1000854,동광로1길,15047,6360,8687,35,2807,3704,4303,2863,1335,26,832,1544,1891,1337,730,9,1975,2160,2412,1526,605
2019,3,A,골목상권,1000853,동광로12길,16774,8164,8610,41,2498,4036,4876,3255,2068,21,861,1820,2455,1704,1303,20,1637,2216,2421,1551,765
2019,3,A,골목상권,1000852,논현로27길,46436,23315,23121,308,9185,11845,13022,8763,3313,149,4486,7159,5801,3327,2393,159,4699,4686,7221,5436,920
2019,3,A,골목상권,1000851,논현로1길,10695,6765,3930,53,1851,3105,2549,1968,1169,39,1115,2063,1554,1171,823,14,736,1042,995,797,346
2019,3,A,골목상권,1000850,남부순환로339길,11863,6444,5419,24,2352,3574,2742,2033,1138,5,950,2173,1754,964,598,19,1402,1401,988,1069,540
2019,3,A,골목상권,1000849,남부순환로325길,23106,13802,9304,31,3565,7258,5382,4292,2578,20,1701,4023,3359,2842,1857,11,1864,3235,2023,1450,721
2019,3,A,골목상권,1000848,남부순환로317길,20952,13375,7577,15,2534,6903,5532,3794,2174,8,1153,4139,3904,2614,1557,7,1381,2764,1628,1180,617
2019,3,A,골목상권,1000847,고무래로8길,16992,11435,5557,49,1779,4153,4875,3951,2185,19,771,2653,3587,2892,1513,30,1008,1500,1288,1059,672
2019,3,A,골목상권,1000846,강남대로8길,85264,76488,8776,31,7910,17382,22787,33801,3353,15,6276,14786,20286,32181,2944,16,1634,2596,2501,1620,409
2019,3,A,골목상권,1000845,강남대로34길,22589,14461,8128,75,4683,6712,4977,3294,2848,27,2072,4511,3700,2176,1975,48,2611,2201,1277,1118,873
2019,3,A,골목상권,1000844,강남대로23길,19777,12359,7418,210,5310,6004,4187,2601,1465,105,2633,3952,3043,1639,987,105,2677,2052,1144,962,478
2019,3,A,골목상권,1000843,소담길,1124,583,541,0,155,286,293,218,172,0,47,146,137,125,128,0,108,140,156,93,44
2019,3,A,골목상권,1000842,원신길,727,377,350,3,79,196,205,158,86,1,22,94,129,69,62,2,57,102,76,89,24
2019,3,A,골목상권,1000841,양지길,402,168,234,2,41,76,119,98,66,1,10,19,58,43,37,1,31,57,61,55,29
2019,3,A,골목상권,1000840,양산길,729,374,355,2,108,133,199,191,96,1,54,67,121,92,39,1,54,66,78,99,57
2019,3,A,골목상권,1000839,호암로24길,2532,1846,686,4,408,671,767,447,235,2,261,500,591,334,158,2,147,171,176,113,77
2019,3,A,골목상권,1000838,호암로20길,2140,1606,534,3,328,609,637,369,194,1,211,450,524,278,142,2,117,159,113,91,52
2019,3,A,골목상권,1000837,행운길,5569,3260,2309,9,731,1326,1307,1153,1043,4,333,797,773,626,727,5,398,529,534,527,316
2019,3,A,골목상권,1000836,행운1길,2967,1557,1410,10,424,619,762,680,472,4,155,317,408,361,312,6,269,302,354,319,160
2019,3,A,골목상권,1000835,청림3길,3413,1832,1581,8,489,998,1068,591,259,7,210,573,583,283,176,1,279,425,485,308,83
2019,3,A,골목상권,1000834,청룡길,3280,1614,1666,14,514,826,789,561,576,6,134,355,420,344,355,8,380,471,369,217,221
2019,3,A,골목상권,1000833,청룡8길,2508,1207,1301,3,302,553,551,537,562,3,99,294,268,266,277,0,203,259,283,271,285
2019,3,A,골목상권,1000832,중앙길,2016,995,1021,10,258,382,514,468,384,6,84,180,265,253,207,4,174,202,249,215,177
2019,3,A,골목상권,1000831,조원중앙로2길,5980,4243,1737,7,499,1085,1171,1151,2067,4,268,716,749,709,1797,3,231,369,422,442,270
2019,3,A,골목상권,1000830,조원로18길,5926,4561,1365,5,560,1260,1403,1062,1636,2,257,915,1098,788,1501,3,303,345,305,274,135
2019,3,A,골목상권,1000829,조원로10길,17980,10118,7862,39,3564,6331,4715,2087,1244,16,1429,3664,2907,1224,878,23,2135,2667,1808,863,366
2019,3,A,골목상권,1000828,장군봉2길,2466,1336,1130,4,301,537,479,538,607,1,111,290,252,292,390,3,190,247,227,246,217
2019,3,A,골목상권,1000827,장군봉1길,2745,1382,1363,3,333,598,601,586,624,3,122,325,299,311,322,0,211,273,302,275,302
2019,3,A,골목상권,1000826,인헌길,1959,1087,872,3,292,477,546,423,218,2,148,280,298,205,154,1,144,197,248,218,64
2019,3,A,골목상권,1000825,은천로25길,817,382,435,0,119,194,241,160,103,0,42,98,104,76,62,0,77,96,137,84,41
2019,3,A,골목상권,1000824,양녕로6길,2490,1262,1228,11,277,443,573,559,627,7,91,220,303,317,324,4,186,223,270,242,303
2019,3,A,골목상권,1000823,신원로3길,2499,1069,1430,9,557,558,473,474,428,4,195,221,240,204,205,5,362,337,233,270,223
2019,3,A,골목상권,1000822,신사로20길,3363,2267,1096,0,519,898,1023,653,270,0,228,629,785,454,171,0,291,269,238,199,99
2019,3,A,골목상권,1000821,신림로65길,3331,1514,1817,7,668,663,656,604,733,3,206,274,315,264,452,4,462,389,341,340,281
2019,3,A,골목상권,1000820,신림로64길,2309,943,1366,5,530,543,484,423,324,3,147,212,225,167,189,2,383,331,259,256,135
2019,3,A,골목상권,1000819,신림로48길,786,437,349,0,68,157,183,183,195,0,25,79,95,85,153,0,43,78,88,98,42
2019,3,A,골목상권,1000818,신림로38길,1469,928,541,0,129,263,368,376,333,0,58,138,216,254,262,0,71,125,152,122,71
2019,3,A,골목상권,1000817,신림로28길,2832,2034,798,4,389,648,801,586,404,2,254,479,594,418,287,2,135,169,207,168,117
2019,3,A,골목상권,1000816,신림로11길,2680,1853,827,1,416,770,738,501,254,0,243,513,544,360,193,1,173,257,194,141,61
2019,3,A,골목상권,1000815,신림동길,3501,1739,1762,5,633,677,718,664,804,3,194,297,355,344,546,2,439,380,363,320,258
2019,3,A,골목상권,1000814,승방길,3807,2469,1338,7,724,901,964,721,490,5,334,575,677,519,359,2,390,326,287,202,131
2019,3,A,골목상권,1000813,서림7길,1708,1051,657,2,188,315,427,414,362,1,93,182,257,259,259,1,95,133,170,155,103
2019,3,A,골목상권,1000812,봉천로33길,7532,3165,4367,8,1231,1782,1659,1735,1117,3,293,727,776,770,596,5,938,1055,883,965,521
2019,3,A,골목상권,1000811,봉천로13길,2149,1182,967,5,226,466,524,493,435,4,93,261,295,245,284,1,133,205,229,248,151
2019,3,A,골목상권,1000810,복은길,1794,1093,701,1,180,343,464,427,379,1,82,181,258,281,290,0,98,162,206,146,89
2019,3,A,골목상권,1000809,법원단지길,827,393,434,5,111,178,188,218,127,4,39,92,88,98,72,1,72,86,100,120,55
2019,3,A,골목상권,1000808,법원단지9길,947,511,436,6,104,200,226,267,144,5,32,107,123,152,92,1,72,93,103,115,52
2019,3,A,골목상권,1000807,미성5길,1478,719,759,18,167,268,326,377,322,16,65,140,160,150,188,2,102,128,166,227,134
2019,3,A,골목상권,1000806,대학길,2196,1683,513,1,339,600,641,397,218,0,221,467,521,313,161,1,118,133,120,84,57
2019,3,A,골목상권,1000805,대학14길,1117,644,473,0,140,303,307,216,151,0,45,162,204,122,111,0,95,141,103,94,40
2019,3,A,골목상권,1000804,당곡길,2870,1609,1261,7,337,634,772,588,532,5,140,365,444,298,357,2,197,269,328,290,175
2019,3,A,골목상권,1000803,남현길,3537,2297,1240,2,533,874,901,631,596,2,252,563,633,398,449,0,281,311,268,233,147
2019,3,A,골목상권,1000802,남현3길,6766,3909,2857,7,1303,1742,1709,1183,822,4,536,963,1029,755,622,3,767,779,680,428,200
2019,3,A,골목상권,1000801,남현2길,4016,2615,1401,5,585,958,1081,749,638,3,283,622,754,470,483,2,302,336,327,279,155
2019,3,A,골목상권,1000800,남부순환로248길,2154,1155,999,4,330,613,569,387,251,3,127,330,311,205,179,1,203,283,258,182,72
2019,3,A,골목상권,1000799,남부순환로234길,3074,1859,1215,4,431,694,748,670,527,0,177,396,447,425,414,4,254,298,301,245,113
2019,3,A,골목상권,1000798,남부순환로172길,2016,1192,824,4,210,462,466,523,351,3,113,282,266,303,225,1,97,180,200,220,126
2019,3,A,골목상권,1000797,남부순환로161길,4516,3110,1406,3,585,1208,1268,986,466,2,280,865,972,687,304,1,305,343,296,299,162
2019,3,A,골목상권,1000796,남부순환로151길,4960,3441,1519,7,663,1325,1435,1078,452,3,318,968,1121,731,300,4,345,357,314,347,152
2019,3,A,골목상권,1000795,남부순환로142길,4960,3467,1493,20,381,767,855,962,1975,17,197,445,502,570,1736,3,184,322,353,392,239
2019,3,A,골목상권,1000794,난향길,1946,948,998,1,442,487,403,303,310,0,121,241,187,147,252,1,321,246,216,156,58
2019,3,A,골목상권,1000793,난우길,1341,639,702,20,165,271,296,347,242,17,62,121,136,159,144,3,103,150,160,188,98
2019,3,A,골목상권,1000792,난곡로74길,4511,3556,955,7,683,1342,1423,777,279,5,421,1089,1230,619,192,2,262,253,193,158,87
2019,3,A,골목상권,1000791,난곡로34길,967,488,479,6,118,204,241,288,110,5,47,107,120,141,68,1,71,97,121,147,42
2019,3,A,골목상권,1000790,난곡로26길,1205,654,551,0,136,225,293,333,218,0,50,106,142,191,165,0,86,119,151,142,53
2019,3,A,골목상권,1000789,난곡로24길,1312,728,584,1,129,247,328,383,224,1,51,113,159,229,175,0,78,134,169,154,49
2019,3,A,골목상권,1000788,낙성대역길,5197,3075,2122,7,770,1307,1227,964,922,3,327,773,734,564,674,4,443,534,493,400,248
2019,3,A,골목상권,1000787,국회단지길,5486,2157,3329,7,963,1365,1186,1323,642,1,207,517,550,515,367,6,756,848,636,808,275
2019,3,A,골목상권,1000786,구암길,831,403,428,1,111,181,240,206,92,1,41,89,109,104,59,0,70,92,131,102,33
2019,3,A,골목상권,1000785,관천로22길,4600,2514,2086,8,672,1129,1235,909,647,6,273,619,679,493,444,2,399,510,556,416,203
2019,3,A,골목상권,1000784,관천로15길,3932,2599,1333,3,637,1021,1177,790,304,3,278,703,877,542,196,0,359,318,300,248,108
2019,3,A,골목상권,1000783,관악로30길,2909,1444,1465,10,371,630,725,687,486,8,144,326,400,313,253,2,227,304,325,374,233
2019,3,A,골목상권,1000782,관악로28길,1891,807,1084,3,201,369,440,502,376,1,53,151,218,200,184,2,148,218,222,302,192
2019,3,A,골목상권,1000781,관악로14길,6542,3309,3233,23,1018,1671,1591,1411,828,6,337,706,829,866,565,17,681,965,762,545,263
2019,3,A,골목상권,1000780,관악로10길,6202,3748,2454,9,829,1600,1511,1540,713,3,411,924,900,1033,477,6,418,676,611,507,236
2019,3,A,골목상권,1000779,흑석로9길,698,356,342,0,115,136,174,163,110,0,49,71,88,76,72,0,66,65,86,87,38
2019,3,A,골목상권,1000778,흑석로13길,983,513,470,0,129,188,252,231,183,0,56,97,126,114,120,0,73,91,126,117,63
2019,3,A,골목상권,1000777,장승배기로27길,6741,3867,2874,16,874,2182,1791,1269,609,7,410,1157,1059,841,393,9,464,1025,732,428,216
2019,3,A,골목상권,1000776,장승배기로19길,1775,914,861,2,176,379,454,479,285,1,78,184,222,259,170,1,98,195,232,220,115
2019,3,A,골목상권,1000775,장승배기로10길,3413,2145,1268,14,466,729,875,918,411,6,271,486,562,578,242,8,195,243,313,340,169
2019,3,A,골목상권,1000774,여의대방로46길,7717,4507,3210,14,1363,2427,1929,1223,761,5,556,1503,1249,752,442,9,807,924,680,471,319
2019,3,A,골목상권,1000773,여의대방로24길,19681,12377,7304,38,3729,4075,3301,4433,4105,18,2736,3190,2122,2187,2124,20,993,885,1179,2246,1981
2019,3,A,골목상권,1000772,여의대방로22카길,18024,11520,6504,25,3426,3736,3002,4070,3765,12,2643,2997,1953,1952,1963,13,783,739,1049,2118,1802
2019,3,A,골목상권,1000771,여의대방로22나길,17606,11183,6423,35,3393,3529,2806,3983,3860,18,2627,2863,1800,1914,1961,17,766,666,1006,2069,1899
2019,3,A,골목상권,1000770,여의대방로22길,17909,11394,6515,34,3439,3610,2908,4038,3880,18,2667,2912,1882,1949,1966,16,772,698,1026,2089,1914
2019,3,A,골목상권,1000769,양녕로26길,1652,1153,499,3,159,390,444,507,149,2,79,257,306,395,114,1,80,133,138,112,35
2019,3,A,골목상권,1000768,신대방길,7354,4580,2774,24,1586,2021,1819,1210,694,17,718,1352,1258,745,490,7,868,669,561,465,204
2019,3,A,골목상권,1000767,성대로29길,1699,789,910,0,195,326,399,421,358,0,85,160,187,187,170,0,110,166,212,234,188
2019,3,A,골목상권,1000766,성대로1길,1440,636,804,0,132,267,355,358,328,0,51,129,166,136,154,0,81,138,189,222,174
2019,3,A,골목상권,1000765,서달로8가길,475,196,279,1,61,72,121,126,94,1,13,31,51,48,52,0,48,41,70,78,42
2019,3,A,골목상권,1000764,서달로15길,689,340,349,0,74,116,196,166,137,0,20,48,96,80,96,0,54,68,100,86,41
2019,3,A,골목상권,1000763,서달로14길,758,411,347,1,87,151,203,167,149,1,33,82,104,86,105,0,54,69,99,81,44
2019,3,A,골목상권,1000762,서달로10길,663,387,276,1,84,148,158,155,117,1,50,99,89,83,65,0,34,49,69,72,52
2019,3,A,골목상권,1000761,상도로62길,1876,909,967,1,327,435,405,422,286,0,105,216,235,187,166,1,222,219,170,235,120
2019,3,A,골목상권,1000760,상도로61길,3185,1684,1501,2,516,920,937,562,248,1,199,521,534,263,166,1,317,399,403,299,82
2019,3,A,골목상권,1000759,상도로47길,2701,1283,1418,3,385,699,698,570,346,2,141,351,353,257,179,1,244,348,345,313,167
2019,3,A,골목상권,1000758,상도로37길,2367,1135,1232,4,370,631,580,483,299,2,131,327,290,226,159,2,239,304,290,257,140
2019,3,A,골목상권,1000757,상도로15길,1998,920,1078,1,273,386,480,457,401,0,117,180,214,207,202,1,156,206,266,250,199
2019,3,A,골목상권,1000756,사당로8길,3286,2034,1252,2,409,803,884,728,460,1,221,534,501,428,349,1,188,269,383,300,111
2019,3,A,골목상권,1000755,사당로30길,4778,2722,2056,2,683,1284,1292,952,565,0,233,646,806,642,395,2,450,638,486,310,170
2019,3,A,골목상권,1000754,사당로2차길,2179,1452,727,0,229,578,490,504,378,0,128,394,314,328,288,0,101,184,176,176,90
2019,3,A,골목상권,1000753,사당로29길,2526,1239,1287,4,391,646,695,461,329,1,114,298,350,257,219,3,277,348,345,204,110
2019,3,A,골목상권,1000752,사당로26길,3024,1706,1318,1,370,675,873,638,467,0,132,323,497,405,349,1,238,352,376,233,118
2019,3,A,골목상권,1000751,사당로23나길,845,394,451,1,160,192,220,161,111,1,46,95,95,90,67,0,114,97,125,71,44
2019,3,A,골목상권,1000750,사당로23길,13107,4362,8745,0,3494,4255,3168,1751,439,0,669,1303,1065,1024,301,0,2825,2952,2103,727,138
2019,3,A,골목상권,1000749,사당로20길,2201,1335,866,1,214,349,501,446,690,0,82,195,292,278,488,1,132,154,209,168,202
2019,3,A,골목상권,1000748,사당로16길,2679,1519,1160,1,262,429,635,558,794,0,124,215,314,300,566,1,138,214,321,258,228
2019,3,A,골목상권,1000747,사당로16가길,2588,1425,1163,1,253,452,609,535,738,0,106,231,291,287,510,1,147,221,318,248,228
2019,3,A,골목상권,1000746,만양로8길,4532,2761,1771,17,605,950,1186,1160,614,9,356,615,751,669,361,8,249,335,435,491,253
2019,3,A,골목상권,1000745,만양로14길,2069,1080,989,5,239,516,556,412,341,2,98,264,318,195,203,3,141,252,238,217,138
2019,3,A,골목상권,1000744,등용로14길,7740,4661,3079,18,1051,2531,2103,1397,640,6,528,1442,1290,959,436,12,523,1089,813,438,204
2019,3,A,골목상권,1000743,동작대로7길,7677,4249,3428,7,1331,2042,1982,1349,966,3,452,1061,1148,861,724,4,879,981,834,488,242
2019,3,A,골목상권,1000742,동작대로35길,10868,4646,6222,13,1745,2921,3556,1971,662,5,527,1181,1615,975,343,8,1218,1740,1941,996,319
2019,3,A,골목상권,1000741,동작대로33길,11983,5014,6969,15,1964,3143,3698,2176,987,6,590,1272,1667,1009,470,9,1374,1871,2031,1167,517
2019,3,A,골목상권,1000740,동작대로29길,1281,639,642,6,221,337,355,218,144,3,74,192,182,109,79,3,147,145,173,109,65
2019,3,A,골목상권,1000739,동작대로17길,5580,3085,2495,13,816,1303,1389,1063,996,7,276,661,804,643,694,6,540,642,585,420,302
2019,3,A,골목상권,1000738,대방동2길,16869,10771,6098,23,3325,3535,2673,3821,3492,11,2578,2858,1738,1800,1786,12,747,677,935,2021,1706
2019,3,A,골목상권,1000737,대방동27길,6330,4252,2078,9,1046,1453,1303,1796,723,3,563,985,882,1323,496,6,483,468,421,473,227
2019,3,A,골목상권,1000736,노량진로6길,6312,3608,2704,9,774,2030,1748,1208,543,3,366,1049,1017,812,361,6,408,981,731,396,182
2019,3,A,골목상권,1000735,국사봉길,1454,817,637,0,145,333,397,384,195,0,68,187,238,193,131,0,77,146,159,191,64
2019,3,A,골목상권,1000734,국사봉2길,16541,10676,5865,23,3242,3409,2609,3796,3462,11,2562,2811,1729,1786,1777,12,680,598,880,2010,1685
2019,3,A,골목상권,1000733,국사봉1길,1828,927,901,0,161,378,434,471,384,0,67,218,253,201,188,0,94,160,181,270,196
2019,3,A,골목상권,1000732,영신로9길,2662,1667,995,25,502,478,523,563,571,11,232,320,356,353,395,14,270,158,167,210,176
2019,3,A,골목상권,1000731,영등포로84길,4371,2067,2304,4,863,1167,926,826,585,0,268,634,498,371,296,4,595,533,428,455,289
2019,3,A,골목상권,1000730,영등포로80길,4075,1935,2140,4,680,911,943,894,643,0,197,473,504,421,340,4,483,438,439,473,303
2019,3,A,골목상권,1000729,영등포로62길,1640,874,766,0,195,311,418,398,318,0,93,155,226,199,201,0,102,156,192,199,117
2019,3,A,골목상권,1000728,영등포로35길,4816,2883,1933,14,536,1054,1210,1063,939,3,209,621,802,664,584,11,327,433,408,399,355
2019,3,A,골목상권,1000727,영등포로27길,7457,4351,3106,33,1132,1884,1852,1417,1139,16,482,1028,1163,879,783,17,650,856,689,538,356
2019,3,A,골목상권,1000726,영등포로25길,9035,5218,3817,34,1231,2210,2234,1927,1399,23,552,1102,1310,1228,1003,11,679,1108,924,699,396
2019,3,A,골목상권,1000725,여의대방로61길,3778,1851,1927,7,816,1086,849,549,471,1,258,573,455,292,272,6,558,513,394,257,199
2019,3,A,골목상권,1000724,여의대방로43나길,5861,4249,1612,4,861,1233,1148,1831,784,2,570,928,833,1383,533,2,291,305,315,448,251
2019,3,A,골목상권,1000723,여의대방로39길,4921,3547,1374,7,874,1171,996,1432,441,2,518,859,739,1120,309,5,356,312,257,312,132
2019,3,A,골목상권,1000722,여의대방로35길,3426,2054,1372,17,501,705,762,717,724,9,217,455,462,441,470,8,284,250,300,276,254
2019,3,A,골목상권,1000721,양평로28길,4368,2776,1592,12,511,958,1129,1108,650,8,268,613,680,688,519,4,243,345,449,420,131
2019,3,A,골목상권,1000720,양평로22라길,4280,2580,1700,9,561,1024,1153,1031,502,7,257,597,705,620,394,2,304,427,448,411,108
2019,3,A,골목상권,1000719,양평로19길,13383,7393,5990,35,2409,3915,3772,2006,1246,15,993,2362,2095,1052,876,20,1416,1553,1677,954,370
2019,3,A,골목상권,1000718,신길로60길,2210,1243,967,4,232,520,527,512,415,1,104,235,272,294,337,3,128,285,255,218,78
2019,3,A,골목상권,1000717,신길로42길,2220,1289,931,0,268,434,477,533,508,0,136,259,279,276,339,0,132,175,198,257,169
2019,3,A,골목상권,1000716,신길로42가길,2756,1550,1206,1,266,593,600,638,658,0,112,289,304,356,489,1,154,304,296,282,169
2019,3,A,골목상권,1000715,신길로39길,1789,1010,779,2,149,324,390,462,462,2,58,171,216,241,322,0,91,153,174,221,140
2019,3,A,골목상권,1000714,신길로17길,2354,1284,1070,17,271,530,697,544,295,8,125,315,350,294,192,9,146,215,347,250,103
2019,3,A,골목상권,1000713,선유서로28길,8413,5175,3238,33,1557,2037,2011,1594,1181,17,793,1324,1205,929,907,16,764,713,806,665,274
2019,3,A,골목상권,1000712,선유서로25길,5355,3999,1356,17,612,1294,1286,1062,1084,11,372,982,984,773,877,6,240,312,302,289,207
2019,3,A,골목상권,1000711,선유서로24길,22479,11969,10510,93,5232,5595,4877,4465,2217,37,2307,3889,2579,1489,1668,56,2925,1706,2298,2976,549
2019,3,A,골목상권,1000710,선유로55길,11415,6048,5367,29,2140,3350,3254,1637,1005,13,798,1935,1775,824,703,16,1342,1415,1479,813,302
2019,3,A,골목상권,1000709,디지털로74길,3461,1607,1854,9,723,836,888,678,327,6,201,396,419,365,220,3,522,440,469,313,107
2019,3,A,골목상권,1000708,디지털로57길,3063,1700,1363,7,440,545,666,748,657,3,154,288,366,441,448,4,286,257,300,307,209
2019,3,A,골목상권,1000707,디지털로37길,3199,1744,1455,6,485,642,705,738,623,3,183,342,384,406,426,3,302,300,321,332,197
2019,3,A,골목상권,1000706,도신로62길,2270,1224,1046,0,282,567,481,549,391,0,128,331,290,274,201,0,154,236,191,275,190
2019,3,A,골목상권,1000705,도신로60길,1396,776,620,0,192,382,320,279,223,0,93,206,175,167,135,0,99,176,145,112,88
2019,3,A,골목상권,1000704,도신로29길,2066,1362,704,4,228,484,557,433,360,2,99,331,387,286,257,2,129,153,170,147,103
2019,3,A,골목상권,1000703,도신로15길,3086,1983,1103,5,440,573,698,678,692,3,212,342,382,481,563,2,228,231,316,197,129
2019,3,A,골목상권,1000702,도림천로21길,17407,10208,7199,47,3705,6293,4352,1855,1155,22,1574,3805,2821,1184,802,25,2131,2488,1531,671,353
2019,3,A,골목상권,1000701,도림로63길,1332,884,448,7,198,274,304,315,234,2,109,179,211,196,187,5,89,95,93,119,47
2019,3,A,골목상권,1000700,도림로147길,8225,4639,3586,16,1219,1909,2010,2099,972,7,606,1186,1238,1031,571,9,613,723,772,1068,401
2019,3,A,골목상권,1000699,도림로112길,2449,1706,743,6,259,518,624,556,486,4,123,361,445,395,378,2,136,157,179,161,108
2019,3,A,골목상권,1000698,대림로8길,4740,2360,2380,5,1176,1364,994,742,459,5,388,731,558,391,287,0,788,633,436,351,172
2019,3,A,골목상권,1000697,대림로7길,4992,2804,2188,14,937,1534,1247,785,475,7,418,926,674,465,314,7,519,608,573,320,161
2019,3,A,골목상권,1000696,대림로44길,8512,4444,4068,19,848,1646,2153,2305,1541,12,529,1065,1157,855,826,7,319,581,996,1450,715
2019,3,A,골목상권,1000695,대림로34길,4611,3212,1399,22,524,1109,1234,951,771,8,300,785,914,637,568,14,224,324,320,314,203
2019,3,A,골목상권,1000694,대림로31길,12608,8744,3864,23,1445,3035,2976,2675,2454,11,1029,2458,2288,1583,1375,12,416,577,688,1092,1079
2019,3,A,골목상권,1000693,대림로29길,4098,2329,1769,6,571,836,956,988,741,2,228,463,558,574,504,4,343,373,398,414,237
2019,3,A,골목상권,1000692,대림로22길,3006,1594,1412,11,507,597,651,682,558,3,162,309,343,388,389,8,345,288,308,294,169
2019,3,A,골목상권,1000691,당산로46길,10918,7319,3599,22,1229,2468,2923,2790,1486,9,587,1648,2088,1925,1062,13,642,820,835,865,424
2019,3,A,골목상권,1000690,당산로38길,9714,6175,3539,27,1662,2824,2191,2012,998,7,754,1758,1536,1376,744,20,908,1066,655,636,254
2019,3,A,골목상권,1000689,당산로37길,17655,10007,7648,44,3300,5443,4556,2971,1341,14,1301,3136,2698,1900,958,30,1999,2307,1858,1071,383
2019,3,A,골목상권,1000688,당산로31길,16080,9043,7037,38,2703,3926,3199,3624,2590,13,1285,2220,1931,2064,1530,25,1418,1706,1268,1560,1060
2019,3,A,골목상권,1000687,국회대로56길,7396,4375,3021,13,1438,1706,1722,1453,1064,8,472,964,1146,989,796,5,966,742,576,464,268
2019,3,A,골목상권,1000686,경인로90길,8824,5515,3309,38,1736,2619,2320,1375,736,8,719,1530,1610,1051,597,30,1017,1089,710,324,139
2019,3,A,골목상권,1000685,경인로80길,8214,5256,2958,16,1508,2283,2165,1351,891,6,635,1376,1504,1011,724,10,873,907,661,340,167
2019,3,A,골목상권,1000684,경인로77길,9616,5772,3844,21,1755,2800,2617,1568,855,8,686,1577,1734,1092,675,13,1069,1223,883,476,180
2019,3,A,골목상권,1000683,가마산로61길,1074,605,469,0,89,256,286,262,181,0,32,136,150,158,129,0,57,120,136,104,52
2019,3,A,골목상권,1000682,시흥대로94길,3639,2395,1244,7,352,600,692,910,1078,3,187,328,393,548,936,4,165,272,299,362,142
2019,3,A,골목상권,1000681,시흥대로84길,2535,1634,901,6,259,493,521,524,732,6,157,295,282,253,641,0,102,198,239,271,91
2019,3,A,골목상권,1000680,시흥대로68길,4174,2360,1814,15,908,1045,735,650,821,9,405,565,353,311,717,6,503,480,382,339,104
2019,3,A,골목상권,1000679,시흥대로63길,5201,2592,2609,12,991,1479,1104,1077,538,6,420,677,508,622,359,6,571,802,596,455,179
2019,3,A,골목상권,1000678,시흥대로62가길,2092,959,1133,5,327,393,488,525,354,5,127,197,219,211,200,0,200,196,269,314,154
2019,3,A,골목상권,1000677,시흥대로36길,7357,4210,3147,8,549,1109,1742,1983,1966,2,264,710,980,1065,1189,6,285,399,762,918,777
2019,3,A,골목상권,1000676,시흥대로22길,7864,4751,3113,8,543,1106,1839,2115,2253,2,277,728,1074,1198,1472,6,266,378,765,917,781
2019,3,A,골목상권,1000675,시흥대로153길,3302,1746,1556,10,386,597,720,639,950,3,183,346,422,351,441,7,203,251,298,288,509
2019,3,A,골목상권,1000674,시흥대로150길,2651,1573,1078,4,289,576,721,659,402,0,141,321,415,390,306,4,148,255,306,269,96
2019,3,A,골목상권,1000673,시흥대로141길,3100,1893,1207,5,444,686,748,706,511,0,219,411,452,424,387,5,225,275,296,282,124
2019,3,A,골목상권,1000672,시흥대로138길,1917,1165,752,2,236,390,506,483,300,2,141,226,310,274,212,0,95,164,196,209,88
2019,3,A,골목상권,1000671,시흥대로120길,2877,1943,934,7,341,568,683,717,561,5,198,350,451,486,453,2,143,218,232,231,108
2019,3,A,골목상권,1000670,벚꽃로56길,57475,35620,21855,837,14443,16782,12962,7380,5071,407,7174,10807,9041,4589,3602,430,7269,5975,3921,2791,1469
2019,3,A,골목상권,1000669,범안로17길,9202,5914,3288,26,606,1159,1420,1810,4181,23,377,760,914,1110,2730,3,229,399,506,700,1451
2019,3,A,골목상권,1000668,범안로11길,24684,16820,7864,67,3091,5981,5696,4390,5459,51,1847,4150,4132,2957,3683,16,1244,1831,1564,1433,1776
2019,3,A,골목상권,1000667,문성로5길,4652,3245,1407,3,271,726,851,845,1956,3,150,398,501,470,1723,0,121,328,350,375,233
2019,3,A,골목상권,1000666,독산로85길,1548,986,562,2,212,380,391,345,218,2,131,268,246,189,150,0,81,112,145,156,68
2019,3,A,골목상권,1000665,독산로78다길,1514,948,566,2,225,380,355,307,245,2,143,270,215,159,159,0,82,110,140,148,86
2019,3,A,골목상권,1000664,독산로70길,1765,1104,661,1,208,334,373,463,386,0,117,198,206,290,293,1,91,136,167,173,93
2019,3,A,골목상권,1000663,독산로64길,1616,909,707,1,177,285,352,471,330,0,98,112,154,282,263,1,79,173,198,189,67
2019,3,A,골목상권,1000662,독산로50길,977,610,367,7,145,202,304,229,90,5,87,141,182,127,68,2,58,61,122,102,22
2019,3,A,골목상권,1000661,독산로40길,1565,961,604,10,228,342,447,378,160,8,140,237,276,184,116,2,88,105,171,194,44
2019,3,A,골목상권,1000660,독산로108길,5283,3750,1533,3,363,952,972,1018,1975,3,203,569,608,628,1739,0,160,383,364,390,236
2019,3,A,골목상권,1000659,남부순환로112길,4036,2362,1674,19,516,894,922,694,991,14,266,553,604,437,488,5,250,341,318,257,503
2019,3,A,골목상권,1000658,금하로24길,1842,1050,792,12,217,390,444,443,336,12,118,223,219,250,228,0,99,167,225,193,108
2019,3,A,골목상권,1000657,금하로1길,1380,874,506,12,216,300,294,303,255,11,130,188,203,157,185,1,86,112,91,146,70
2019,3,A,골목상권,1000656,금하로14길,1455,693,762,0,124,234,370,398,329,0,36,113,175,189,180,0,88,121,195,209,149
2019,3,A,골목상권,1000655,가산로5길,9489,5285,4204,31,1457,2477,2344,1743,1437,23,772,1427,1388,921,754,8,685,1050,956,822,683
2019,3,A,골목상권,1000654,가산로3길,23142,15779,7363,68,3801,7093,6026,3994,2160,47,2150,4883,4490,2673,1536,21,1651,2210,1536,1321,624
2019,3,A,골목상권,1000653,중앙로1길,4432,2630,1802,3,477,924,1049,1095,884,3,247,491,520,629,740,0,230,433,529,466,144
2019,3,A,골목상권,1000652,중앙로15길,1990,1316,674,4,230,448,472,556,280,2,136,317,309,330,222,2,94,131,163,226,58
2019,3,A,골목상권,1000651,우마길,5058,3191,1867,26,821,1360,1333,880,638,17,407,861,880,561,465,9,414,499,453,319,173
2019,3,A,골목상권,1000650,오류로8길,3412,2181,1231,3,382,756,971,910,390,0,229,448,633,591,280,3,153,308,338,319,110
2019,3,A,골목상권,1000649,신도림로13길,4603,3433,1170,5,417,1502,1289,873,517,4,239,1133,1023,641,393,1,178,369,266,232,124
2019,3,A,골목상권,1000648,새말로18길,10262,5194,5068,37,1066,1936,2604,2721,1898,30,570,1151,1281,1089,1073,7,496,785,1323,1632,825
2019,3,A,골목상권,1000647,부일로1길,2510,1740,770,22,225,479,574,725,485,22,144,292,367,502,413,0,81,187,207,223,72
2019,3,A,골목상권,1000646,부일로15길,1369,834,535,0,132,260,344,364,269,0,62,144,204,235,189,0,70,116,140,129,80
2019,3,A,골목상권,1000645,부일로11길,1736,1074,662,0,194,345,440,457,300,0,92,205,261,312,204,0,102,140,179,145,96
2019,3,A,골목상권,1000644,디지털로32길,33210,19957,13253,76,6476,11907,8885,3868,1998,39,2936,7431,5720,2361,1470,37,3540,4476,3165,1507,528
2019,3,A,골목상권,1000643,디지털로32가길,32787,19823,12964,87,6306,11557,8707,3939,2191,48,2822,7177,5708,2439,1629,39,3484,4380,2999,1500,562
2019,3,A,골목상권,1000642,디지털로27길,28510,19539,8971,92,5763,9852,7053,3664,2086,63,3028,6913,5372,2524,1639,29,2735,2939,1681,1140,447
2019,3,A,골목상권,1000641,도림로6길,6586,4103,2483,27,1085,1910,1690,1020,854,18,509,1197,1104,649,626,9,576,713,586,371,228
2019,3,A,골목상권,1000640,도림로12길,5643,3828,1815,27,1093,1822,1436,784,481,20,635,1302,1046,500,325,7,458,520,390,284,156
2019,3,A,골목상권,1000639,남부순환로97길,6447,3655,2792,26,1085,1631,1407,1431,867,15,610,1086,745,651,548,11,475,545,662,780,319
2019,3,A,골목상권,1000638,구로중앙로8길,3214,1926,1288,2,299,613,856,887,557,0,141,352,487,555,391,2,158,261,369,332,166
2019,3,A,골목상권,1000637,구로중앙로7길,1798,1107,691,6,161,315,439,527,350,3,65,151,256,366,266,3,96,164,183,161,84
2019,3,A,골목상권,1000636,구로중앙로42길,8996,6446,2550,18,805,2371,2410,2008,1384,13,457,1737,1759,1434,1046,5,348,634,651,574,338
2019,3,A,골목상권,1000635,구로중앙로34길,3914,2287,1627,3,473,872,1026,916,624,0,211,504,620,541,411,3,262,368,406,375,213
2019,3,A,골목상권,1000634,구로중앙로28길,12917,8903,4014,12,1629,3211,3148,2719,2198,6,1078,2501,2343,1660,1315,6,551,710,805,1059,883
2019,3,A,골목상권,1000633,구로중앙로19길,4824,2726,2098,3,514,1325,1180,1192,610,1,228,703,651,795,348,2,286,622,529,397,262
2019,3,A,골목상권,1000632,구로동로8길,1777,922,855,9,207,302,420,416,423,6,89,149,185,215,278,3,118,153,235,201,145
2019,3,A,골목상권,1000631,구로동로7길,12781,8818,3963,51,2090,3689,3263,2050,1638,44,1157,2544,2435,1452,1186,7,933,1145,828,598,452
2019,3,A,골목상권,1000630,구로동로42길,5118,2589,2529,6,721,1260,1186,1245,700,1,247,555,568,793,425,5,474,705,618,452,275
2019,3,A,골목상권,1000629,구로동로41길,1287,615,672,0,129,214,294,350,300,0,55,90,154,157,159,0,74,124,140,193,141
2019,3,A,골목상권,1000628,구로동로38길,4396,2501,1895,3,487,1204,1043,1106,553,1,220,617,591,744,328,2,267,587,452,362,225
2019,3,A,골목상권,1000627,구로동로28길,4145,2368,1777,9,453,1188,1013,1001,481,3,189,606,544,706,320,6,264,582,469,295,161
2019,3,A,골목상권,1000626,구로동로15길,12442,8644,3798,52,2063,3649,3205,1988,1485,44,1135,2524,2419,1436,1086,8,928,1125,786,552,399
2019,3,A,골목상권,1000625,공원로6가길,11445,5899,5546,37,1258,2228,2973,2977,1972,29,687,1325,1548,1239,1071,8,571,903,1425,1738,901
2019,3,A,골목상권,1000624,고척로52길,5366,3884,1482,12,356,1163,1588,1799,448,11,180,828,1172,1377,316,1,176,335,416,422,132
2019,3,A,골목상권,1000623,고척로27다길,1318,740,578,1,147,304,302,339,225,0,70,145,153,192,180,1,77,159,149,147,45
2019,3,A,골목상권,1000622,고척로27길,1590,913,677,0,166,350,389,423,262,0,85,183,201,236,208,0,81,167,188,187,54
2019,3,A,골목상권,1000621,고척로21나길,2488,1503,985,5,272,493,548,635,535,4,136,290,328,348,397,1,136,203,220,287,138
2019,3,A,골목상권,1000620,경인로47길,3463,2253,1210,3,384,737,795,831,713,3,192,445,461,537,615,0,192,292,334,294,98
2019,3,A,골목상권,1000619,경인로35길,3243,1904,1339,14,261,654,877,848,589,11,121,371,501,467,433,3,140,283,376,381,156
2019,3,A,골목상권,1000618,경인로31길,1349,773,576,2,143,338,343,302,221,1,68,200,176,157,171,1,75,138,167,145,50
2019,3,A,골목상권,1000617,경인로15길,1979,1220,759,7,153,358,495,589,377,4,83,210,300,343,280,3,70,148,195,246,97
2019,3,A,골목상권,1000616,개봉로3길,1385,792,593,2,196,297,313,310,267,2,84,165,170,181,190,0,112,132,143,129,77
2019,3,A,골목상권,1000615,개봉로2길,5507,2892,2615,18,1031,1565,1209,1150,534,10,560,1029,606,423,264,8,471,536,603,727,270
2019,3,A,골목상권,1000614,개봉로23가길,7315,3759,3556,17,617,1303,1883,2199,1296,11,325,654,879,1043,847,6,292,649,1004,1156,449
2019,3,A,골목상권,1000613,개봉로20길,7036,3927,3109,26,1135,1781,1583,1581,930,17,635,1157,822,724,572,9,500,624,761,857,358
2019,3,A,골목상권,1000612,개봉로1길,1125,674,451,1,164,243,263,234,220,1,73,147,153,139,161,0,91,96,110,95,59
2019,3,A,골목상권,1000611,개봉로17다길,5328,2960,2368,24,1064,1428,1113,1083,616,18,593,947,546,435,421,6,471,481,567,648,195
2019,3,A,골목상권,1000610,개봉로17길,4544,2383,2161,21,1048,1356,926,849,344,15,583,902,420,265,198,6,465,454,506,584,146
2019,3,A,골목상권,1000609,개봉로11길,2920,1316,1604,11,408,543,691,822,445,10,208,287,261,281,269,1,200,256,430,541,176
2019,3,A,골목상권,1000608,화곡로64길,14195,8485,5710,37,2506,3701,3251,2947,1753,11,1041,2501,2287,1587,1058,26,1465,1200,964,1360,695
2019,3,A,골목상권,1000607,화곡로59길,13146,7810,5336,24,1570,3362,3218,3400,1572,7,747,2155,2074,1874,953,17,823,1207,1144,1526,619
2019,3,A,골목상권,1000606,화곡로44나길,6214,3993,2221,3,668,1580,1473,1535,955,2,291,925,945,1096,734,1,377,655,528,439,221
2019,3,A,골목상권,1000605,화곡로31길,4118,2087,2031,6,894,890,869,800,659,3,237,445,455,472,475,3,657,445,414,328,184
2019,3,A,골목상권,1000604,화곡로20길,2846,1566,1280,4,327,660,670,694,491,4,181,396,373,367,245,0,146,264,297,327,246
2019,3,A,골목상권,1000603,화곡로13길,2004,1109,895,3,206,456,560,530,249,3,111,269,288,268,170,0,95,187,272,262,79
2019,3,A,골목상권,1000602,초원로16길,2324,1253,1071,8,268,400,537,518,593,3,106,232,347,289,276,5,162,168,190,229,317
2019,3,A,골목상권,1000601,초록마을로8길,1876,1091,785,5,204,413,500,494,260,2,99,266,297,251,176,3,105,147,203,243,84
2019,3,A,골목상권,1000600,초록마을로3길,4376,2756,1620,3,915,1009,925,848,676,3,308,621,623,626,575,0,607,388,302,222,101
2019,3,A,골목상권,1000599,월정로20길,1929,1244,685,13,203,387,525,559,242,11,123,229,328,359,194,2,80,158,197,200,48
2019,3,A,골목상권,1000598,우장산로6길,1565,839,726,2,156,280,433,479,215,2,63,143,205,261,165,0,93,137,228,218,50
2019,3,A,골목상권,1000597,양천로73가길,4343,2966,1377,7,636,991,981,1003,725,5,396,651,626,692,596,2,240,340,355,311,129
2019,3,A,골목상권,1000596,양천로71길,4714,2937,1777,7,512,1000,1146,1244,805,6,251,592,669,773,646,1,261,408,477,471,159
2019,3,A,골목상권,1000595,양천로49길,6378,3772,2606,11,702,1492,1472,1591,1110,10,350,930,948,801,733,1,352,562,524,790,377
2019,3,A,골목상권,1000594,양천로26길,2408,1366,1042,9,510,629,483,492,285,2,183,332,293,327,229,7,327,297,190,165,56
2019,3,A,골목상권,1000593,양천로24길,2263,1364,899,3,258,490,553,605,354,2,152,311,328,329,242,1,106,179,225,276,112
2019,3,A,골목상권,1000592,양천로24가길,3415,2235,1180,6,348,655,978,915,513,2,200,401,682,580,370,4,148,254,296,335,143
2019,3,A,골목상권,1000591,양천로14길,3537,2332,1205,6,314,688,957,952,620,2,176,404,656,617,477,4,138,284,301,335,143
2019,3,A,골목상권,1000590,방화대로6라길,1662,1051,611,0,165,390,480,416,211,0,94,248,322,251,136,0,71,142,158,165,75
2019,3,A,골목상권,1000589,방화대로21길,2569,1400,1169,10,299,455,590,540,675,5,112,252,381,323,327,5,187,203,209,217,348
2019,3,A,골목상권,1000588,등촌로5길,2969,1367,1602,2,679,820,634,543,291,0,139,365,330,319,214,2,540,455,304,224,77
2019,3,A,골목상권,1000587,등촌로55길,2909,1850,1059,10,343,643,748,698,467,8,145,398,460,473,366,2,198,245,288,225,101
2019,3,A,골목상권,1000586,등촌로51길,2262,1385,877,5,252,454,523,589,439,4,98,244,313,386,340,1,154,210,210,203,99
2019,3,A,골목상권,1000585,등촌로39길,3771,2103,1668,4,469,780,922,971,625,3,228,395,559,582,336,1,241,385,363,389,289
2019,3,A,골목상권,1000584,등촌로13길,1278,746,532,2,97,259,335,346,239,0,36,167,173,201,169,2,61,92,162,145,70
2019,3,A,골목상권,1000583,남부순환로11길,1621,1147,474,0,147,348,411,406,309,0,80,216,278,303,270,0,67,132,133,103,39
2019,3,A,골목상권,1000582,까치산로4길,3174,1709,1465,17,503,812,858,677,307,12,208,460,465,386,178,5,295,352,393,291,129
2019,3,A,골목상권,1000581,국회대로7길,3617,1767,1850,4,760,873,769,753,458,2,227,419,412,406,301,2,533,454,357,347,157
2019,3,A,골목상권,1000580,공항대로8길,2283,1489,794,9,234,435,529,603,473,3,109,252,321,412,392,6,125,183,208,191,81
2019,3,A,골목상권,1000579,공항대로61길,5840,4057,1783,16,601,1150,1191,1211,1671,14,267,695,740,857,1484,2,334,455,451,354,187
2019,3,A,골목상권,1000578,공항대로59다길,6526,4062,2464,17,809,1521,1748,1611,820,13,347,885,1116,1071,630,4,462,636,632,540,190
2019,3,A,골목상권,1000577,공항대로59길,6250,4328,1922,20,771,1275,1211,1277,1696,16,346,792,772,892,1510,4,425,483,439,385,186
2019,3,A,골목상권,1000576,공항대로55길,10063,6402,3661,32,2097,2898,2409,1635,992,16,782,1852,1778,1195,779,16,1315,1046,631,440,213
2019,3,A,골목상권,1000575,공항대로42길,2726,1437,1289,6,335,529,583,595,678,5,122,286,339,294,391,1,213,243,244,301,287
2019,3,A,골목상권,1000574,공항대로38길,3562,1756,1806,16,852,747,644,632,671,8,285,376,387,314,386,8,567,371,257,318,285
2019,3,A,골목상권,1000573,곰달래로60길,4139,1802,2337,2,845,1072,932,858,430,1,194,443,461,424,279,1,651,629,471,434,151
2019,3,A,골목상권,1000572,곰달래로53길,1048,591,457,3,88,204,290,274,189,1,41,116,150,154,129,2,47,88,140,120,60
2019,3,A,골목상권,1000571,곰달래로47길,2054,1053,1001,4,214,586,615,435,200,2,104,297,286,239,125,2,110,289,329,196,75
2019,3,A,골목상권,1000570,곰달래로31길,2368,1344,1024,3,280,667,690,476,252,3,139,352,357,304,189,0,141,315,333,172,63
2019,3,A,골목상권,1000569,곰달래로25길,1599,840,759,2,182,324,446,428,217,2,83,159,217,218,161,0,99,165,229,210,56
2019,3,A,골목상권,1000568,개화동로25길,31997,16838,15159,2,5164,10932,8954,5984,961,2,1095,4448,5218,5271,804,0,4069,6484,3736,713,157
2019,3,A,골목상권,1000567,개화동로23길,32664,17061,15603,4,5260,11027,9034,6088,1251,4,1124,4496,5252,5317,868,0,4136,6531,3782,771,383
2019,3,A,골목상권,1000566,강서로8길,2680,1549,1131,6,341,624,710,674,325,6,185,378,403,344,233,0,156,246,307,330,92
2019,3,A,골목상권,1000565,강서로5라길,2427,1471,956,3,287,548,625,586,378,2,178,358,355,298,280,1,109,190,270,288,98
2019,3,A,골목상권,1000564,강서로5나길,2296,1512,784,11,241,462,626,654,302,9,150,284,404,428,237,2,91,178,222,226,65
2019,3,A,골목상권,1000563,강서로5가길,2161,1284,877,9,251,437,596,592,276,9,134,256,367,324,194,0,117,181,229,268,82
2019,3,A,골목상권,1000562,강서로47라길,1832,854,978,3,165,313,511,631,209,1,54,137,192,315,155,2,111,176,319,316,54
2019,3,A,골목상권,1000561,강서로47길,1897,832,1065,3,182,351,557,602,202,1,53,151,203,277,147,2,129,200,354,325,55
2019,3,A,골목상권,1000560,강서로45다길,5855,3622,2233,10,620,1269,1459,1481,1016,6,348,843,861,842,722,4,272,426,598,639,294
2019,3,A,골목상권,1000559,강서로45길,5297,3226,2071,12,589,1151,1318,1381,846,6,321,764,766,765,604,6,268,387,552,616,242
2019,3,A,골목상권,1000558,강서로35길,2484,1296,1188,3,300,560,602,583,436,2,122,315,305,289,263,1,178,245,297,294,173
2019,3,A,골목상권,1000557,강서로29길,3094,1432,1662,8,430,684,724,678,570,5,156,341,351,326,253,3,274,343,373,352,317
2019,3,A,골목상권,1000556,강서로18길,3425,2172,1253,3,356,895,929,855,387,2,197,524,535,603,311,1,159,371,394,252,76
2019,3,A,골목상권,1000555,강서로17가길,2316,1411,905,3,184,443,618,698,370,2,96,266,364,455,228,1,88,177,254,243,142
2019,3,A,골목상권,1000554,강서로15길,3429,2229,1200,13,289,592,902,1121,512,13,177,348,542,741,408,0,112,244,360,380,104
2019,3,A,골목상권,1000553,가로공원로80길,3330,2035,1295,6,315,682,804,907,616,5,160,419,491,613,347,1,155,263,313,294,269
2019,3,A,골목상권,1000552,가로공원로76가길,3422,2235,1187,6,263,604,884,1106,559,5,147,367,569,761,386,1,116,237,315,345,173
2019,3,A,골목상권,1000551,화곡로4길,1747,954,793,5,155,356,418,480,333,5,71,170,207,267,234,0,84,186,211,213,99
2019,3,A,골목상권,1000550,화곡로3길,1251,643,608,9,141,289,336,336,140,6,68,140,172,167,90,3,73,149,164,169,50
2019,3,A,골목상권,1000549,지양로7길,2787,1610,1177,2,244,350,463,729,999,2,141,217,288,432,530,0,103,133,175,297,469
2019,3,A,골목상권,1000548,중앙로55길,2694,1503,1191,10,302,574,707,731,370,10,159,351,370,356,257,0,143,223,337,375,113
2019,3,A,골목상권,1000547,중앙로51길,3131,1839,1292,13,309,549,843,766,651,10,165,314,419,419,512,3,144,235,424,347,139
2019,3,A,골목상권,1000546,중앙로47길,3953,2972,981,2,362,808,907,518,1356,1,160,476,671,370,1294,1,202,332,236,148,62
2019,3,A,골목상권,1000545,중앙로45길,3681,2722,959,5,259,428,650,670,1669,1,118,225,344,461,1573,4,141,203,306,209,96
2019,3,A,골목상권,1000544,중앙로36길,877,421,456,2,86,151,200,245,193,1,34,67,89,120,110,1,52,84,111,125,83
2019,3,A,골목상권,1000543,중앙로32길,9685,5589,4096,21,1665,2757,2572,1813,857,16,594,1651,1589,1147,592,5,1071,1106,983,666,265
2019,3,A,골목상권,1000542,중앙로25길,7070,4391,2679,21,883,1844,2109,1453,760,16,472,1184,1442,802,475,5,411,660,667,651,285
2019,3,A,골목상권,1000541,은행정로7길,2877,1298,1579,6,717,584,544,579,447,4,208,255,282,278,271,2,509,329,262,301,176
2019,3,A,골목상권,1000540,은행정로5길,1363,647,716,1,130,256,279,400,297,1,61,117,120,178,170,0,69,139,159,222,127
2019,3,A,골목상권,1000539,오목로5길,2214,1397,817,4,201,366,509,638,496,2,101,211,263,414,406,2,100,155,246,224,90
2019,3,A,골목상권,1000538,오목로3길,2529,1819,710,3,165,291,495,811,764,1,91,174,283,586,684,2,74,117,212,225,80
2019,3,A,골목상권,1000537,오목로30길,3177,1400,1777,7,716,579,629,663,583,6,205,263,306,293,327,1,511,316,323,370,256
2019,3,A,골목상권,1000536,오목로23길,3796,2006,1790,14,855,812,806,766,543,13,326,467,448,393,359,1,529,345,358,373,184
2019,3,A,골목상권,1000535,신월로20길,1716,1052,664,2,156,285,387,416,470,1,67,134,212,244,394,1,89,151,175,172,76
2019,3,A,골목상권,1000534,신월로15길,2597,1802,795,2,165,311,510,798,811,1,84,178,287,552,700,1,81,133,223,246,111
2019,3,A,골목상권,1000533,신목로6길,7112,4088,3024,27,1033,1846,1789,1656,761,17,472,1115,1072,884,528,10,561,731,717,772,233
2019,3,A,골목상권,1000532,신목로5길,11375,7572,3803,65,1539,3205,2766,2398,1402,50,894,2333,1859,1448,988,15,645,872,907,950,414
2019,3,A,골목상권,1000531,신목로2길,6261,3663,2598,26,898,1684,1589,1440,624,17,414,1054,970,768,440,9,484,630,619,672,184
2019,3,A,골목상권,1000530,목동중앙서로8가길,3906,1874,2032,3,781,1082,973,789,278,2,156,483,558,468,207,1,625,599,415,321,71
2019,3,A,골목상권,1000529,목동중앙서로7길,4466,2400,2066,4,841,1185,1052,948,436,1,226,601,634,595,343,3,615,584,418,353,93
2019,3,A,골목상권,1000528,목동중앙북로8길,5428,3101,2327,8,732,1200,1307,1341,840,5,329,650,793,831,493,3,403,550,514,510,347
2019,3,A,골목상권,1000527,목동중앙북로16길,4793,2804,1989,3,766,1181,1304,1094,445,2,393,596,830,686,297,1,373,585,474,408,148
2019,3,A,골목상권,1000526,목동중앙본로7길,1678,853,825,4,184,372,439,413,266,2,80,202,204,201,164,2,104,170,235,212,102
2019,3,A,골목상권,1000525,목동중앙로3길,2755,1310,1445,5,323,583,803,647,394,2,147,280,326,286,269,3,176,303,477,361,125
2019,3,A,골목상권,1000524,목동중앙로13나길,1457,850,607,5,186,436,388,270,172,3,78,227,237,200,105,2,108,209,151,70,67
2019,3,A,골목상권,1000523,목동중앙남로3가길,1828,981,847,1,198,447,465,456,261,0,86,261,229,227,178,1,112,186,236,229,83
2019,3,A,골목상권,1000522,목동로9길,3654,2078,1576,9,481,901,946,785,532,8,221,523,551,451,324,1,260,378,395,334,208
2019,3,A,골목상권,1000521,목동로19길,3566,1791,1775,7,489,866,893,781,530,6,159,427,463,414,322,1,330,439,430,367,208
2019,3,A,골목상권,1000520,목동동로8길,8127,5212,2915,17,997,2176,1984,1827,1126,7,524,1473,1317,1101,790,10,473,703,667,726,336
2019,3,A,골목상권,1000519,목동동로12길,14160,7959,6201,65,2547,4043,3619,2475,1411,52,1080,2398,2087,1366,976,13,1467,1645,1532,1109,435
2019,3,A,골목상권,1000518,목동남로4길,2102,1256,846,5,252,496,523,471,355,3,129,307,288,272,257,2,123,189,235,199,98
2019,3,A,골목상권,1000517,남부순환로88길,2340,1566,774,2,264,450,574,618,432,0,200,319,370,374,303,2,64,131,204,244,129
2019,3,A,골목상권,1000516,남부순환로79길,1921,1158,763,1,147,289,431,577,476,0,70,164,232,346,346,1,77,125,199,231,130
2019,3,A,골목상권,1000515,남부순환로70길,3321,2494,827,3,323,444,649,1016,886,2,183,292,447,773,797,1,140,152,202,243,89
2019,3,A,골목상권,1000514,남부순환로58길,1566,819,747,5,183,326,436,440,176,3,107,192,202,198,117,2,76,134,234,242,59
2019,3,A,골목상권,1000513,남부순환로40길,1611,1008,603,5,138,276,347,428,417,5,69,148,184,274,328,0,69,128,163,154,89
2019,3,A,골목상권,1000512,남부순환로33길,2498,1410,1088,4,233,528,581,677,475,4,131,304,325,375,271,0,102,224,256,302,204
2019,3,A,골목상권,1000511,곰달래로5길,2454,1339,1115,8,228,441,575,664,538,7,137,249,268,356,322,1,91,192,307,308,216
2019,3,A,골목상권,1000510,곰달래로3길,2368,1325,1043,4,226,438,649,748,303,3,134,244,322,409,213,1,92,194,327,339,90
2019,3,A,골목상권,1000509,곰달래로2길,2157,1431,726,8,244,371,513,688,333,4,148,247,328,451,253,4,96,124,185,237,80
2019,3,A,골목상권,1000508,곰달래로10길,2234,1425,809,10,252,408,522,690,352,8,144,257,310,448,258,2,108,151,212,242,94
2019,3,A,골목상권,1000507,가로공원로58길,992,630,362,5,83,156,209,291,248,5,36,72,112,195,210,0,47,84,97,96,38
2019,3,A,골목상권,1000506,효창원로93길,3752,1950,1802,8,727,864,990,832,331,5,315,452,491,481,206,3,412,412,499,351,125
2019,3,A,골목상권,1000505,토정로37길,19071,12015,7056,19,2290,4186,4301,4757,3518,10,1237,2648,3081,2867,2172,9,1053,1538,1220,1890,1346
2019,3,A,골목상권,1000504,월드컵로8길,12870,6599,6271,65,2363,3411,2761,1974,2296,43,986,1775,1632,1036,1127,22,1377,1636,1129,938,1169
2019,3,A,골목상권,1000503,월드컵로7길,5092,2673,2419,11,862,1330,1200,914,775,7,334,655,689,508,480,4,528,675,511,406,295
2019,3,A,골목상권,1000502,월드컵로36길,3068,1463,1605,9,417,581,730,851,480,5,159,305,375,358,261,4,258,276,355,493,219
2019,3,A,골목상권,1000501,월드컵로25길,2275,1280,995,3,252,485,669,516,350,2,121,274,367,286,230,1,131,211,302,230,120
2019,3,A,골목상권,1000500,월드컵로19길,7958,5447,2511,31,794,1459,1830,2218,1626,28,382,936,1245,1575,1281,3,412,523,585,643,345
2019,3,A,골목상권,1000499,월드컵로16길,9404,6188,3216,37,995,1804,2206,2573,1789,31,425,1105,1488,1782,1357,6,570,699,718,791,432
2019,3,A,골목상권,1000498,월드컵로11길,3757,2051,1706,1,610,927,956,678,585,1,237,492,522,397,402,0,373,435,434,281,183
2019,3,A,골목상권,1000497,월드컵로10길,8335,3925,4410,18,1242,2055,1757,1299,1964,9,402,981,992,690,851,9,840,1074,765,609,1113
2019,3,A,골목상권,1000496,와우산로3길,4840,3024,1816,45,1374,1555,944,643,279,24,680,1083,636,395,206,21,694,472,308,248,73
2019,3,A,골목상권,1000495,와우산로29길,2707,1512,1195,9,577,796,653,433,239,7,215,438,387,291,174,2,362,358,266,142,65
2019,3,A,골목상권,1000494,와우산로29가길,4905,3307,1598,11,833,1184,1227,948,702,6,442,781,850,679,549,5,391,403,377,269,153
2019,3,A,골목상권,1000493,양화진길,4337,2477,1860,6,781,1201,1062,804,483,5,301,639,672,537,323,1,480,562,390,267,160
2019,3,A,골목상권,1000492,양화로1길,4874,2694,2180,6,864,1372,1099,833,700,4,347,673,665,508,497,2,517,699,434,325,203
2019,3,A,골목상권,1000491,양화로11길,12280,6156,6124,63,2264,3271,2622,1830,2230,41,957,1652,1528,909,1069,22,1307,1619,1094,921,1161
2019,3,A,골목상권,1000490,신촌로30길,1451,756,695,5,367,459,289,197,134,1,146,245,148,119,97,4,221,214,141,78,37
2019,3,A,골목상권,1000489,신촌로28가길,810,316,494,2,119,191,207,181,110,2,36,61,63,78,76,0,83,130,144,103,34
2019,3,A,골목상권,1000488,신촌로12길,2882,1317,1565,6,591,767,675,504,339,3,173,343,340,262,196,3,418,424,335,242,143
2019,3,A,골목상권,1000487,숭문길,22147,12344,9803,98,3401,4627,4099,7861,2061,37,1071,2048,1886,5711,1591,61,2330,2579,2213,2150,470
2019,3,A,골목상권,1000486,숭문8길,3737,2438,1299,18,391,531,732,1107,958,5,146,311,497,781,698,13,245,220,235,326,260
2019,3,A,골목상권,1000485,성지3길,4035,2368,1667,14,651,1187,1061,728,394,11,248,624,689,508,288,3,403,563,372,220,106
2019,3,A,골목상권,1000484,성산로4길,4782,2818,1964,20,706,1082,1149,1134,691,9,302,648,680,711,468,11,404,434,469,423,223
2019,3,A,골목상권,1000483,성미산로32길,2456,1437,1019,9,410,696,594,470,277,5,165,401,361,294,211,4,245,295,233,176,66
2019,3,A,골목상권,1000482,성미산로1길,8621,5871,2750,46,940,1540,1935,2410,1750,33,416,1012,1356,1702,1352,13,524,528,579,708,398
2019,3,A,골목상권,1000481,성미산로11길,4101,2672,1429,9,532,1046,1024,890,600,8,244,656,679,621,464,1,288,390,345,269,136
2019,3,A,골목상권,1000480,백범로16길,30848,17676,13172,94,4325,6612,6252,10332,3233,38,1586,3360,3392,7068,2232,56,2739,3252,2860,3264,1001
2019,3,A,골목상권,1000479,방울내로9안길,3140,1769,1371,12,523,649,785,714,457,2,205,378,466,422,296,10,318,271,319,292,161
2019,3,A,골목상권,1000478,모래내로7길,1979,1273,706,2,175,322,468,574,438,1,72,176,309,403,312,1,103,146,159,171,126
2019,3,A,골목상권,1000477,매봉산로2길,8179,5297,2882,7,2244,2916,1776,933,303,2,1019,2011,1379,663,223,5,1225,905,397,270,80
2019,3,A,골목상권,1000476,망원로2길,3832,2116,1716,10,910,1093,906,571,342,5,512,596,459,304,240,5,398,497,447,267,102
2019,3,A,골목상권,1000475,망원로11길,8279,5674,2605,44,881,1481,1864,2333,1676,31,394,969,1303,1657,1320,13,487,512,561,676,356
2019,3,A,골목상권,1000474,만리재옛길,11245,7060,4185,32,1663,3388,3371,2193,598,8,763,2040,2229,1615,405,24,900,1348,1142,578,193
2019,3,A,골목상권,1000473,마포대로4길,14354,9121,5233,24,1872,3349,3318,3135,2656,15,953,2011,2339,2051,1752,9,919,1338,979,1084,904
2019,3,A,골목상권,1000472,마포대로20길,7006,3802,3204,9,1194,2193,2070,1114,426,5,561,1229,1125,620,262,4,633,964,945,494,164
2019,3,A,골목상권,1000471,마포대로12길,18846,11355,7491,66,3489,5803,5365,3334,789,24,1343,3234,3573,2603,578,42,2146,2569,1792,731,211
2019,3,A,골목상권,1000470,동교로38길,4323,2241,2082,19,717,1084,1058,889,556,8,243,558,580,469,383,11,474,526,478,420,173
2019,3,A,골목상권,1000469,동교로27길,8492,4365,4127,25,1358,2345,2112,1572,1080,15,463,1271,1243,806,567,10,895,1074,869,766,513
2019,3,A,골목상권,1000468,동교로25길,8773,4722,4051,31,1555,2536,2114,1448,1089,19,556,1378,1338,833,598,12,999,1158,776,615,491
2019,3,A,골목상권,1000467,동교로19길,8710,4604,4106,22,1474,2465,2104,1549,1096,14,509,1282,1324,870,605,8,965,1183,780,679,491
2019,3,A,골목상권,1000466,동교로17길,11590,5988,5602,31,1784,2873,2491,1747,2664,17,582,1443,1477,1025,1444,14,1202,1430,1014,722,1220
2019,3,A,골목상권,1000465,독막로8길,5671,3372,2299,32,1480,1789,1209,794,367,14,678,1150,769,497,264,18,802,639,440,297,103
2019,3,A,골목상권,1000464,독막로32길,5615,3148,2467,13,731,1548,1484,1264,575,11,316,755,833,807,426,2,415,793,651,457,149
2019,3,A,골목상권,1000463,독막로22길,2697,1604,1093,6,347,623,693,632,396,4,126,308,422,430,314,2,221,315,271,202,82
2019,3,A,골목상권,1000462,도화길,24419,15675,8744,25,3475,5739,5420,6208,3552,13,2092,3910,3881,3594,2185,12,1383,1829,1539,2614,1367
2019,3,A,골목상권,1000461,도화4길,18635,12105,6530,23,2761,4247,4105,4804,2695,14,1659,2918,2840,2958,1716,9,1102,1329,1265,1846,979
2019,3,A,골목상권,1000460,대흥로28길,1052,424,628,3,136,237,271,251,154,2,33,81,89,126,93,1,103,156,182,125,61
2019,3,A,골목상권,1000459,대흥로21길,3489,1676,1813,31,676,871,741,703,467,16,220,378,336,402,324,15,456,493,405,301,143
2019,3,A,골목상권,1000458,광성로6길,4955,2743,2212,23,763,1296,1237,1100,536,11,293,599,719,727,394,12,470,697,518,373,142
2019,3,A,골목상권,1000457,홍제내길,1402,870,532,1,195,368,367,309,162,0,82,214,238,220,116,1,113,154,129,89,46
2019,3,A,골목상권,1000456,홍연길,1345,854,491,5,117,217,306,439,261,4,51,131,172,293,203,1,66,86,134,146,58
2019,3,A,골목상권,1000455,통일로39길,1847,875,972,1,203,289,466,677,211,0,66,146,226,314,123,1,137,143,240,363,88
2019,3,A,골목상권,1000454,통일로37길,1937,969,968,2,219,324,517,622,253,1,69,166,255,329,149,1,150,158,262,293,104
2019,3,A,골목상권,1000453,통일로11길,1905,1117,788,6,202,489,468,479,261,3,71,285,276,291,191,3,131,204,192,188,70
2019,3,A,골목상권,1000452,충정로6길,22356,13551,8805,42,3684,7299,6044,3916,1371,16,1665,4216,3938,2697,1019,26,2019,3083,2106,1219,352
2019,3,A,골목상권,1000451,충정로4길,12451,7547,4904,22,2064,3709,3338,2325,993,9,1047,2246,2101,1457,687,13,1017,1463,1237,868,306
2019,3,A,골목상권,1000450,증가로6길,1829,1117,712,5,166,349,475,548,286,4,76,210,274,344,209,1,90,139,201,204,77
2019,3,A,골목상권,1000449,증가로23나길,5873,2859,3014,37,2061,1356,958,923,538,16,770,693,506,529,345,21,1291,663,452,394,193
2019,3,A,골목상권,1000448,증가로20가길,4286,2026,2260,31,1868,992,625,524,246,13,709,517,298,299,190,18,1159,475,327,225,56
2019,3,A,골목상권,1000447,증가로10길,1956,1073,883,1,199,469,564,528,195,1,97,277,276,285,137,0,102,192,288,243,58
2019,3,A,골목상권,1000446,응암로1길,3214,1736,1478,4,397,872,801,703,437,2,150,498,469,363,254,2,247,374,332,340,183
2019,3,A,골목상권,1000445,연희로10길,7240,5475,1765,3,790,1553,1510,2448,936,2,499,1028,1029,2109,808,1,291,525,481,339,128
2019,3,A,골목상권,1000444,신촌로37길,3718,2170,1548,6,683,1102,922,633,372,1,307,672,567,402,221,5,376,430,355,231,151
2019,3,A,골목상권,1000443,수색로8길,3693,2936,757,0,113,303,357,625,2295,0,49,189,184,415,2099,0,64,114,173,210,196
2019,3,A,골목상권,1000442,세무서길,2079,981,1098,2,228,320,538,739,252,1,72,163,235,360,150,1,156,157,303,379,102
2019,3,A,골목상권,1000441,세무서2길,2073,1021,1052,2,214,337,549,680,291,1,75,177,260,346,162,1,139,160,289,334,129
2019,3,A,골목상권,1000440,세검정로1길,1807,817,990,1,166,293,443,519,385,1,73,155,189,205,194,0,93,138,254,314,191
2019,3,A,골목상권,1000439,북아현로4길,4260,2491,1769,7,708,1227,1074,791,453,2,319,748,655,490,277,5,389,479,419,301,176
2019,3,A,골목상권,1000438,모래내로15길,7538,4040,3498,36,2079,1313,1103,1354,1653,16,859,772,640,740,1013,20,1220,541,463,614,640
2019,3,A,골목상권,1000437,명지대길,2332,1380,952,1,197,435,626,677,396,0,105,255,322,401,297,1,92,180,304,276,99
2019,3,A,골목상권,1000436,독립문로8길,4893,2970,1923,7,539,1043,1190,1222,892,3,235,635,753,737,607,4,304,408,437,485,285
2019,3,A,골목상권,1000435,가재울로6길,838,438,400,0,81,152,257,257,91,0,30,83,134,133,58,0,51,69,123,124,33
2019,3,A,골목상권,1000434,통일로92길,2025,859,1166,5,290,441,510,476,303,4,88,197,199,193,178,1,202,244,311,283,125
2019,3,A,골목상권,1000433,통일로87길,1913,875,1038,6,290,420,477,422,298,3,91,193,204,202,182,3,199,227,273,220,116
2019,3,A,골목상권,1000432,통일로78길,3522,1708,1814,2,315,570,662,716,1257,1,127,300,318,294,668,1,188,270,344,422,589
2019,3,A,골목상권,1000431,통일로69길,1497,762,735,5,161,288,425,367,251,4,79,148,220,167,144,1,82,140,205,200,107
2019,3,A,골목상권,1000430,진흥로1길,3044,1508,1536,3,329,539,788,830,555,1,144,275,402,377,309,2,185,264,386,453,246
2019,3,A,골목상권,1000429,진흥로12길,3073,1429,1644,5,371,813,822,660,402,3,136,344,410,301,235,2,235,469,412,359,167
2019,3,A,골목상권,1000428,증산서길,4701,3376,1325,3,383,562,625,862,2266,2,199,318,341,502,2014,1,184,244,284,360,252
2019,3,A,골목상권,1000427,증산로9길,2208,1527,681,1,277,580,609,486,255,1,135,411,442,337,201,0,142,169,167,149,54
2019,3,A,골목상권,1000426,증산로5길,2151,1437,714,0,251,538,602,501,259,0,120,384,423,326,184,0,131,154,179,175,75
2019,3,A,골목상권,1000425,증산로21길,2744,1530,1214,2,282,618,778,631,433,1,116,331,430,343,309,1,166,287,348,288,124
2019,3,A,골목상권,1000424,증산로17길,1725,1070,655,2,207,327,362,406,421,1,130,195,188,240,316,1,77,132,174,166,105
2019,3,A,골목상권,1000423,증산로15길,2125,1539,586,4,271,441,515,534,360,2,149,313,367,392,316,2,122,128,148,142,44
2019,3,A,골목상권,1000422,증산로13길,2236,1592,644,2,207,496,548,537,446,2,108,341,405,392,344,0,99,155,143,145,102
2019,3,A,골목상권,1000421,응암로34길,2199,1270,929,4,206,361,475,563,590,2,101,192,261,286,428,2,105,169,214,277,162
2019,3,A,골목상권,1000420,응암로22길,1780,983,797,3,207,275,359,499,437,2,112,158,191,246,274,1,95,117,168,253,163
2019,3,A,골목상권,1000419,응암로14길,1190,497,693,1,155,225,268,295,246,0,71,95,96,118,117,1,84,130,172,177,129
2019,3,A,골목상권,1000418,응암로13길,1780,827,953,2,189,299,386,435,469,1,87,124,135,198,282,1,102,175,251,237,187
2019,3,A,골목상권,1000417,응암로12길,1541,605,936,0,155,288,432,414,252,0,58,101,137,156,153,0,97,187,295,258,99
2019,3,A,골목상권,1000416,은평로8길,2570,1608,962,4,253,427,609,611,666,2,122,241,356,361,526,2,131,186,253,250,140
2019,3,A,골목상권,1000415,은평로3길,2831,1418,1413,5,254,547,809,727,489,2,86,261,402,349,318,3,168,286,407,378,171
2019,3,A,골목상권,1000414,은평로20길,3395,1793,1602,5,425,874,855,858,378,3,155,415,430,537,253,2,270,459,425,321,125
2019,3,A,골목상권,1000413,은평로13길,5112,2783,2329,14,461,1020,1225,1377,1015,7,202,467,618,767,722,7,259,553,607,610,293
2019,3,A,골목상권,1000412,은평로10길,2797,1608,1189,8,256,454,648,724,707,5,126,247,355,362,513,3,130,207,293,362,194
2019,3,A,골목상권,1000411,연서로5길,2879,1436,1443,2,465,571,705,683,453,1,190,280,346,323,296,1,275,291,359,360,157
2019,3,A,골목상권,1000410,연서로41길,2137,1059,1078,0,133,248,307,373,1076,0,54,131,120,166,588,0,79,117,187,207,488
2019,3,A,골목상권,1000409,연서로3길,2384,1158,1226,7,258,484,661,607,367,5,114,261,318,248,212,2,144,223,343,359,155
2019,3,A,골목상권,1000408,연서로34길,2572,1211,1361,2,167,324,425,492,1162,2,66,169,165,192,617,0,101,155,260,300,545
2019,3,A,골목상권,1000407,연서로33길,2746,1316,1430,1,187,374,407,538,1239,1,63,198,180,213,661,0,124,176,227,325,578
2019,3,A,골목상권,1000406,연서로29길,2127,845,1282,14,332,486,534,484,277,8,85,198,193,198,163,6,247,288,341,286,114
2019,3,A,골목상권,1000405,연서로28길,2456,1054,1402,14,433,500,645,519,345,10,133,216,242,236,217,4,300,284,403,283,128
2019,3,A,골목상권,1000404,연서로27길,2345,1036,1309,17,398,522,602,507,299,10,124,226,234,236,206,7,274,296,368,271,93
2019,3,A,골목상권,1000403,연서로21길,4422,2282,2140,13,407,666,1059,1427,850,9,163,309,447,808,546,4,244,357,612,619,304
2019,3,A,골목상권,1000402,연서로17길,4721,2438,2283,12,453,794,1108,1488,866,3,202,374,488,833,538,9,251,420,620,655,328
2019,3,A,골목상권,1000401,연서로16길,3829,1564,2265,11,618,838,968,907,487,4,199,347,404,342,268,7,419,491,564,565,219
2019,3,A,골목상권,1000400,연서로13길,4641,2422,2219,13,591,813,1008,1422,794,3,214,388,492,833,492,10,377,425,516,589,302
2019,3,A,골목상권,1000399,연서로11길,2557,1359,1198,8,491,565,571,527,395,2,232,300,289,280,256,6,259,265,282,247,139
2019,3,A,골목상권,1000398,역말로9길,2449,1165,1284,2,299,557,736,544,311,2,110,262,328,242,221,0,189,295,408,302,90
2019,3,A,골목상권,1000397,수색로18길,709,448,261,0,50,117,178,247,117,0,24,71,126,134,93,0,26,46,52,113,24
2019,3,A,골목상권,1000396,서오릉로8길,2131,1174,957,7,244,459,569,502,350,5,107,235,311,269,247,2,137,224,258,233,103
2019,3,A,골목상권,1000395,서오릉로21길,3298,2031,1267,3,265,555,725,1112,638,0,119,288,398,804,422,3,146,267,327,308,216
2019,3,A,골목상권,1000394,불광천길,1888,1026,862,4,210,359,436,494,385,2,108,203,226,260,227,2,102,156,210,234,158
2019,3,A,골목상권,1000393,갈현로7길,2412,1048,1364,7,426,590,586,516,287,4,140,283,278,192,151,3,286,307,308,324,136
2019,3,A,골목상권,1000392,갈현로41길,1406,776,630,2,170,290,334,372,238,0,90,156,178,195,157,2,80,134,156,177,81
2019,3,A,골목상권,1000391,갈현로33길,1575,733,842,4,180,368,377,428,218,0,68,166,165,187,147,4,112,202,212,241,71
2019,3,A,골목상권,1000390,갈현로1길,1978,1035,943,5,295,475,479,378,346,3,95,245,269,187,236,2,200,230,210,191,110
2019,3,A,골목상권,1000389,가좌로7길,2162,1118,1044,0,170,369,555,622,446,0,66,154,223,330,345,0,104,215,332,292,101
2019,3,A,골목상권,1000388,한글비석로44길,1688,908,780,6,133,186,298,416,649,3,55,105,139,189,417,3,78,81,159,227,232
2019,3,A,골목상권,1000387,한글비석로24길,1494,778,716,9,160,232,368,418,307,4,53,114,180,227,200,5,107,118,188,191,107
2019,3,A,골목상권,1000386,한글비석로22길,2019,1110,909,3,241,393,493,513,376,0,92,198,260,288,272,3,149,195,233,225,104
2019,3,A,골목상권,1000385,석계로1길,1861,921,940,3,217,323,478,504,336,2,70,136,219,251,243,1,147,187,259,253,93
2019,3,A,골목상권,1000384,상계로9가길,1901,852,1049,4,231,333,520,508,305,3,84,183,216,215,151,1,147,150,304,293,154
2019,3,A,골목상권,1000383,상계로1길,1542,721,821,2,164,295,392,431,258,0,70,158,183,177,133,2,94,137,209,254,125
2019,3,A,골목상권,1000382,상계로12길,2673,1308,1365,4,346,540,710,684,389,3,133,291,324,313,244,1,213,249,386,371,145
2019,3,A,골목상권,1000381,동일로242길,2117,1222,895,3,225,382,459,511,537,3,103,225,263,279,349,0,122,157,196,232,188
2019,3,A,골목상권,1000380,동일로192길,3680,2246,1434,10,290,492,637,888,1363,8,131,237,341,622,907,2,159,255,296,266,456
2019,3,A,골목상권,1000379,동일로173가길,5204,2897,2307,12,470,629,979,1453,1661,8,210,364,509,772,1034,4,260,265,470,681,627
2019,3,A,골목상권,1000378,공릉로58길,3608,2361,1247,3,367,720,866,1041,611,2,178,404,559,776,442,1,189,316,307,265,169
2019,3,A,골목상권,1000377,해등로16길,5451,3248,2203,3,547,1057,1276,1244,1324,0,226,654,833,654,881,3,321,403,443,590,443
2019,3,A,골목상권,1000376,우이천로4다길,1386,783,603,3,135,243,372,415,218,0,59,131,215,249,129,3,76,112,157,166,89
2019,3,A,골목상권,1000375,우이천로32길,1658,835,823,3,254,324,392,416,269,3,52,139,178,230,233,0,202,185,214,186,36
2019,3,A,골목상권,1000374,시루봉로23길,1868,1322,546,2,133,265,358,547,563,2,58,160,209,405,488,0,75,105,149,142,75
2019,3,A,골목상권,1000373,삼양로144길,978,345,633,0,185,170,242,229,152,0,22,52,95,88,88,0,163,118,147,141,64
2019,3,A,골목상권,1000372,방학로6가길,1110,526,584,0,94,175,281,309,251,0,43,85,127,136,135,0,51,90,154,173,116
2019,3,A,골목상권,1000371,방학로5길,2262,1120,1142,4,299,482,543,529,405,1,84,242,270,254,269,3,215,240,273,275,136
2019,3,A,골목상권,1000370,방학로15길,2172,1471,701,8,418,496,507,460,283,8,291,316,357,265,234,0,127,180,150,195,49
2019,3,A,골목상권,1000369,방학로10길,1371,684,687,3,133,350,374,300,211,1,40,174,190,144,135,2,93,176,184,156,76
2019,3,A,골목상권,1000368,도봉산길,1628,694,934,0,46,101,147,258,1076,0,18,59,76,88,453,0,28,42,71,170,623
2019,3,A,골목상권,1000367,도봉산4길,1364,552,812,0,20,61,88,191,1004,0,7,36,51,59,399,0,13,25,37,132,605
2019,3,A,골목상권,1000366,도봉로181길,1891,842,1049,0,62,114,206,346,1163,0,17,63,92,140,530,0,45,51,114,206,633
2019,3,A,골목상권,1000365,도봉로169나길,1282,907,375,1,57,142,219,415,448,1,26,80,128,304,368,0,31,62,91,111,80
2019,3,A,골목상권,1000364,도봉로156길,1558,1071,487,2,86,188,316,429,537,2,31,106,183,314,435,0,55,82,133,115,102
2019,3,A,골목상권,1000363,도봉로152가길,1505,934,571,1,88,199,309,427,481,1,29,96,166,286,356,0,59,103,143,141,125
2019,3,A,골목상권,1000362,도봉로147길,2182,1345,837,3,232,426,483,644,394,0,119,262,306,420,238,3,113,164,177,224,156
2019,3,A,골목상권,1000361,도봉로143길,1841,1035,806,2,201,370,448,493,327,1,86,223,259,264,202,1,115,147,189,229,125
2019,3,A,골목상권,1000360,도봉로114길,1761,975,786,4,179,273,404,540,361,4,63,126,209,322,251,0,116,147,195,218,110
2019,3,A,골목상권,1000359,도봉로109길,3014,1582,1432,8,498,667,732,710,399,7,123,318,399,437,298,1,375,349,333,273,101
2019,3,A,골목상권,1000358,도당로29길,2453,1779,674,3,235,419,495,661,640,3,130,298,326,484,538,0,105,121,169,177,102
2019,3,A,골목상권,1000357,도당로19길,782,421,361,1,98,162,205,197,119,1,41,95,97,109,78,0,57,67,108,88,41
2019,3,A,골목상권,1000356,도당로13바길,1012,480,532,0,79,209,276,215,233,0,28,100,132,100,120,0,51,109,144,115,113
2019,3,A,골목상권,1000355,도당로13가길,766,411,355,0,69,157,199,183,158,0,30,86,95,98,102,0,39,71,104,85,56
2019,3,A,골목상권,1000354,덕릉로60길,1096,618,478,2,106,223,287,292,186,0,38,125,170,155,130,2,68,98,117,137,56
2019,3,A,골목상권,1000353,노해로63다길,5116,3100,2016,7,487,1067,1260,1120,1175,3,204,672,830,602,789,4,283,395,430,518,386
2019,3,A,골목상권,1000352,노해로60길,1863,1088,775,10,170,321,455,555,352,9,57,164,253,352,253,1,113,157,202,203,99
2019,3,A,골목상권,1000351,한천로140길,3505,1838,1667,1,364,880,883,896,481,1,125,407,468,544,293,0,239,473,415,352,188
2019,3,A,골목상권,1000350,한천로139가길,3248,1550,1698,3,334,710,724,800,677,1,105,283,339,493,329,2,229,427,385,307,348
2019,3,A,골목상권,1000349,한천로132길,4071,2362,1709,4,399,1079,955,1056,578,2,152,578,555,724,351,2,247,501,400,332,227
2019,3,A,골목상권,1000348,한천로130길,1195,629,566,1,123,208,281,314,268,1,39,97,151,167,174,0,84,111,130,147,94
2019,3,A,골목상권,1000347,한천로124나길,1736,1053,683,0,170,412,417,491,246,0,75,274,222,320,162,0,95,138,195,171,84
2019,3,A,골목상권,1000346,한천로109길,1729,864,865,14,213,322,433,435,312,10,67,147,219,235,186,4,146,175,214,200,126
2019,3,A,골목상권,1000345,인수봉로79길,2295,1214,1081,3,275,539,517,527,434,3,125,291,273,278,244,0,150,248,244,249,190
2019,3,A,골목상권,1000344,인수봉로72길,3703,2182,1521,0,241,501,710,910,1341,0,79,236,410,560,897,0,162,265,300,350,444
2019,3,A,골목상권,1000343,인수봉로56길,2117,1267,850,0,176,399,559,641,342,0,50,182,345,419,271,0,126,217,214,222,71
2019,3,A,골목상권,1000342,오패산로67길,3440,1912,1528,5,403,701,711,844,776,1,152,401,382,520,456,4,251,300,329,324,320
2019,3,A,골목상권,1000341,오패산로52길,1556,878,678,1,143,351,435,397,229,1,55,191,261,228,142,0,88,160,174,169,87
2019,3,A,골목상권,1000340,오패산로30길,1172,535,637,1,101,196,331,299,244,1,33,93,140,130,138,0,68,103,191,169,106
2019,3,A,골목상권,1000339,수유로12길,3033,1495,1538,6,335,494,643,768,787,3,104,211,279,386,512,3,231,283,364,382,275
2019,3,A,골목상권,1000338,솔샘로65길,1789,813,976,5,130,311,365,423,555,5,27,120,161,203,297,0,103,191,204,220,258
2019,3,A,골목상권,1000337,솔매로50길,2202,1182,1020,4,217,483,568,559,371,4,70,216,304,318,270,0,147,267,264,241,101
2019,3,A,골목상권,1000336,솔매로45길,1533,906,627,2,154,322,424,389,242,2,63,159,248,257,177,0,91,163,176,132,65
2019,3,A,골목상권,1000335,솔매로41길,1672,942,730,1,182,349,449,422,269,1,68,181,254,250,188,0,114,168,195,172,81
2019,3,A,골목상권,1000334,삼양로93길,2200,1067,1133,0,208,411,515,581,485,0,55,171,250,268,323,0,153,240,265,313,162
2019,3,A,골목상권,1000333,삼양로77길,1393,588,805,1,152,270,376,407,187,1,46,105,163,166,107,0,106,165,213,241,80
2019,3,A,골목상권,1000332,삼양로54길,1275,597,678,1,101,167,226,323,457,1,27,73,108,173,215,0,74,94,118,150,242
2019,3,A,골목상권,1000331,삼양로41길,1150,613,537,2,140,219,276,268,245,1,52,100,132,157,171,1,88,119,144,111,74
2019,3,A,골목상권,1000330,삼양로27길,1290,701,589,1,167,334,412,257,119,0,79,187,230,123,82,1,88,147,182,134,37
2019,3,A,골목상권,1000329,삼양로24길,1200,743,457,2,96,212,301,312,277,1,39,110,169,201,223,1,57,102,132,111,54
2019,3,A,골목상권,1000328,삼양로20길,1218,717,501,1,118,252,309,309,229,1,42,122,158,197,197,0,76,130,151,112,32
2019,3,A,골목상권,1000327,삼각산로28길,4469,2212,2257,3,419,858,942,1152,1095,2,144,350,434,681,601,1,275,508,508,471,494
2019,3,A,골목상권,1000326,도봉로99길,1780,819,961,0,377,411,420,397,175,0,97,183,196,222,121,0,280,228,224,175,54
2019,3,A,골목상권,1000325,도봉로8길,1074,508,566,1,175,249,274,223,152,1,65,121,123,96,102,0,110,128,151,127,50
2019,3,A,골목상권,1000324,도봉로76길,4033,2370,1663,6,423,866,896,1027,815,3,182,509,525,645,506,3,241,357,371,382,309
2019,3,A,골목상권,1000323,도봉로67길,1632,906,726,3,170,330,427,403,299,2,67,165,231,236,205,1,103,165,196,167,94
2019,3,A,골목상권,1000322,도봉로45길,1947,983,964,0,165,407,456,476,443,0,57,194,253,268,211,0,108,213,203,208,232
2019,3,A,골목상권,1000321,도봉로18길,1544,737,807,4,137,269,409,392,333,4,34,110,164,178,247,0,103,159,245,214,86
2019,3,A,골목상권,1000320,도봉로13길,989,622,367,1,89,188,234,290,187,1,41,109,133,194,144,0,48,79,101,96,43
2019,3,A,골목상권,1000319,덕릉로41길,4717,2479,2238,4,466,1096,1103,1290,758,2,166,540,540,798,433,2,300,556,563,492,325
2019,3,A,골목상권,1000318,덕릉로40길,1148,456,692,0,106,132,342,397,171,0,40,60,108,167,81,0,66,72,234,230,90
2019,3,A,골목상권,1000317,노해로33길,1321,631,690,1,213,241,327,320,219,0,43,103,149,177,159,1,170,138,178,143,60
2019,3,A,골목상권,1000316,노해로23길,1610,1110,500,1,137,194,380,592,306,0,54,103,256,462,235,1,83,91,124,130,71
2019,3,A,골목상권,1000315,노해로17길,3300,1576,1724,1,305,696,767,836,695,1,95,275,358,514,333,0,210,421,409,322,362
2019,3,A,골목상권,1000314,화랑로40길,2603,1739,864,0,165,254,437,526,1221,0,49,123,250,333,984,0,116,131,187,193,237
2019,3,A,골목상권,1000313,화랑로32길,1558,926,632,4,182,413,429,337,193,1,69,255,246,213,142,3,113,158,183,124,51
2019,3,A,골목상권,1000312,화랑로1길,4209,2706,1503,15,506,787,872,933,1096,10,238,479,510,627,842,5,268,308,362,306,254
2019,3,A,골목상권,1000311,화랑로19길,2256,1314,942,4,345,540,630,438,299,3,164,313,361,249,224,1,181,227,269,189,75
2019,3,A,골목상권,1000310,화랑로14길,3175,1904,1271,2,512,983,729,603,346,1,248,636,406,360,253,1,264,347,323,243,93
2019,3,A,골목상권,1000309,화랑로13길,3161,2021,1140,2,430,857,705,618,549,1,209,571,415,374,451,1,221,286,290,244,98
2019,3,A,골목상권,1000308,한천로76길,1346,868,478,2,152,254,349,360,229,0,69,135,216,269,179,2,83,119,133,91,50
2019,3,A,골목상권,1000307,한천로101가길,830,373,457,10,114,170,240,176,120,7,40,79,102,70,75,3,74,91,138,106,45
2019,3,A,골목상권,1000306,창경궁로43길,4349,2296,2053,28,774,1106,965,899,577,17,345,603,543,470,318,11,429,503,422,429,259
2019,3,A,골목상권,1000305,지봉로20길,7066,5312,1754,4,641,1946,1439,1527,1509,3,336,1596,1139,1201,1037,1,305,350,300,326,472
2019,3,A,골목상권,1000304,종암로5길,997,530,467,0,110,243,319,224,101,0,52,116,161,140,61,0,58,127,158,84,40
2019,3,A,골목상권,1000303,종암로24가길,1983,1142,841,4,233,443,463,588,252,1,106,280,266,371,118,3,127,163,197,217,134
2019,3,A,골목상권,1000302,종암로21길,5276,3322,1954,10,541,1268,1264,1320,873,2,245,679,770,982,644,8,296,589,494,338,229
2019,3,A,골목상권,1000301,종암로19길,3386,1915,1471,3,398,896,926,904,259,1,152,415,541,641,165,2,246,481,385,263,94
2019,3,A,골목상권,1000300,종암로16길,1720,734,986,4,241,313,417,448,297,2,84,136,177,199,136,2,157,177,240,249,161
2019,3,A,골목상권,1000299,정릉로8길,1863,1360,503,5,339,578,430,317,194,4,194,427,349,259,127,1,145,151,81,58,67
2019,3,A,골목상권,1000298,정릉로27길,4760,2515,2245,4,567,668,810,834,1877,1,194,323,364,446,1187,3,373,345,446,388,690
2019,3,A,골목상권,1000297,정릉로26길,3569,1878,1691,2,382,497,522,560,1606,1,144,248,223,278,984,1,238,249,299,282,622
2019,3,A,골목상권,1000296,장위로50길,2731,1782,949,8,197,285,416,516,1309,4,68,141,206,291,1072,4,129,144,210,225,237
2019,3,A,골목상권,1000295,장월로1길,3804,2328,1476,4,634,1114,938,740,374,3,314,736,569,428,278,1,320,378,369,312,96
2019,3,A,골목상권,1000294,인촌로6길,7173,5303,1870,5,701,1968,1342,1488,1669,3,373,1599,1066,1117,1145,2,328,369,276,371,524
2019,3,A,골목상권,1000293,인촌로5길,3436,1918,1518,6,409,644,981,974,422,1,122,312,581,631,271,5,287,332,400,343,151
2019,3,A,골목상권,1000292,인촌로24길,4488,2659,1829,8,536,1070,1342,1053,479,2,202,577,846,676,356,6,334,493,496,377,123
2019,3,A,골목상권,1000291,개운사길,2717,1424,1293,2,357,685,880,581,212,0,118,298,505,348,155,2,239,387,375,233,57
2019,3,A,골목상권,1000290,인촌로1길,3365,2010,1355,8,346,619,778,887,727,2,131,380,516,552,429,6,215,239,262,335,298
2019,3,A,골목상권,1000289,인촌로17가길,2036,1022,1014,1,269,407,589,522,248,1,76,178,313,298,156,0,193,229,276,224,92
2019,3,A,골목상권,1000288,오패산로4길,4166,2598,1568,6,541,1054,944,917,704,3,268,682,533,564,548,3,273,372,411,353,156
2019,3,A,골목상권,1000287,오패산로3길,2984,1819,1165,6,326,462,606,563,1021,3,138,241,314,334,789,3,188,221,292,229,232
2019,3,A,골목상권,1000286,오패산로19길,1952,995,957,10,390,473,504,359,216,8,167,246,259,181,134,2,223,227,245,178,82
2019,3,A,골목상권,1000285,안암로5길,4333,2673,1660,10,504,837,934,1038,1010,5,210,528,620,642,668,5,294,309,314,396,342
2019,3,A,골목상권,1000284,아리랑로4길,2556,1201,1355,13,518,505,534,553,433,8,149,220,254,282,288,5,369,285,280,271,145
2019,3,A,골목상권,1000283,솔샘로6길,1078,717,361,0,65,162,265,334,252,0,22,88,168,249,190,0,43,74,97,85,62
2019,3,A,골목상권,1000282,성북로8길,3021,1593,1428,22,556,735,849,612,247,11,265,412,430,304,171,11,291,323,419,308,76
2019,3,A,골목상권,1000281,삼양로8길,1921,946,975,12,294,407,487,397,324,10,79,187,233,194,243,2,215,220,254,203,81
2019,3,A,골목상권,1000280,삼선교로16가길,2478,1648,830,0,273,615,724,627,239,0,113,413,514,461,147,0,160,202,210,166,92
2019,3,A,골목상권,1000279,삼선교로10다길,1342,700,642,0,140,245,308,296,353,0,61,116,142,143,238,0,79,129,166,153,115
2019,3,A,골목상권,1000278,삼선교로10길,1627,720,907,3,209,300,385,407,323,2,83,124,164,177,170,1,126,176,221,230,153
2019,3,A,골목상권,1000277,보문로32길,3531,1961,1570,7,436,685,1002,984,417,1,138,324,591,637,270,6,298,361,411,347,147
2019,3,A,골목상권,1000276,보문로31길,5246,2902,2344,6,584,1188,1726,1303,439,0,211,621,913,898,259,6,373,567,813,405,180
2019,3,A,골목상권,1000275,보문로26길,2426,1168,1258,5,361,488,679,600,293,1,98,217,354,318,180,4,263,271,325,282,113
2019,3,A,골목상권,1000274,보문로13길,6567,4836,1731,3,570,1816,1210,1352,1616,2,300,1469,956,1011,1098,1,270,347,254,341,518
2019,3,A,골목상권,1000273,보국문로16길,1401,832,569,0,139,184,310,389,379,0,50,85,162,256,279,0,89,99,148,133,100
2019,3,A,골목상권,1000272,동소문로6길,2119,1042,1077,8,268,511,633,484,215,4,119,301,300,192,126,4,149,210,333,292,89
2019,3,A,골목상권,1000271,동소문로2길,2541,1210,1331,7,310,571,713,583,357,5,141,335,325,216,188,2,169,236,388,367,169
2019,3,A,골목상권,1000270,동소문로26가길,3875,1797,2078,12,702,785,936,897,543,7,182,304,460,486,358,5,520,481,476,411,185
2019,3,A,골목상권,1000269,동소문로15길,11663,5691,5972,304,1966,2540,3138,2126,1589,110,664,1199,1620,1332,766,194,1302,1341,1518,794,823
2019,3,A,골목상권,1000268,동소문로13길,14085,6702,7383,310,2249,3197,4025,2554,1750,115,773,1498,1958,1532,826,195,1476,1699,2067,1022,924
2019,3,A,골목상권,1000267,돌곶이로8길,1528,1012,516,4,157,367,370,381,249,1,77,227,220,278,209,3,80,140,150,103,40
2019,3,A,골목상권,1000266,돌곶이로41길,592,288,304,8,92,149,142,127,74,5,42,91,66,47,37,3,50,58,76,80,37
2019,3,A,골목상권,1000265,돌곶이로28길,2768,1850,918,8,233,309,425,495,1298,4,88,159,234,298,1067,4,145,150,191,197,231
2019,3,A,골목상권,1000264,돌곶이로27길,1369,777,592,0,141,256,338,286,348,0,55,117,170,164,271,0,86,139,168,122,77
2019,3,A,골목상권,1000263,돌곶이로22길,2717,1807,910,3,257,420,451,444,1142,0,112,247,268,261,919,3,145,173,183,183,223
2019,3,A,골목상권,1000262,돌곶이로14길,1431,964,467,3,153,355,384,365,171,0,79,228,252,266,139,3,74,127,132,99,32
2019,3,A,골목상권,1000261,길음로7길,2191,707,1484,9,693,609,431,297,152,1,92,211,160,139,104,8,601,398,271,158,48
2019,3,A,골목상권,1000260,중랑천로10길,3351,2262,1089,3,335,767,1019,937,290,3,165,461,716,726,191,0,170,306,303,211,99
2019,3,A,골목상권,1000259,용마산로94길,1288,830,458,0,116,185,297,371,319,0,36,94,179,281,240,0,80,91,118,90,79
2019,3,A,골목상권,1000258,용마산로118길,2145,1347,798,3,174,311,449,625,583,0,63,141,230,422,491,3,111,170,219,203,92
2019,3,A,골목상권,1000257,용마산로112길,1335,826,509,3,110,206,267,412,337,1,38,99,154,269,265,2,72,107,113,143,72
2019,3,A,골목상권,1000256,용마산로100길,1301,752,549,0,105,181,336,344,335,0,42,85,188,213,224,0,63,96,148,131,111
2019,3,A,골목상권,1000255,신내로7가길,2548,1590,958,3,343,489,552,568,593,1,218,322,289,309,451,2,125,167,263,259,142
2019,3,A,골목상권,1000254,사가정로54길,3062,1914,1148,0,221,327,502,737,1275,0,90,178,289,491,866,0,131,149,213,246,409
2019,3,A,골목상권,1000253,사가정로42길,1099,663,436,0,93,230,343,259,174,0,53,134,214,164,98,0,40,96,129,95,76
2019,3,A,골목상권,1000252,봉화산로56길,5853,3579,2274,2,667,1237,1270,1512,1165,1,340,649,666,983,940,1,327,588,604,529,225
2019,3,A,골목상권,1000251,봉화산로4길,1082,589,493,3,141,176,272,255,235,3,72,83,132,130,169,0,69,93,140,125,66
2019,3,A,골목상권,1000250,봉화산로30길,1896,1116,780,7,215,352,466,490,366,7,99,192,255,277,286,0,116,160,211,213,80
2019,3,A,골목상권,1000249,봉우재로33길,3268,2004,1264,1,421,749,912,674,511,0,195,486,526,380,417,1,226,263,386,294,94
2019,3,A,골목상권,1000248,면목로78길,2879,1669,1210,2,368,677,835,641,356,0,175,445,455,328,266,2,193,232,380,313,90
2019,3,A,골목상권,1000247,면목로56길,2693,1652,1041,0,237,524,627,742,563,0,90,277,384,497,404,0,147,247,243,245,159
2019,3,A,골목상권,1000246,면목로55길,2509,1555,954,1,254,506,624,617,507,1,121,312,360,393,368,0,133,194,264,224,139
2019,3,A,골목상권,1000245,면목로49길,3501,2060,1441,1,276,539,711,742,1232,1,118,299,377,469,796,0,158,240,334,273,436
2019,3,A,골목상권,1000244,면목로48길,3491,2043,1448,0,275,446,548,848,1374,0,88,201,281,546,927,0,187,245,267,302,447
2019,3,A,골목상권,1000243,면목로45길,3040,1771,1269,0,204,376,550,688,1222,0,71,177,284,448,791,0,133,199,266,240,431
2019,3,A,골목상권,1000242,면목로33길,1674,1120,554,0,142,239,445,588,260,0,66,135,296,439,184,0,76,104,149,149,76
2019,3,A,골목상권,1000241,면목로21길,1517,1017,500,1,106,209,378,547,276,0,40,107,239,418,213,1,66,102,139,129,63
2019,3,A,골목상권,1000240,망우로73길,1797,1089,708,2,153,286,398,545,413,0,55,122,188,360,364,2,98,164,210,185,49
2019,3,A,골목상권,1000239,망우로68길,2001,1107,894,8,208,316,409,575,485,1,63,120,202,344,377,7,145,196,207,231,108
2019,3,A,골목상권,1000238,동일로163길,1302,722,580,0,136,269,302,368,227,0,42,154,166,209,151,0,94,115,136,159,76
2019,3,A,골목상권,1000237,동일로157길,3145,1925,1220,0,411,733,762,843,396,0,198,469,462,524,272,0,213,264,300,319,124
2019,3,A,골목상권,1000236,동일로149길,1701,1170,531,0,242,444,421,441,153,0,141,308,282,321,118,0,101,136,139,120,35
2019,3,A,골목상권,1000235,동일로140길,2467,1583,884,1,319,572,629,610,336,0,182,354,383,403,261,1,137,218,246,207,75
2019,3,A,골목상권,1000234,동일로139길,1855,1299,556,0,246,425,453,458,273,0,150,301,302,341,205,0,96,124,151,117,68
2019,3,A,골목상권,1000233,동일로139가길,2308,1527,781,0,298,540,578,576,316,0,167,356,362,398,244,0,131,184,216,178,72
2019,3,A,골목상권,1000232,동일로130길,1465,783,682,0,167,285,379,369,265,0,65,137,187,186,208,0,102,148,192,183,57
2019,3,A,골목상권,1000231,동일로123길,2503,1568,935,2,226,418,588,631,638,0,106,230,328,406,498,2,120,188,260,225,140
2019,3,A,골목상권,1000230,동일로112길,4467,2719,1748,3,516,995,1211,1020,722,0,239,620,689,610,561,3,277,375,522,410,161
2019,3,A,골목상권,1000229,동일로101길,1396,804,592,2,130,213,326,406,319,2,52,94,161,251,244,0,78,119,165,155,75
2019,3,A,골목상권,1000228,동일로100길,3344,2151,1193,2,379,714,919,799,531,1,193,493,556,490,418,1,186,221,363,309,113
2019,3,A,골목상권,1000227,답십리로75길,1513,1050,463,0,123,226,402,541,221,0,49,130,276,419,176,0,74,96,126,122,45
2019,3,A,골목상권,1000226,공릉로2길,2013,1097,916,3,269,440,468,517,316,2,105,262,245,261,222,1,164,178,223,256,94
2019,3,A,골목상권,1000225,공릉로12가길,1642,777,865,4,140,336,430,447,285,0,48,155,189,209,176,4,92,181,241,238,109
2019,3,A,골목상권,1000224,겸재로54길,1921,1068,853,1,150,372,465,566,367,0,52,182,248,343,243,1,98,190,217,223,124
2019,3,A,골목상권,1000223,겸재로36길,2133,1305,828,1,222,444,551,510,405,1,113,276,315,309,291,0,109,168,236,201,114
2019,3,A,골목상권,1000222,겸재로29길,2791,1633,1158,1,339,642,781,633,395,0,152,429,424,334,294,1,187,213,357,299,101
2019,3,A,골목상권,1000221,휘경로3길,1817,1078,739,1,126,294,536,504,356,1,47,164,315,336,215,0,79,130,221,168,141
2019,3,A,골목상권,1000220,휘경로2길,3064,1255,1809,1,573,808,755,557,370,0,97,285,346,320,207,1,476,523,409,237,163
2019,3,A,골목상권,1000219,휘경로23길,754,444,310,1,71,162,211,198,111,1,27,107,127,108,74,0,44,55,84,90,37
2019,3,A,골목상권,1000218,휘경로14길,1552,892,660,3,155,287,412,398,297,1,65,166,251,254,155,2,90,121,161,144,142
2019,3,A,골목상권,1000217,한천로46길,3109,1933,1176,6,232,652,797,869,553,2,102,374,453,546,456,4,130,278,344,323,97
2019,3,A,골목상권,1000216,한천로40길,3982,2435,1547,6,1569,700,537,656,514,3,859,474,316,393,390,3,710,226,221,263,124
2019,3,A,골목상권,1000215,한천로33길,4276,2324,1952,10,1590,764,696,735,481,4,869,487,363,318,283,6,721,277,333,417,198
2019,3,A,골목상권,1000214,한천로14길,5561,3333,2228,9,555,1022,1173,1409,1393,7,277,638,773,806,832,2,278,384,400,603,561
2019,3,A,골목상권,1000213,천호대로97길,2780,1714,1066,2,267,418,602,654,837,0,101,225,319,396,673,2,166,193,283,258,164
2019,3,A,골목상권,1000212,천호대로77길,7559,4798,2761,33,1463,1824,1514,1351,1374,1,664,1196,1028,847,1062,32,799,628,486,504,312
2019,3,A,골목상권,1000211,천호대로45길,2803,1586,1217,5,315,689,751,806,237,4,143,341,382,547,169,1,172,348,369,259,68
2019,3,A,골목상권,1000210,천호대로17길,8220,4956,3264,20,1963,2460,1759,1185,833,8,773,1543,1170,832,630,12,1190,917,589,353,203
2019,3,A,골목상권,1000209,천호대로12길,8882,4148,4734,7,736,2092,2776,2330,941,2,297,1176,1209,907,557,5,439,916,1567,1423,384
2019,3,A,골목상권,1000208,천장산로7길,1468,893,575,2,150,272,459,381,204,2,56,126,274,271,164,0,94,146,185,110,40
2019,3,A,골목상권,1000207,제기로5길,1069,648,421,0,86,212,326,258,187,0,45,116,196,162,129,0,41,96,130,96,58
2019,3,A,골목상권,1000206,제기로21길,2988,1831,1157,2,416,832,746,672,320,1,148,453,492,495,242,1,268,379,254,177,78
2019,3,A,골목상권,1000205,전농로4길,3945,2695,1250,5,457,862,1045,877,699,1,275,551,732,607,529,4,182,311,313,270,170
2019,3,A,골목상권,1000204,전농로3길,5358,2290,3068,15,710,1051,1521,1540,521,4,467,692,488,324,315,11,243,359,1033,1216,206
2019,3,A,골목상권,1000203,전농로29길,3125,1723,1402,3,373,652,823,859,415,2,152,296,501,513,259,1,221,356,322,346,156
2019,3,A,골목상권,1000202,장한로8길,5218,3301,1917,5,577,986,1207,1218,1225,2,250,586,730,758,975,3,327,400,477,460,250
2019,3,A,골목상권,1000201,장한로5길,5840,3658,2182,6,580,1002,1195,1346,1711,4,292,630,785,822,1125,2,288,372,410,524,586
2019,3,A,골목상권,1000200,장한로27길,5193,2598,2595,20,1903,1103,932,776,459,13,948,579,406,369,283,7,955,524,526,407,176
2019,3,A,골목상권,1000199,장한로27가길,5769,2830,2939,18,1947,1235,1113,971,485,13,962,658,469,420,308,5,985,577,644,551,177
2019,3,A,골목상권,1000198,장한로26길,4673,2574,2099,18,862,1206,1221,945,421,11,447,657,609,551,299,7,415,549,612,394,122
2019,3,A,골목상권,1000197,장한로26가길,3858,1803,2055,5,510,874,987,951,531,2,170,391,439,456,345,3,340,483,548,495,186
2019,3,A,골목상권,1000196,장한로25길,3162,1385,1777,18,492,752,827,704,369,13,170,324,332,323,223,5,322,428,495,381,146
2019,3,A,골목상권,1000195,장한로14길,3323,2048,1275,3,371,662,715,950,622,2,187,406,451,549,453,1,184,256,264,401,169
2019,3,A,골목상권,1000194,이문로42길,1408,830,578,1,120,293,347,325,322,1,48,181,204,191,205,0,72,112,143,134,117
2019,3,A,골목상권,1000193,왕산로43길,3510,1924,1586,1,476,779,783,825,646,0,196,474,457,462,335,1,280,305,326,363,311
2019,3,A,골목상권,1000192,왕산로33길,1292,748,544,2,154,195,272,357,312,2,78,107,172,179,210,0,76,88,100,178,102
2019,3,A,골목상권,1000191,왕산로32길,2531,1363,1168,4,269,617,695,731,215,3,102,279,336,493,150,1,167,338,359,238,65
2019,3,A,골목상권,1000190,약령시로17길,2220,1414,806,0,237,509,523,606,345,0,135,357,355,361,206,0,102,152,168,245,139
2019,3,A,골목상권,1000189,서울시립대로4길,1455,946,509,6,210,294,380,339,226,4,129,183,241,224,165,2,81,111,139,115,61
2019,3,A,골목상권,1000188,서울시립대로29길,3126,1608,1518,5,435,608,708,767,603,2,143,234,371,416,442,3,292,374,337,351,161
2019,3,A,골목상권,1000187,서울시립대로16길,1454,861,593,1,158,308,421,375,191,1,75,168,269,238,110,0,83,140,152,137,81
2019,3,A,골목상권,1000186,사가정로2길,6370,2982,3388,13,844,1368,1752,1637,756,3,547,894,664,393,481,10,297,474,1088,1244,275
2019,3,A,골목상권,1000185,사가정로23가길,3149,1870,1279,5,236,577,788,943,600,2,108,313,413,540,494,3,128,264,375,403,106
2019,3,A,골목상권,1000184,사가정로13길,4543,2341,2202,3,448,1023,1204,1203,662,1,197,464,645,639,395,2,251,559,559,564,267
2019,3,A,골목상권,1000183,무학로45길,4256,2741,1515,13,655,1065,987,936,600,6,281,652,656,668,478,7,374,413,331,268,122
2019,3,A,골목상권,1000182,무학로16길,3110,2010,1100,4,343,688,676,708,691,2,186,407,477,474,464,2,157,281,199,234,227
2019,3,A,골목상권,1000181,망우로21길,3171,1603,1568,4,498,668,835,801,365,0,138,340,475,460,190,4,360,328,360,341,175
2019,3,A,골목상권,1000180,망우로18길,3882,1953,1929,3,543,814,1007,1045,470,0,155,345,567,616,270,3,388,469,440,429,200
2019,3,A,골목상권,1000179,망우로18가길,1880,990,890,0,182,404,505,511,278,0,73,132,267,331,187,0,109,272,238,180,91
2019,3,A,골목상권,1000178,답십리로72길,5358,3024,2334,16,921,1316,1382,1143,580,12,477,745,718,648,424,4,444,571,664,495,156
2019,3,A,골목상권,1000177,답십리로69길,3199,1556,1643,3,421,669,801,809,496,1,146,336,330,398,345,2,275,333,471,411,151
2019,3,A,골목상권,1000176,답십리로68길,4974,2389,2585,20,624,1013,1118,1148,1051,16,250,491,542,551,539,4,374,522,576,597,512
2019,3,A,골목상권,1000175,답십리로64길,4055,2069,1986,22,482,724,795,960,1072,18,219,364,447,484,537,4,263,360,348,476,535
2019,3,A,골목상권,1000174,답십리로63길,4150,2144,2006,17,1712,832,724,565,300,13,895,489,314,245,188,4,817,343,410,320,112
2019,3,A,골목상권,1000173,답십리로60길,2888,1591,1297,10,264,409,541,716,948,7,133,228,328,389,506,3,131,181,213,327,442
2019,3,A,골목상권,1000172,답십리로56길,1731,1030,701,7,192,328,415,449,340,1,83,178,225,276,267,6,109,150,190,173,73
2019,3,A,골목상권,1000171,답십리로23길,713,405,308,1,72,125,174,170,171,1,40,81,118,89,76,0,32,44,56,81,95
2019,3,A,골목상권,1000170,난계로30길,10345,4859,5486,10,1010,2410,3106,2590,1219,2,373,1311,1357,1059,757,8,637,1099,1749,1531,462
2019,3,A,골목상권,1000169,경희대로4길,2413,802,1611,2,580,790,543,322,176,0,101,257,199,125,120,2,479,533,344,197,56
2019,3,A,골목상권,1000168,경희대로3길,2199,1212,987,4,408,756,481,362,188,2,140,395,298,243,134,2,268,361,183,119,54
2019,3,A,골목상권,1000167,천호대로129길,3629,2259,1370,7,405,603,1011,1004,599,3,199,368,653,633,403,4,206,235,358,371,196
2019,3,A,골목상권,1000166,천호대로123길,3898,2175,1723,9,466,786,1022,924,691,3,247,478,530,450,467,6,219,308,492,474,224
2019,3,A,골목상권,1000165,천호대로109길,4550,2707,1843,6,659,1009,1186,932,758,2,357,634,678,523,513,4,302,375,508,409,245
2019,3,A,골목상권,1000164,자양번영로3길,2324,1553,771,4,290,484,672,640,234,2,189,340,462,400,160,2,101,144,210,240,74
2019,3,A,골목상권,1000163,자양로53길,3112,1951,1161,2,340,508,931,881,450,1,169,328,558,558,337,1,171,180,373,323,113
2019,3,A,골목상권,1000162,자양로50길,3213,1920,1293,6,351,515,871,963,507,3,168,287,564,589,309,3,183,228,307,374,198
2019,3,A,골목상권,1000161,자양로45길,3348,1858,1490,11,380,623,884,832,618,5,179,369,466,428,411,6,201,254,418,404,207
2019,3,A,골목상권,1000160,자양로26길,10801,8903,1898,10,593,1536,2990,4544,1128,8,333,1152,2471,3971,968,2,260,384,519,573,160
2019,3,A,골목상권,1000159,자양로15길,13989,10432,3557,23,1002,2106,3766,5421,1671,13,444,1269,2904,4483,1319,10,558,837,862,938,352
2019,3,A,골목상권,1000158,자양로11길,4582,2554,2028,14,597,1009,1227,1135,600,10,232,532,715,643,422,4,365,477,512,492,178
2019,3,A,골목상권,1000157,용마산로3길,4311,2442,1869,8,598,872,1115,963,755,2,326,529,590,492,503,6,272,343,525,471,252
2019,3,A,골목상권,1000156,용마산로21길,2846,1548,1298,1,284,612,787,730,432,0,103,296,424,415,310,1,181,316,363,315,122
2019,3,A,골목상권,1000155,아차산로78길,10472,6194,4278,75,2872,2416,1978,2033,1098,28,1294,1422,1332,1349,769,47,1578,994,646,684,329
2019,3,A,골목상권,1000154,아차산로65길,6030,3776,2254,13,891,1427,1369,1173,1157,7,507,1012,965,661,624,6,384,415,404,512,533
2019,3,A,골목상권,1000153,아차산로55길,6735,3479,3256,14,522,1201,1933,2157,908,11,244,668,1066,969,521,3,278,533,867,1188,387
2019,3,A,골목상권,1000152,아차산로51길,13687,10357,3330,20,831,2210,3717,5387,1522,14,391,1383,2848,4500,1221,6,440,827,869,887,301
2019,3,A,골목상권,1000151,아차산로40길,3139,1850,1289,18,488,661,784,680,508,6,253,407,468,351,365,12,235,254,316,329,143
2019,3,A,골목상권,1000150,면목로17길,1939,1408,531,4,159,386,472,603,315,0,82,274,335,481,236,4,77,112,137,122,79
2019,3,A,골목상권,1000149,뚝섬로64길,3274,1776,1498,6,342,778,864,884,400,4,144,437,472,446,273,2,198,341,392,438,127
2019,3,A,골목상권,1000148,뚝섬로58길,3387,1986,1401,11,397,747,896,940,396,7,239,429,508,510,293,4,158,318,388,430,103
2019,3,A,골목상권,1000147,뚝섬로54길,2293,1513,780,9,461,522,555,488,258,5,354,358,317,276,203,4,107,164,238,212,55
2019,3,A,골목상권,1000146,뚝섬로48길,2029,1271,758,7,401,415,505,446,255,3,275,292,299,222,180,4,126,123,206,224,75
2019,3,A,골목상권,1000145,뚝섬로24길,786,546,240,4,94,149,188,186,165,3,58,104,119,126,136,1,36,45,69,60,29
2019,3,A,골목상권,1000144,뚝섬로23길,1746,1076,670,11,263,383,411,384,294,6,129,222,250,240,229,5,134,161,161,144,65
2019,3,A,골목상권,1000143,동일로24길,3596,2307,1289,16,524,798,912,739,607,9,263,500,616,463,456,7,261,298,296,276,151
2019,3,A,골목상권,1000142,동일로18길,5296,3382,1914,29,684,1127,1318,1218,920,18,334,699,860,805,666,11,350,428,458,413,254
2019,3,A,골목상권,1000141,능동로4길,2386,1761,625,4,289,612,673,582,226,2,198,472,520,411,158,2,91,140,153,171,68
2019,3,A,골목상권,1000140,능동로3길,2145,1690,455,6,248,543,606,524,218,4,177,443,485,410,171,2,71,100,121,114,47
2019,3,A,골목상권,1000139,능동로34길,5128,3063,2065,7,669,1089,1310,1092,961,2,362,650,772,609,668,5,307,439,538,483,293
2019,3,A,골목상권,1000138,능동로19길,2152,1356,796,5,239,351,523,673,361,1,106,201,333,440,275,4,133,150,190,233,86
2019,3,A,골목상권,1000137,능동로13길,4765,3073,1692,11,690,1159,1268,1055,582,5,358,744,841,663,462,6,332,415,427,392,120
2019,3,A,골목상권,1000136,긴고랑로9길,1796,1020,776,3,182,352,493,453,313,0,55,195,263,273,234,3,127,157,230,180,79
2019,3,A,골목상권,1000135,긴고랑로8길,3548,2229,1319,20,513,851,849,766,549,15,236,495,545,505,433,5,277,356,304,261,116
2019,3,A,골목상권,1000134,긴고랑로7길,2796,1753,1043,5,302,649,660,660,520,1,121,377,391,441,422,4,181,272,269,219,98
2019,3,A,골목상권,1000133,긴고랑로20길,3084,1688,1396,3,383,639,837,718,504,2,191,391,436,364,304,1,192,248,401,354,200
2019,3,A,골목상권,1000132,광나루로52길,10641,5932,4709,14,1095,2210,2696,2887,1739,8,610,1454,1687,1287,886,6,485,756,1009,1600,853
2019,3,A,골목상권,1000131,광나루로40길,2549,1398,1151,6,299,594,666,671,313,4,127,328,364,356,219,2,172,266,302,315,94
2019,3,A,골목상권,1000130,광나루로37길,2204,1170,1034,4,229,479,523,590,379,4,88,234,245,314,285,0,141,245,278,276,94
2019,3,A,골목상권,1000129,광나루로36길,2612,1733,879,7,326,715,591,633,340,6,181,483,373,423,267,1,145,232,218,210,73
2019,3,A,골목상권,1000128,광나루로24길,1341,966,375,4,123,188,353,454,219,0,69,132,244,340,181,4,54,56,109,114,38
2019,3,A,골목상권,1000127,광나루로12길,3432,2108,1324,5,520,921,903,654,429,4,284,596,581,331,312,1,236,325,322,323,117
2019,3,A,골목상권,1000126,한림말길,14686,10526,4160,13,1950,4894,4329,3006,494,12,741,3287,3501,2594,391,1,1209,1607,828,412,103
2019,3,A,골목상권,1000125,한림말3길,4469,1851,2618,5,965,1324,1006,711,458,1,240,467,484,370,289,4,725,857,522,341,169
2019,3,A,골목상권,1000124,청계천로10나길,4806,2824,1982,5,527,1204,1242,1232,596,4,249,600,736,831,404,1,278,604,506,401,192
2019,3,A,골목상권,1000123,장터길,1048,452,596,0,125,254,274,270,125,0,32,89,128,123,80,0,93,165,146,147,45
2019,3,A,골목상권,1000122,용답중앙길,6266,2892,3374,29,945,1319,1711,1596,666,4,578,890,651,370,399,25,367,429,1060,1226,267
2019,3,A,골목상권,1000121,용답29길,8434,4507,3927,33,1262,1839,2322,2038,940,5,783,1247,1123,715,634,28,479,592,1199,1323,306
2019,3,A,골목상권,1000120,왕십리로6길,8279,5192,3087,19,1317,2043,1987,1645,1268,12,742,1287,1241,1055,855,7,575,756,746,590,413
2019,3,A,골목상권,1000119,왕십리로31길,3269,1577,1692,8,641,732,609,683,596,2,171,357,354,362,331,6,470,375,255,321,265
2019,3,A,골목상권,1000118,왕십리로26길,5356,3035,2321,12,916,1077,1146,1240,965,5,316,582,747,804,581,7,600,495,399,436,384
2019,3,A,골목상권,1000117,왕십리로21길,8415,2654,5761,11,691,1334,2479,3459,441,9,421,906,788,342,188,2,270,428,1691,3117,253
2019,3,A,골목상권,1000116,왕십리로14길,5704,3767,1937,11,809,1260,1274,1245,1105,8,450,833,787,838,851,3,359,427,487,407,254
2019,3,A,골목상권,1000115,아차산로5길,10565,6501,4064,24,1580,2613,2511,2063,1774,13,794,1592,1612,1285,1205,11,786,1021,899,778,569
2019,3,A,골목상권,1000114,아차산로15길,12658,8502,4156,63,1842,3385,3373,2470,1525,44,999,2271,2356,1665,1167,19,843,1114,1017,805,358
2019,3,A,골목상권,1000113,아차산로11길,18052,11601,6451,71,2792,4649,4552,3629,2359,48,1438,3002,3091,2250,1772,23,1354,1647,1461,1379,587
2019,3,A,골목상권,1000112,송정4가길,6406,4057,2349,15,1029,1899,1713,1080,670,5,517,1208,1143,670,514,10,512,691,570,410,156
2019,3,A,골목상권,1000111,송정12라길,1178,607,571,0,144,309,313,271,141,0,57,173,174,123,80,0,87,136,139,148,61
2019,3,A,골목상권,1000110,성수일로6길,20314,12638,7676,72,3289,5284,4858,3827,2984,52,1714,3316,3167,2374,2015,20,1575,1968,1691,1453,969
2019,3,A,골목상권,1000109,성수이로7길,13468,8240,5228,48,2287,3496,3144,2670,1823,31,1140,2167,2044,1607,1251,17,1147,1329,1100,1063,572
2019,3,A,골목상권,1000108,성수이로18길,17664,11267,6397,119,2812,4229,4270,3684,2550,82,1484,2721,2862,2320,1798,37,1328,1508,1408,1364,752
2019,3,A,골목상권,1000107,성덕정길,2778,1904,874,3,270,580,671,818,436,1,143,382,435,591,352,2,127,198,236,227,84
2019,3,A,골목상권,1000106,성덕정17길,5531,3833,1698,68,918,1476,1438,1088,543,40,523,1039,1016,781,434,28,395,437,422,307,109
2019,3,A,골목상권,1000105,서울숲2길,2910,1865,1045,5,400,647,751,689,418,4,214,392,468,465,322,1,186,255,283,224,96
2019,3,A,골목상권,1000104,상원길,8493,5295,3198,26,1343,2157,2016,1635,1316,14,729,1353,1296,1044,859,12,614,804,720,591,457
2019,3,A,골목상권,1000103,상원12길,5148,3434,1714,7,732,1159,1134,1101,1015,4,412,792,737,723,766,3,320,367,397,378,249
2019,3,A,골목상권,1000102,사근동길,2734,1878,856,1,201,547,850,748,387,1,72,324,584,583,314,0,129,223,266,165,73
2019,3,A,골목상권,1000101,무학봉길,1160,589,571,1,141,270,320,277,151,1,59,126,155,141,107,0,82,144,165,136,44
2019,3,A,골목상권,1000100,무학봉28길,3439,1892,1547,9,501,654,731,813,731,4,182,336,419,484,467,5,319,318,312,329,264
2019,3,A,골목상권,1000099,무학로6길,4173,2255,1918,12,802,793,802,884,880,4,283,435,493,523,517,8,519,358,309,361,363
2019,3,A,골목상권,1000098,무수막길,1020,557,463,1,124,185,243,240,227,0,42,81,134,133,167,1,82,104,109,107,60
2019,3,A,골목상권,1000097,매봉길,786,408,378,3,84,189,212,208,90,1,33,85,118,106,65,2,51,104,94,102,25
2019,3,A,골목상권,1000096,마조로1길,3894,2688,1206,1,310,780,1132,1123,548,1,116,476,801,888,406,0,194,304,331,235,142
2019,3,A,골목상권,1000095,마조로16길,1743,1064,679,2,205,340,439,456,301,1,97,194,251,298,223,1,108,146,188,158,78
2019,3,A,골목상권,1000094,마장로39길,1704,1111,593,1,162,299,424,471,347,0,86,185,259,323,258,1,76,114,165,148,89
2019,3,A,골목상권,1000093,마장로27길,3653,2056,1597,5,644,756,780,787,681,2,264,416,488,476,410,3,380,340,292,311,271
2019,3,A,골목상권,1000092,뚝섬로5길,9107,5815,3292,26,1563,2647,2273,1587,1011,15,795,1655,1520,1102,728,11,768,992,753,485,283
2019,3,A,골목상권,1000091,둘레9길,3334,2398,936,10,367,832,913,823,389,5,219,657,644,582,291,5,148,175,269,241,98
2019,3,A,골목상권,1000090,금호산길,1615,868,747,1,241,371,397,328,277,0,76,177,221,185,209,1,165,194,176,143,68
2019,3,A,골목상권,1000089,금호산2길,3237,1364,1873,19,374,945,1158,469,272,0,129,317,499,229,190,19,245,628,659,240,82
2019,3,A,골목상권,1000088,고산자로6길,11694,4963,6731,15,1021,2018,3428,4313,899,12,560,1354,1466,1007,564,3,461,664,1962,3306,335
2019,3,A,골목상권,1000087,후암로28길,3274,2099,1175,5,322,554,1017,978,398,4,113,291,721,701,269,1,209,263,296,277,129
2019,3,A,골목상권,1000086,효창원로39길,5010,3124,1886,12,801,1278,1337,1126,456,10,384,814,860,740,316,2,417,464,477,386,140
2019,3,A,골목상권,1000085,회나무로13길,2914,1396,1518,4,494,1099,780,344,193,0,228,548,333,143,144,4,266,551,447,201,49
2019,3,A,골목상권,1000084,한남대로20길,19793,14956,4837,77,3025,5602,5011,5114,964,38,1499,3747,4159,4721,792,39,1526,1855,852,393,172
2019,3,A,골목상권,1000083,한강대로88길,3532,1948,1584,10,570,1355,955,429,213,4,198,642,621,319,164,6,372,713,334,110,49
2019,3,A,골목상권,1000082,한강대로7길,9292,5426,3866,11,961,2249,2918,2247,906,7,446,1244,1649,1482,598,4,515,1005,1269,765,308
2019,3,A,골목상권,1000081,한강대로62길,14819,7117,7702,29,3181,4756,4144,2113,596,14,1243,2108,2086,1302,364,15,1938,2648,2058,811,232
2019,3,A,골목상권,1000080,한강대로52길,25037,9472,15565,65,6139,8052,7108,2902,771,23,2201,2828,2516,1422,482,42,3938,5224,4592,1480,289
2019,3,A,골목상권,1000079,한강대로43길,30446,12591,17855,93,8030,11166,7918,2413,826,39,3097,4782,3106,1020,547,54,4933,6384,4812,1393,279
2019,3,A,골목상권,1000078,한강대로15길,8262,4685,3577,9,726,1926,2702,2111,788,6,289,979,1469,1399,543,3,437,947,1233,712,245
2019,3,A,골목상권,1000077,한강대로104길,25525,13524,12001,76,9202,7003,4673,2681,1890,13,2019,4109,3754,2129,1500,63,7183,2894,919,552,390
2019,3,A,골목상권,1000076,청파로73길,4225,2730,1495,13,573,1044,778,701,1116,9,216,513,539,491,962,4,357,531,239,210,154
2019,3,A,골목상권,1000075,청파로71길,6760,4051,2709,2,1239,1812,1296,1091,1320,1,399,910,880,750,1111,1,840,902,416,341,209
2019,3,A,골목상권,1000074,청파로47나길,6299,3747,2552,5,909,1756,1270,1058,1301,2,299,808,848,716,1074,3,610,948,422,342,227
2019,3,A,골목상권,1000073,청파로47길,11070,6421,4649,268,3163,3768,2115,1209,547,114,1498,2217,1395,808,389,154,1665,1551,720,401,158
2019,3,A,골목상권,1000072,장문로45길,3839,2662,1177,37,619,955,1007,858,363,26,308,626,757,667,278,11,311,329,250,191,85
2019,3,A,골목상권,1000071,이태원로54길,14402,9024,5378,30,2712,5508,3692,1927,533,13,1243,3123,2636,1630,379,17,1469,2385,1056,297,154
2019,3,A,골목상권,1000070,이태원로27길,18297,9048,9249,28,4719,6801,4054,1864,831,16,1416,3085,2541,1417,573,12,3303,3716,1513,447,258
2019,3,A,골목상권,1000069,이촌로22길,2407,1488,919,3,390,659,593,510,252,2,200,404,388,342,152,1,190,255,205,168,100
2019,3,A,골목상권,1000068,원효로89길,11112,6713,4399,276,3202,3702,2236,1181,515,118,1548,2266,1570,849,362,158,1654,1436,666,332,153
2019,3,A,골목상권,1000067,원효로53길,6718,4773,1945,39,1102,2070,1878,1012,617,27,679,1539,1370,707,451,12,423,531,508,305,166
2019,3,A,골목상권,1000066,원효로41길,6756,4811,1945,23,1091,2264,1969,923,486,12,622,1601,1507,679,390,11,469,663,462,244,96
2019,3,A,골목상권,1000065,원효로19길,8398,5866,2532,19,1170,2526,2271,1273,1139,12,661,1750,1732,907,804,7,509,776,539,366,335
2019,3,A,골목상권,1000064,우사단로4길,2678,1501,1177,7,288,827,775,513,268,2,90,406,473,356,174,5,198,421,302,157,94
2019,3,A,골목상권,1000063,우사단로14길,7298,3998,3300,24,1318,2577,2036,926,417,9,499,1239,1306,662,283,15,819,1338,730,264,134
2019,3,A,골목상권,1000062,우사단로10길,6573,3335,3238,22,992,2318,1889,914,438,7,278,1032,1150,620,248,15,714,1286,739,294,190
2019,3,A,골목상권,1000061,신흥로20길,2776,1769,1007,4,310,494,831,834,303,4,114,268,589,593,201,0,196,226,242,241,102
2019,3,A,골목상권,1000060,소월로20길,2168,1491,677,1,202,402,746,662,155,1,92,221,562,509,106,0,110,181,184,153,49
2019,3,A,골목상권,1000059,서빙고로71길,5610,3274,2336,2,648,1663,2111,854,332,0,220,648,1482,690,234,2,428,1015,629,164,98
2019,3,A,골목상권,1000058,백범로90길,9066,5401,3665,259,2618,2671,1806,1130,582,122,1306,1653,1220,716,384,137,1312,1018,586,414,198
2019,3,A,골목상권,1000057,백범로79길,4674,3023,1651,18,635,1253,1191,938,639,11,338,835,815,613,411,7,297,418,376,325,228
2019,3,A,골목상권,1000056,두텁바위로1길,7955,4940,3015,19,1333,2353,2143,1433,674,5,472,1263,1553,1109,538,14,861,1090,590,324,136
2019,3,A,골목상권,1000055,대사관로34길,6992,4578,2414,54,1072,2098,1833,1130,805,39,562,1274,1282,833,588,15,510,824,551,297,217
2019,3,A,골목상권,1000054,녹사평대로46길,9940,3957,5983,3,3209,4194,1831,522,181,1,739,1702,993,387,135,2,2470,2492,838,135,46
2019,3,A,골목상권,1000053,녹사평대로40나길,1251,721,530,2,241,346,252,238,172,1,114,211,147,134,114,1,127,135,105,104,58
2019,3,A,골목상권,1000052,녹사평대로32길,1986,1110,876,16,346,398,377,408,441,10,200,247,203,207,243,6,146,151,174,201,198
2019,3,A,골목상권,1000051,녹사평대로26길,5623,3499,2124,25,1010,1453,1436,977,722,15,558,948,940,613,425,10,452,505,496,364,297
2019,3,A,골목상권,1000050,녹사평대로11길,2024,1130,894,1,235,529,663,385,211,0,75,262,406,257,130,1,160,267,257,128,81
2019,3,A,골목상권,1000049,퇴계로90길,2588,1366,1222,3,396,676,577,528,408,3,174,348,305,291,245,0,222,328,272,237,163
2019,3,A,골목상권,1000048,퇴계로8길,24169,15527,8642,41,3955,8406,6547,3744,1476,10,1753,5083,4817,2940,924,31,2202,3323,1730,804,552
2019,3,A,골목상권,1000047,퇴계로56길,46645,23056,23589,312,13886,12206,9779,7509,2953,120,6552,7288,5564,2627,905,192,7334,4918,4215,4882,2048
2019,3,A,골목상권,1000046,퇴계로46길,8076,4975,3101,36,1398,2096,2158,1537,851,21,580,1242,1452,1058,622,15,818,854,706,479,229
2019,3,A,골목상권,1000045,퇴계로18길,22616,10493,12123,29,3559,6898,7627,3430,1073,11,1317,2955,3826,1768,616,18,2242,3943,3801,1662,457
2019,3,A,골목상권,1000044,퇴계로12길,15202,9708,5494,12,1929,4616,5080,2451,1114,5,901,2643,3704,1806,649,7,1028,1973,1376,645,465
2019,3,A,골목상권,1000043,청구로1길,3813,1941,1872,2,607,1028,958,778,440,0,188,484,553,454,262,2,419,544,405,324,178
2019,3,A,골목상권,1000042,청구로17길,8917,4286,4631,15,1870,2475,2021,1705,831,5,554,1146,1072,971,538,10,1316,1329,949,734,293
2019,3,A,골목상권,1000041,장충단로8길,10694,5642,5052,17,1857,2801,2855,2333,831,4,661,1608,1609,1273,487,13,1196,1193,1246,1060,344
2019,3,A,골목상권,1000040,삼일대로4길,38834,17323,21511,97,6616,12101,11217,6541,2262,25,2187,5531,5102,3022,1456,72,4429,6570,6115,3519,806
2019,3,A,골목상권,1000039,명동길,96337,44858,51479,259,20615,31949,25220,15655,2639,87,6151,13231,13029,10610,1750,172,14464,18718,12191,5045,889
2019,3,A,골목상권,1000038,동호로8길,4385,2201,2184,11,1012,1153,908,765,536,3,311,600,532,405,350,8,701,553,376,360,186
2019,3,A,골목상권,1000037,동호로20길,13565,6708,6857,25,2822,3778,3345,2661,934,6,862,1988,1835,1426,591,19,1960,1790,1510,1235,343
2019,3,A,골목상권,1000036,동호로15길,7862,3823,4039,15,1667,2163,1755,1509,753,6,525,981,934,865,512,9,1142,1182,821,644,241
2019,3,A,골목상권,1000035,동호로11길,4771,3096,1675,8,711,1629,1188,839,396,2,348,1122,844,513,267,6,363,507,344,326,129
2019,3,A,골목상권,1000034,동호로10길,7227,3495,3732,12,1583,1994,1527,1290,821,2,459,964,854,700,516,10,1124,1030,673,590,305
2019,3,A,골목상권,1000033,다산로39길,2826,1434,1392,2,442,662,690,614,416,0,162,291,341,364,276,2,280,371,349,250,140
2019,3,A,골목상권,1000032,다산로38길,2383,1106,1277,2,392,586,586,492,325,1,110,222,275,282,216,1,282,364,311,210,109
2019,3,A,골목상권,1000031,다산로36길,2292,1099,1193,2,330,602,576,464,318,2,86,247,293,259,212,0,244,355,283,205,106
2019,3,A,골목상권,1000030,다산로33길,5551,2806,2745,4,769,1334,1465,1451,528,2,276,598,731,840,359,2,493,736,734,611,169
2019,3,A,골목상권,1000029,난계로21길,2829,1524,1305,2,366,644,752,709,356,1,161,368,396,348,250,1,205,276,356,361,106
2019,3,A,골목상권,1000028,난계로11길,2999,1490,1509,4,417,760,768,706,344,3,202,427,372,284,202,1,215,333,396,422,142
2019,3,A,골목상권,1000027,필운대로1길,3174,1811,1363,2,407,777,861,678,449,2,198,412,491,384,324,0,209,365,370,294,125
2019,3,A,골목상권,1000026,평창길,9451,5431,4020,11,874,2537,3566,1900,563,7,404,1155,2082,1379,404,4,470,1382,1484,521,159
2019,3,A,골목상권,1000025,통일로12길,1623,903,720,10,321,536,391,258,107,7,115,308,245,153,75,3,206,228,146,105,32
2019,3,A,골목상권,1000024,창신길,665,234,431,0,77,100,139,199,150,0,22,36,63,66,47,0,55,64,76,133,103
2019,3,A,골목상권,1000023,창신5길,1977,1128,849,2,228,511,587,403,246,1,156,353,280,194,144,1,72,158,307,209,102
2019,3,A,골목상권,1000022,창신2길,806,372,434,1,61,130,203,214,197,1,21,57,98,96,99,0,40,73,105,118,98
2019,3,A,골목상권,1000021,창경궁로35길,3854,1944,1910,22,642,913,783,799,695,14,256,467,419,402,386,8,386,446,364,397,309
2019,3,A,골목상권,1000020,지봉로8길,2493,1442,1051,3,326,621,720,526,297,2,185,405,360,296,194,1,141,216,360,230,103
2019,3,A,골목상권,1000019,종로65길,3699,2032,1667,3,398,545,737,762,1254,0,109,264,408,420,831,3,289,281,329,342,423
2019,3,A,골목상권,1000018,종로58가길,2879,1600,1279,8,421,756,810,558,326,6,215,448,405,317,209,2,206,308,405,241,117
2019,3,A,골목상권,1000017,종로24길,5817,3837,1980,14,571,1280,1451,1317,1184,2,275,837,967,862,894,12,296,443,484,455,290
2019,3,A,골목상권,1000016,자하문로7길,8233,5850,2383,22,1058,2378,2522,1573,680,0,644,1677,1907,1147,475,22,414,701,615,426,205
2019,3,A,골목상권,1000015,이화장길,9785,5862,3923,11,1634,2866,2459,1901,914,3,582,1503,1640,1498,636,8,1052,1363,819,403,278
2019,3,A,골목상권,1000014,율곡로16길,8941,5638,3303,16,1463,2522,2366,1845,729,3,543,1402,1674,1513,503,13,920,1120,692,332,226
2019,3,A,골목상권,1000013,율곡로10길,8187,5391,2796,15,1137,2439,2393,1490,713,2,531,1476,1725,1108,549,13,606,963,668,382,164
2019,3,A,골목상권,1000012,옥인길,1589,673,916,21,292,445,379,291,161,0,79,192,153,145,104,21,213,253,226,146,57
2019,3,A,골목상권,1000011,숭인동길,8095,3140,4955,6,1015,1490,1579,1991,2014,1,259,634,698,567,981,5,756,856,881,1424,1033
2019,3,A,골목상권,1000010,성균관로5길,1499,939,560,13,195,279,344,347,321,9,82,145,236,248,219,4,113,134,108,99,102
2019,3,A,골목상권,1000009,삼청로5길,8785,7414,1371,2,928,2437,2994,1984,440,1,708,1962,2587,1767,389,1,220,475,407,217,51
2019,3,A,골목상권,1000008,북촌로5나길,9087,7537,1550,1,961,2541,3053,2078,453,1,713,2001,2610,1815,397,0,248,540,443,263,56
2019,3,A,골목상권,1000007,북촌로5길,11176,8689,2487,5,1328,3056,3467,2361,959,2,842,2403,2908,1887,647,3,486,653,559,474,312
2019,3,A,골목상권,1000006,북촌로11길,8584,6196,2388,2,1072,2611,2653,1727,519,1,588,1754,2028,1396,429,1,484,857,625,331,90
2019,3,A,골목상권,1000005,백석동길,3651,2049,1602,4,651,1107,944,631,314,0,259,635,564,386,205,4,392,472,380,245,109
2019,3,A,골목상권,1000004,명륜길,1715,999,716,8,277,484,374,317,255,8,111,255,237,205,183,0,166,229,137,112,72
2019,3,A,골목상권,1000003,돈화문로11가길,32048,20069,11979,619,8419,8076,7351,4953,2630,317,4206,5083,5242,3548,1673,302,4213,2993,2109,1405,957
2019,3,A,골목상권,1000002,난계로27길,9366,4453,4913,8,834,2132,2845,2422,1125,0,330,1222,1281,974,646,8,504,910,1564,1448,479
2019,3,A,골목상권,1000001,계동길,7818,4892,2926,2,1054,2536,2493,1360,373,2,436,1502,1714,974,264,0,618,1034,779,386,109
2019,2,A,골목상권,1001010,풍성로37가길,2935,1774,1161,3,404,690,742,680,416,2,245,435,432,401,259,1,159,255,310,279,157
2019,2,A,골목상권,1001009,천호옛길,6413,3834,2579,7,841,1549,1578,1691,747,4,418,800,894,1114,604,3,423,749,684,577,143
2019,2,A,골목상권,1001008,천호옛14길,4362,2489,1873,6,922,1320,1025,667,422,2,374,799,633,408,273,4,548,521,392,259,149
2019,2,A,골목상권,1001007,천호대로219길,1171,816,355,0,136,192,317,334,192,0,76,129,237,232,142,0,60,63,80,102,50
2019,2,A,골목상권,1001006,천호대로197길,1996,1108,888,1,214,372,452,488,469,0,93,223,230,211,351,1,121,149,222,277,118
2019,2,A,골목상권,1001005,천호대로187길,5819,2884,2935,10,762,1304,1328,1305,1110,6,285,715,697,495,686,4,477,589,631,810,424
2019,2,A,골목상권,1001004,천호대로170길,12826,6999,5827,84,2661,3295,3437,1623,1726,7,1068,1690,2133,989,1112,77,1593,1605,1304,634,614
2019,2,A,골목상권,1001003,천호대로162길,11820,6646,5174,80,2534,3243,3220,1263,1480,3,1051,1759,2067,828,938,77,1483,1484,1153,435,542
2019,2,A,골목상권,1001002,천중로51길,3333,1953,1380,4,360,639,806,782,742,1,144,386,447,451,524,3,216,253,359,331,218
2019,2,A,골목상권,1001001,천중로39길,3865,2291,1574,7,316,674,926,943,999,2,134,400,528,561,666,5,182,274,398,382,333
2019,2,A,골목상권,1001000,진황도로47길,4354,2115,2239,12,469,727,1014,1033,1099,6,176,394,514,366,659,6,293,333,500,667,440
2019,2,A,골목상권,1000999,진황도로27길,6581,3643,2938,10,1012,1381,1352,1175,1651,6,345,719,773,664,1136,4,667,662,579,511,515
2019,2,A,골목상권,1000998,올림픽로98길,2292,1267,1025,3,264,397,442,403,783,3,113,236,244,244,427,0,151,161,198,159,356
2019,2,A,골목상권,1000997,올림픽로80길,1683,783,900,2,176,317,439,421,328,1,65,142,177,192,206,1,111,175,262,229,122
2019,2,A,골목상권,1000996,올림픽로78길,1759,873,886,3,223,319,402,396,416,1,87,143,169,201,272,2,136,176,233,195,144
2019,2,A,골목상권,1000995,올림픽로77길,2054,1050,1004,5,237,392,495,466,459,1,94,185,243,238,289,4,143,207,252,228,170
2019,2,A,골목상권,1000994,올림픽로71길,2257,1124,1133,5,278,468,537,482,487,1,96,208,267,240,312,4,182,260,270,242,175
2019,2,A,골목상권,1000993,올림픽로48길,12893,8149,4744,46,1461,3170,3209,3298,1709,16,658,1827,2026,2365,1257,30,803,1343,1183,933,452
2019,2,A,골목상권,1000992,양재대로96길,5065,2774,2291,6,708,1255,1067,1122,907,5,310,701,636,557,565,1,398,554,431,565,342
2019,2,A,골목상권,1000991,양재대로95길,3558,2094,1464,6,364,676,782,886,844,5,220,434,479,453,503,1,144,242,303,433,341
2019,2,A,골목상권,1000990,양재대로91길,3801,2223,1578,11,412,760,852,952,814,9,228,461,513,509,503,2,184,299,339,443,311
2019,2,A,골목상권,1000989,양재대로133길,3936,2078,1858,10,445,766,947,932,836,2,187,424,495,459,511,8,258,342,452,473,325
2019,2,A,골목상권,1000988,양재대로124길,3828,2324,1504,6,351,684,875,887,1025,1,172,413,510,531,697,5,179,271,365,356,328
2019,2,A,골목상권,1000987,양재대로116길,3422,1642,1780,10,388,509,742,907,866,5,182,304,370,322,459,5,206,205,372,585,407
2019,2,A,골목상권,1000986,양재대로101길,8074,3845,4229,14,1367,1851,1787,1747,1308,9,491,942,946,731,726,5,876,909,841,1016,582
2019,2,A,골목상권,1000985,암사길,3610,2190,1420,4,499,861,873,918,455,1,236,508,503,605,337,3,263,353,370,313,118
2019,2,A,골목상권,1000984,성안로3길,12518,7819,4699,43,1389,2892,3190,3206,1798,15,621,1653,1950,2271,1309,28,768,1239,1240,935,489
2019,2,A,골목상권,1000983,성내로5길,12105,7423,4682,43,1438,3036,3079,2814,1695,15,675,1734,1884,1870,1245,28,763,1302,1195,944,450
2019,2,A,골목상권,1000982,상일로5길,1123,784,339,0,127,190,316,321,169,0,68,126,233,232,125,0,59,64,83,89,44
2019,2,A,골목상권,1000981,상암로5길,4187,1957,2230,7,376,714,938,1087,1065,6,164,390,473,396,528,1,212,324,465,691,537
2019,2,A,골목상권,1000980,상암로51길,2483,1110,1373,1,254,477,607,628,516,1,74,246,286,259,244,0,180,231,321,369,272
2019,2,A,골목상권,1000979,상암로4길,2372,1253,1119,2,226,405,530,427,782,2,84,216,291,230,430,0,142,189,239,197,352
2019,2,A,골목상권,1000978,상암로14길,2550,1309,1241,3,274,453,550,475,795,3,108,238,283,240,437,0,166,215,267,235,358
2019,2,A,골목상권,1000977,명일로13길,8097,4174,3923,3,1042,2186,2577,1524,765,2,297,1156,1299,893,527,1,745,1030,1278,631,238
2019,2,A,골목상권,1000976,동남로85길,1212,635,577,0,147,298,320,319,128,0,61,155,149,188,82,0,86,143,171,131,46
2019,2,A,골목상권,1000975,동남로82길,650,259,391,0,70,128,134,203,115,0,17,49,57,81,55,0,53,79,77,122,60
2019,2,A,골목상권,1000974,동남로65길,997,494,503,6,106,204,221,321,139,2,45,77,101,170,99,4,61,127,120,151,40
2019,2,A,골목상권,1000973,구천면로42길,2731,1409,1322,5,240,520,695,712,559,1,79,235,349,389,356,4,161,285,346,323,203
2019,2,A,골목상권,1000972,구천면로41길,2629,1447,1182,7,293,549,671,599,510,4,117,267,357,355,347,3,176,282,314,244,163
2019,2,A,골목상권,1000971,구천면로36길,1611,879,732,5,153,243,366,399,445,3,52,107,181,200,336,2,101,136,185,199,109
2019,2,A,골목상권,1000970,고덕로61길,1312,682,630,0,147,322,367,354,122,0,61,158,179,205,79,0,86,164,188,149,43
2019,2,A,골목상권,1000969,고덕로25길,1218,701,517,3,152,267,271,322,203,2,64,151,136,182,166,1,88,116,135,140,37
2019,2,A,골목상권,1000968,고덕로10길,3531,1636,1895,5,342,558,751,901,974,4,149,321,371,306,485,1,193,237,380,595,489
2019,2,A,골목상권,1000967,강동대로53길,4322,2679,1643,11,532,1094,1225,870,590,7,277,674,771,534,416,4,255,420,454,336,174
2019,2,A,골목상권,1000966,풍성로25길,2719,1449,1270,4,388,539,606,722,460,2,180,272,317,340,338,2,208,267,289,382,122
2019,2,A,골목상권,1000965,오금로46길,4694,2860,1834,44,779,988,1124,1116,643,22,423,642,678,621,474,22,356,346,446,495,169
2019,2,A,골목상권,1000964,오금로36길,9074,6223,2851,21,1522,2600,2306,1709,916,16,890,1837,1667,1104,709,5,632,763,639,605,207
2019,2,A,골목상권,1000963,오금로11길,23598,14142,9456,75,4794,6887,5253,4174,2415,35,2379,4455,3602,2257,1414,40,2415,2432,1651,1917,1001
2019,2,A,골목상권,1000962,양재대로72길,20595,13764,6831,17,2557,5188,5920,4791,2122,4,1256,3249,3872,3675,1708,13,1301,1939,2048,1116,414
2019,2,A,골목상권,1000961,양재대로71길,7677,5030,2647,11,851,1612,1956,1866,1381,6,279,897,1293,1418,1137,5,572,715,663,448,244
2019,2,A,골목상권,1000960,양재대로64길,16223,9945,6278,30,1583,3449,3266,2497,5398,18,800,2159,2157,1309,3502,12,783,1290,1109,1188,1896
2019,2,A,골목상권,1000959,양재대로62길,17572,10016,7556,33,2192,3541,3119,3030,5657,14,931,2029,1946,1491,3605,19,1261,1512,1173,1539,2052
2019,2,A,골목상권,1000958,송파대로30길,23245,14306,8939,53,2423,4715,4983,4515,6556,16,1225,3034,3248,2529,4254,37,1198,1681,1735,1986,2302
2019,2,A,골목상권,1000957,송이로36길,5840,3661,2179,10,747,1313,1535,1349,886,5,416,892,990,724,634,5,331,421,545,625,252
2019,2,A,골목상권,1000956,송이로32길,35416,26954,8462,13,2712,5987,10285,13646,2773,4,1369,4101,7854,11695,1931,9,1343,1886,2431,1951,842
2019,2,A,골목상권,1000955,송이로23길,11388,6450,4938,55,1615,3065,2866,2225,1562,28,786,1838,1748,1050,1000,27,829,1227,1118,1175,562
2019,2,A,골목상권,1000954,삼전로13길,11553,7233,4320,10,1635,2810,2807,2588,1703,1,729,1705,1827,1710,1261,9,906,1105,980,878,442
2019,2,A,골목상권,1000953,백제고분로50길,12352,7584,4768,23,2230,3187,2763,2550,1599,15,1206,2143,1853,1405,962,8,1024,1044,910,1145,637
2019,2,A,골목상권,1000952,백제고분로46길,15970,11329,4641,57,2333,3908,4464,3621,1587,45,1237,2615,3440,2745,1247,12,1096,1293,1024,876,340
2019,2,A,골목상권,1000951,백제고분로45길,19492,10586,8906,68,3874,5181,4386,3804,2179,30,1574,3011,2818,1927,1226,38,2300,2170,1568,1877,953
2019,2,A,골목상권,1000950,백제고분로42길,9117,5781,3336,10,1155,2349,2221,1781,1601,4,545,1599,1536,1053,1044,6,610,750,685,728,557
2019,2,A,골목상권,1000949,백제고분로39길,6431,4340,2091,3,877,2033,1618,1085,815,0,477,1495,1129,639,600,3,400,538,489,446,215
2019,2,A,골목상권,1000948,백제고분로34길,5775,3807,1968,13,694,1205,1410,1383,1070,9,371,777,928,904,818,4,323,428,482,479,252
2019,2,A,골목상권,1000947,백제고분로33길,7036,4971,2065,12,858,1631,1571,1260,1704,8,421,1052,1086,894,1510,4,437,579,485,366,194
2019,2,A,골목상권,1000946,백제고분로32길,6872,4466,2406,11,824,1403,1540,1665,1429,8,419,900,1026,1063,1050,3,405,503,514,602,379
2019,2,A,골목상권,1000945,백제고분로31길,10949,7355,3594,12,1391,2430,2518,2269,2329,8,692,1582,1705,1456,1912,4,699,848,813,813,417
2019,2,A,골목상권,1000944,백제고분로22길,5097,3319,1778,8,633,1100,1200,1167,989,2,297,752,820,723,725,6,336,348,380,444,264
2019,2,A,골목상권,1000943,백제고분로21길,11106,6995,4111,8,1623,2780,2699,2618,1378,1,736,1766,1802,1701,989,7,887,1014,897,917,389
2019,2,A,골목상권,1000942,마천로51길,1973,1087,886,0,174,383,548,537,331,0,94,217,281,250,245,0,80,166,267,287,86
2019,2,A,골목상권,1000941,동남로20길,6118,3572,2546,54,1175,1546,1345,1277,721,32,593,898,832,697,520,22,582,648,513,580,201
2019,2,A,골목상권,1000940,거마로20길,1854,894,960,1,184,370,509,526,264,1,84,185,215,231,178,0,100,185,294,295,86
2019,2,A,골목상권,1000939,학동로77길,25259,10976,14283,120,6286,7594,5973,3491,1795,48,2100,3502,2690,1545,1091,72,4186,4092,3283,1946,704
2019,2,A,골목상권,1000938,학동로6길,13269,8632,4637,42,2658,4296,3151,1907,1215,32,1414,2889,2197,1277,823,10,1244,1407,954,630,392
2019,2,A,골목상권,1000937,학동로56길,14323,8655,5668,49,2780,4429,3319,2344,1402,23,1162,2468,2301,1629,1072,26,1618,1961,1018,715,330
2019,2,A,골목상권,1000936,학동로38길,25857,17165,8692,53,5369,7243,5656,4010,3526,18,2276,4626,4298,3215,2732,35,3093,2617,1358,795,794
2019,2,A,골목상권,1000935,테헤란로81길,50658,28954,21704,120,10989,18359,12235,6170,2785,43,4334,11007,8299,3589,1682,77,6655,7352,3936,2581,1103
2019,2,A,골목상권,1000934,일원로9길,10670,3745,6925,18,3072,3557,2218,1258,547,3,641,1219,903,619,360,15,2431,2338,1315,639,187
2019,2,A,골목상권,1000933,일원로3길,3417,2107,1310,3,418,649,844,791,712,2,233,396,527,498,451,1,185,253,317,293,261
2019,2,A,골목상권,1000932,영동대로65길,28380,17099,11281,50,4869,7767,7342,5143,3209,27,2327,5020,4699,2974,2052,23,2542,2747,2643,2169,1157
2019,2,A,골목상권,1000931,영동대로112길,62892,48029,14863,51,10301,18060,15895,12438,6147,27,6265,13641,13615,10424,4057,24,4036,4419,2280,2014,2090
2019,2,A,골목상권,1000930,언주로81길,92700,56558,36142,158,15509,26779,25201,20625,4428,70,9248,18666,16288,9254,3032,88,6261,8113,8913,11371,1396
2019,2,A,골목상권,1000929,압구정로2길,14779,9440,5339,37,2724,4525,4035,2461,997,17,1216,2939,2830,1699,739,20,1508,1586,1205,762,258
2019,2,A,골목상권,1000928,선릉로18길,4350,2826,1524,78,802,1137,1013,813,507,29,488,765,652,501,391,49,314,372,361,312,116
2019,2,A,골목상권,1000927,선릉로146길,22906,11534,11372,53,5812,7398,4918,3110,1615,11,1665,3496,2921,2305,1136,42,4147,3902,1997,805,479
2019,2,A,골목상권,1000926,선릉로133길,21360,13524,7836,42,3224,6259,5594,4164,2077,15,1394,3629,3859,2994,1633,27,1830,2630,1735,1170,444
2019,2,A,골목상권,1000925,선릉로132길,14903,8743,6160,50,2409,4304,3662,2750,1728,23,1028,2554,2344,1646,1148,27,1381,1750,1318,1104,580
2019,2,A,골목상권,1000924,선릉로121길,19126,11898,7228,44,3470,5639,4866,3338,1769,17,1469,3279,3357,2375,1401,27,2001,2360,1509,963,368
2019,2,A,골목상권,1000923,삼성로75길,39655,25233,14422,121,6246,12100,11148,6617,3423,20,2642,7381,8038,4955,2197,101,3604,4719,3110,1662,1226
2019,2,A,골목상권,1000922,삼성로69길,11237,6265,4972,39,1741,2954,2686,2305,1512,23,744,1612,1569,1316,1001,16,997,1342,1117,989,511
2019,2,A,골목상권,1000921,삼성로64길,26010,14918,11092,55,4589,6959,6717,4846,2844,26,2144,4462,4058,2511,1717,29,2445,2497,2659,2335,1127
2019,2,A,골목상권,1000920,삼성로63길,17197,11593,5604,39,2076,5044,4684,3617,1737,26,1014,3578,3306,2516,1153,13,1062,1466,1378,1101,584
2019,2,A,골목상권,1000919,삼성로57길,13015,9541,3474,23,1392,4187,3779,2692,942,12,703,3133,2853,2136,704,11,689,1054,926,556,238
2019,2,A,골목상권,1000918,삼성로147길,14517,7537,6980,29,3644,4918,3062,1807,1057,8,1346,2570,1874,1070,669,21,2298,2348,1188,737,388
2019,2,A,골목상권,1000917,삼성로115길,15288,9326,5962,55,3121,4489,3424,2225,1974,25,1298,2869,2391,1384,1359,30,1823,1620,1033,841,615
2019,2,A,골목상권,1000916,봉은사로68길,26050,14721,11329,70,5405,8028,5919,4140,2488,23,2397,4963,3809,2012,1517,47,3008,3065,2110,2128,971
2019,2,A,골목상권,1000915,봉은사로57길,11412,7492,3920,38,2418,3827,2576,1570,983,23,1097,2265,2002,1290,815,15,1321,1562,574,280,168
2019,2,A,골목상권,1000914,봉은사로43길,26569,16745,9824,55,5489,8274,6188,3977,2586,21,2402,4975,4381,2947,2019,34,3087,3299,1807,1030,567
2019,2,A,골목상권,1000913,봉은사로29길,26048,16651,9397,59,5608,7884,6074,3996,2427,30,2443,5005,4338,3016,1819,29,3165,2879,1736,980,608
2019,2,A,골목상권,1000912,봉은사로109길,31422,24054,7368,28,5569,8927,8156,5635,3107,13,3239,6771,6901,4672,2458,15,2330,2156,1255,963,649
2019,2,A,골목상권,1000911,도산대로89길,35398,20349,15049,66,6794,10125,9282,7856,1275,22,2350,4926,6040,6077,934,44,4444,5199,3242,1779,341
2019,2,A,골목상권,1000910,도산대로81길,45427,25601,19826,85,9377,13941,11490,8963,1571,24,3106,6709,7481,7104,1177,61,6271,7232,4009,1859,394
2019,2,A,골목상권,1000909,도산대로50길,21633,11895,9738,41,4471,6693,5235,3463,1730,19,1391,3277,3397,2499,1312,22,3080,3416,1838,964,418
2019,2,A,골목상권,1000908,도산대로38길,22258,12215,10043,41,4405,6925,5448,3579,1860,14,1464,3678,3443,2299,1317,27,2941,3247,2005,1280,543
2019,2,A,골목상권,1000907,도산대로30길,21865,11878,9987,52,5390,6708,5039,3072,1604,14,1917,3610,3200,1965,1172,38,3473,3098,1839,1107,432
2019,2,A,골목상권,1000906,도산대로23길,14091,7339,6752,22,3648,4354,3232,1773,1062,5,1197,2300,1985,1105,747,17,2451,2054,1247,668,315
2019,2,A,골목상권,1000905,도산대로15길,12413,6807,5606,22,3346,3822,2597,1488,1138,6,1207,2077,1689,999,829,16,2139,1745,908,489,309
2019,2,A,골목상권,1000904,도곡로37길,27418,16462,10956,107,6252,8048,6730,4340,1941,43,2769,4814,4512,2860,1464,64,3483,3234,2218,1480,477
2019,2,A,골목상권,1000903,논현로8길,3770,2475,1295,3,457,917,835,839,719,3,230,635,549,548,510,0,227,282,286,291,209
2019,2,A,골목상권,1000902,논현로63길,32015,23227,8788,54,4536,8720,9006,7270,2429,20,2131,5684,7176,6266,1950,34,2405,3036,1830,1004,479
2019,2,A,골목상권,1000901,논현로28길,45634,23984,21650,185,7936,10659,13617,9776,3461,101,3804,6324,6703,4903,2149,84,4132,4335,6914,4873,1312
2019,2,A,골목상권,1000900,논현로26길,44511,22711,21800,185,7594,11610,13304,8562,3256,94,3700,7207,6237,3346,2127,91,3894,4403,7067,5216,1129
2019,2,A,골목상권,1000899,논현로159길,7485,3505,3980,10,1631,2151,1771,1167,755,2,560,1012,833,587,511,8,1071,1139,938,580,244
2019,2,A,골목상권,1000898,논현로139길,25238,14362,10876,68,6374,7890,5585,3127,2194,22,2378,4448,3722,2099,1693,46,3996,3442,1863,1028,501
2019,2,A,골목상권,1000897,논현로123길,9753,5955,3798,42,2268,2662,2156,1461,1164,27,1107,1646,1454,923,798,15,1161,1016,702,538,366
2019,2,A,골목상권,1000896,논현로115길,22705,14815,7890,91,5168,6849,5172,3461,1964,49,2502,4476,3816,2559,1413,42,2666,2373,1356,902,551
2019,2,A,골목상권,1000895,논현로10길,6728,3828,2900,10,887,1560,1669,1578,1024,4,402,952,925,794,751,6,485,608,744,784,273
2019,2,A,골목상권,1000894,논현로106길,14559,8201,6358,36,3096,4760,3411,1905,1351,12,1066,2732,2317,1153,921,24,2030,2028,1094,752,430
2019,2,A,골목상권,1000893,남부순환로365길,18776,11937,6839,58,3508,5241,4583,2968,2418,22,1403,3406,3413,2081,1612,36,2105,1835,1170,887,806
2019,2,A,골목상권,1000892,개포로82길,4987,3716,1271,2,713,1633,1263,815,561,0,428,1238,993,591,466,2,285,395,270,224,95
2019,2,A,골목상권,1000891,개포로28길,4647,2997,1650,15,830,1407,1120,785,490,7,425,899,754,509,403,8,405,508,366,276,87
2019,2,A,골목상권,1000890,개포로20길,17163,9905,7258,34,2419,4854,4611,3495,1750,13,1228,3087,2682,1658,1237,21,1191,1767,1929,1837,513
2019,2,A,골목상권,1000889,개포로17길,31977,13405,18572,121,4880,7459,10000,7084,2433,61,2356,4159,3356,1964,1509,60,2524,3300,6644,5120,924
2019,2,A,골목상권,1000888,강남대로140길,26412,13779,12633,61,6527,8524,5631,3539,2130,27,1940,4511,3653,2117,1531,34,4587,4013,1978,1422,599
2019,2,A,골목상권,1000887,강남대로136길,27582,15223,12359,53,6946,9360,6141,3329,1753,25,2379,5259,4169,2182,1209,28,4567,4101,1972,1147,544
2019,2,A,골목상권,1000886,강남대로118길,10119,6479,3640,65,2299,3011,2340,1462,942,46,1265,1998,1612,922,636,19,1034,1013,728,540,306
2019,2,A,골목상권,1000885,서초중앙로8길,21908,13370,8538,62,4326,6361,5527,3770,1862,15,1763,3844,3814,2549,1385,47,2563,2517,1713,1221,477
2019,2,A,골목상권,1000884,방배중앙로21길,12909,5920,6989,15,2089,3345,3964,2428,1068,6,665,1398,1894,1292,665,9,1424,1947,2070,1136,403
2019,2,A,골목상권,1000883,효령로72길,28079,21029,7050,70,4852,9562,7294,4585,1716,34,2708,7309,5946,3819,1213,36,2144,2253,1348,766,503
2019,2,A,골목상권,1000882,효령로34길,8829,5689,3140,15,1118,2758,2319,1519,1100,5,546,1600,1611,1089,838,10,572,1158,708,430,262
2019,2,A,골목상권,1000881,효령로31길,10652,7146,3506,54,2134,3234,2468,1613,1149,46,1222,2201,1783,1074,820,8,912,1033,685,539,329
2019,2,A,골목상권,1000880,효령로23길,13045,8684,4361,53,2547,3703,3078,2035,1629,41,1369,2475,2226,1355,1218,12,1178,1228,852,680,411
2019,2,A,골목상권,1000879,청두곶길,13110,6497,6613,21,2110,3710,3784,2413,1072,11,689,1717,1804,1492,784,10,1421,1993,1980,921,288
2019,2,A,골목상권,1000878,주흥길,4929,2734,2195,8,884,1442,1210,918,467,5,333,770,757,527,342,3,551,672,453,391,125
2019,2,A,골목상권,1000877,주흥15길,10699,5239,5460,26,2893,3482,2197,1325,776,11,802,1758,1383,763,522,15,2091,1724,814,562,254
2019,2,A,골목상권,1000876,언남길,18611,11765,6846,44,2425,5208,5063,3739,2132,25,1352,3536,3203,2104,1545,19,1073,1672,1860,1635,587
2019,2,A,골목상권,1000875,신반포로45길,10753,6415,4338,27,2095,3343,2715,1547,1026,13,815,2030,1918,959,680,14,1280,1313,797,588,346
2019,2,A,골목상권,1000874,서초대로8길,9023,4380,4643,24,1460,2163,2341,1816,1219,15,544,1044,1099,870,808,9,916,1119,1242,946,411
2019,2,A,골목상권,1000873,서초대로64길,20650,12891,7759,25,3403,6444,5728,3918,1132,15,1776,4156,3683,2452,809,10,1627,2288,2045,1466,323
2019,2,A,골목상권,1000872,서초대로4길,11174,5079,6095,18,1933,2823,2802,2161,1437,10,654,1233,1285,1018,879,8,1279,1590,1517,1143,558
2019,2,A,골목상권,1000871,서초대로25길,21807,14793,7014,84,4381,6615,4905,3693,2129,41,2040,4333,3735,2915,1729,43,2341,2282,1170,778,400
2019,2,A,골목상권,1000870,서초대로23길,13211,8808,4403,33,2047,3288,3287,2779,1777,17,906,2009,2365,2103,1408,16,1141,1279,922,676,369
2019,2,A,골목상권,1000869,서초대로15길,9162,5644,3518,33,1470,2309,2193,1693,1464,19,646,1351,1399,1114,1115,14,824,958,794,579,349
2019,2,A,골목상권,1000868,사평대로57길,12049,6278,5771,27,3045,3854,2771,1610,742,13,933,1985,1812,1001,534,14,2112,1869,959,609,208
2019,2,A,골목상권,1000867,사평대로26길,10115,7115,3000,15,1368,2820,2726,2036,1150,6,700,1963,2079,1545,822,9,668,857,647,491,328
2019,2,A,골목상권,1000866,사평대로22길,14502,10889,3613,21,1600,3974,3844,3524,1539,11,873,2888,3131,2886,1100,10,727,1086,713,638,439
2019,2,A,골목상권,1000865,사임당로17길,18186,10158,8028,34,3205,5697,4593,3326,1331,22,1297,3219,2745,1907,968,12,1908,2478,1848,1419,363
2019,2,A,골목상권,1000864,방배로42길,16445,10082,6363,44,3413,4842,4019,2823,1304,14,1197,2937,2860,2041,1033,30,2216,1905,1159,782,271
2019,2,A,골목상권,1000863,방배로35길,12497,8267,4230,42,2309,3407,2736,2501,1502,7,845,2140,2074,1970,1231,35,1464,1267,662,531,271
2019,2,A,골목상권,1000862,방배로18길,13590,9838,3752,49,2494,3876,3329,2787,1055,38,1374,2657,2630,2338,801,11,1120,1219,699,449,254
2019,2,A,골목상권,1000861,반포대로9길,14975,11362,3613,9,1484,4657,4333,2960,1532,4,821,3597,3603,2356,981,5,663,1060,730,604,551
2019,2,A,골목상권,1000860,바우뫼로39길,41106,20067,21039,326,8697,9758,11173,7568,3584,162,4186,5771,4703,2765,2480,164,4511,3987,6470,4803,1104
2019,2,A,골목상권,1000859,마방로2길,12733,8561,4172,28,1835,3351,3106,2681,1732,17,982,2281,2248,1807,1226,11,853,1070,858,874,506
2019,2,A,골목상권,1000858,방배천로4안길,6983,3566,3417,2,1191,1882,1810,1266,832,0,397,844,961,752,612,2,794,1038,849,514,220
2019,2,A,골목상권,1000857,동산로19길,18090,10602,7488,45,2328,4777,4910,3852,2178,25,1222,3077,2877,1903,1498,20,1106,1700,2033,1949,680
2019,2,A,골목상권,1000856,동산로10길,9596,6055,3541,33,1462,2847,2358,1800,1096,22,792,1814,1478,1157,792,11,670,1033,880,643,304
2019,2,A,골목상권,1000855,동광로39길,16028,11533,4495,23,1974,4603,4356,3596,1476,12,1019,3162,3410,2858,1072,11,955,1441,946,738,404
2019,2,A,골목상권,1000854,동광로1길,15047,6360,8687,35,2807,3704,4303,2863,1335,26,832,1544,1891,1337,730,9,1975,2160,2412,1526,605
2019,2,A,골목상권,1000853,동광로12길,16774,8164,8610,41,2498,4036,4876,3255,2068,21,861,1820,2455,1704,1303,20,1637,2216,2421,1551,765
2019,2,A,골목상권,1000852,논현로27길,46436,23315,23121,308,9185,11845,13022,8763,3313,149,4486,7159,5801,3327,2393,159,4699,4686,7221,5436,920
2019,2,A,골목상권,1000851,논현로1길,10695,6765,3930,53,1851,3105,2549,1968,1169,39,1115,2063,1554,1171,823,14,736,1042,995,797,346
2019,2,A,골목상권,1000850,남부순환로339길,11863,6444,5419,24,2352,3574,2742,2033,1138,5,950,2173,1754,964,598,19,1402,1401,988,1069,540
2019,2,A,골목상권,1000849,남부순환로325길,23106,13802,9304,31,3565,7258,5382,4292,2578,20,1701,4023,3359,2842,1857,11,1864,3235,2023,1450,721
2019,2,A,골목상권,1000848,남부순환로317길,20952,13375,7577,15,2534,6903,5532,3794,2174,8,1153,4139,3904,2614,1557,7,1381,2764,1628,1180,617
2019,2,A,골목상권,1000847,고무래로8길,16992,11435,5557,49,1779,4153,4875,3951,2185,19,771,2653,3587,2892,1513,30,1008,1500,1288,1059,672
2019,2,A,골목상권,1000846,강남대로8길,85264,76488,8776,31,7910,17382,22787,33801,3353,15,6276,14786,20286,32181,2944,16,1634,2596,2501,1620,409
2019,2,A,골목상권,1000845,강남대로34길,22589,14461,8128,75,4683,6712,4977,3294,2848,27,2072,4511,3700,2176,1975,48,2611,2201,1277,1118,873
2019,2,A,골목상권,1000844,강남대로23길,19777,12359,7418,210,5310,6004,4187,2601,1465,105,2633,3952,3043,1639,987,105,2677,2052,1144,962,478
2019,2,A,골목상권,1000843,소담길,1124,583,541,0,155,286,293,218,172,0,47,146,137,125,128,0,108,140,156,93,44
2019,2,A,골목상권,1000842,원신길,727,377,350,3,79,196,205,158,86,1,22,94,129,69,62,2,57,102,76,89,24
2019,2,A,골목상권,1000841,양지길,402,168,234,2,41,76,119,98,66,1,10,19,58,43,37,1,31,57,61,55,29
2019,2,A,골목상권,1000840,양산길,729,374,355,2,108,133,199,191,96,1,54,67,121,92,39,1,54,66,78,99,57
2019,2,A,골목상권,1000839,호암로24길,2532,1846,686,4,408,671,767,447,235,2,261,500,591,334,158,2,147,171,176,113,77
2019,2,A,골목상권,1000838,호암로20길,2140,1606,534,3,328,609,637,369,194,1,211,450,524,278,142,2,117,159,113,91,52
2019,2,A,골목상권,1000837,행운길,5569,3260,2309,9,731,1326,1307,1153,1043,4,333,797,773,626,727,5,398,529,534,527,316
2019,2,A,골목상권,1000836,행운1길,2967,1557,1410,10,424,619,762,680,472,4,155,317,408,361,312,6,269,302,354,319,160
2019,2,A,골목상권,1000835,청림3길,3413,1832,1581,8,489,998,1068,591,259,7,210,573,583,283,176,1,279,425,485,308,83
2019,2,A,골목상권,1000834,청룡길,3280,1614,1666,14,514,826,789,561,576,6,134,355,420,344,355,8,380,471,369,217,221
2019,2,A,골목상권,1000833,청룡8길,2508,1207,1301,3,302,553,551,537,562,3,99,294,268,266,277,0,203,259,283,271,285
2019,2,A,골목상권,1000832,중앙길,2016,995,1021,10,258,382,514,468,384,6,84,180,265,253,207,4,174,202,249,215,177
2019,2,A,골목상권,1000831,조원중앙로2길,5980,4243,1737,7,499,1085,1171,1151,2067,4,268,716,749,709,1797,3,231,369,422,442,270
2019,2,A,골목상권,1000830,조원로18길,5926,4561,1365,5,560,1260,1403,1062,1636,2,257,915,1098,788,1501,3,303,345,305,274,135
2019,2,A,골목상권,1000829,조원로10길,17980,10118,7862,39,3564,6331,4715,2087,1244,16,1429,3664,2907,1224,878,23,2135,2667,1808,863,366
2019,2,A,골목상권,1000828,장군봉2길,2466,1336,1130,4,301,537,479,538,607,1,111,290,252,292,390,3,190,247,227,246,217
2019,2,A,골목상권,1000827,장군봉1길,2745,1382,1363,3,333,598,601,586,624,3,122,325,299,311,322,0,211,273,302,275,302
2019,2,A,골목상권,1000826,인헌길,1959,1087,872,3,292,477,546,423,218,2,148,280,298,205,154,1,144,197,248,218,64
2019,2,A,골목상권,1000825,은천로25길,817,382,435,0,119,194,241,160,103,0,42,98,104,76,62,0,77,96,137,84,41
2019,2,A,골목상권,1000824,양녕로6길,2490,1262,1228,11,277,443,573,559,627,7,91,220,303,317,324,4,186,223,270,242,303
2019,2,A,골목상권,1000823,신원로3길,2499,1069,1430,9,557,558,473,474,428,4,195,221,240,204,205,5,362,337,233,270,223
2019,2,A,골목상권,1000822,신사로20길,3363,2267,1096,0,519,898,1023,653,270,0,228,629,785,454,171,0,291,269,238,199,99
2019,2,A,골목상권,1000821,신림로65길,3331,1514,1817,7,668,663,656,604,733,3,206,274,315,264,452,4,462,389,341,340,281
2019,2,A,골목상권,1000820,신림로64길,2309,943,1366,5,530,543,484,423,324,3,147,212,225,167,189,2,383,331,259,256,135
2019,2,A,골목상권,1000819,신림로48길,786,437,349,0,68,157,183,183,195,0,25,79,95,85,153,0,43,78,88,98,42
2019,2,A,골목상권,1000818,신림로38길,1469,928,541,0,129,263,368,376,333,0,58,138,216,254,262,0,71,125,152,122,71
2019,2,A,골목상권,1000817,신림로28길,2832,2034,798,4,389,648,801,586,404,2,254,479,594,418,287,2,135,169,207,168,117
2019,2,A,골목상권,1000816,신림로11길,2680,1853,827,1,416,770,738,501,254,0,243,513,544,360,193,1,173,257,194,141,61
2019,2,A,골목상권,1000815,신림동길,3501,1739,1762,5,633,677,718,664,804,3,194,297,355,344,546,2,439,380,363,320,258
2019,2,A,골목상권,1000814,승방길,3807,2469,1338,7,724,901,964,721,490,5,334,575,677,519,359,2,390,326,287,202,131
2019,2,A,골목상권,1000813,서림7길,1708,1051,657,2,188,315,427,414,362,1,93,182,257,259,259,1,95,133,170,155,103
2019,2,A,골목상권,1000812,봉천로33길,7532,3165,4367,8,1231,1782,1659,1735,1117,3,293,727,776,770,596,5,938,1055,883,965,521
2019,2,A,골목상권,1000811,봉천로13길,2149,1182,967,5,226,466,524,493,435,4,93,261,295,245,284,1,133,205,229,248,151
2019,2,A,골목상권,1000810,복은길,1794,1093,701,1,180,343,464,427,379,1,82,181,258,281,290,0,98,162,206,146,89
2019,2,A,골목상권,1000809,법원단지길,827,393,434,5,111,178,188,218,127,4,39,92,88,98,72,1,72,86,100,120,55
2019,2,A,골목상권,1000808,법원단지9길,947,511,436,6,104,200,226,267,144,5,32,107,123,152,92,1,72,93,103,115,52
2019,2,A,골목상권,1000807,미성5길,1478,719,759,18,167,268,326,377,322,16,65,140,160,150,188,2,102,128,166,227,134
2019,2,A,골목상권,1000806,대학길,2196,1683,513,1,339,600,641,397,218,0,221,467,521,313,161,1,118,133,120,84,57
2019,2,A,골목상권,1000805,대학14길,1117,644,473,0,140,303,307,216,151,0,45,162,204,122,111,0,95,141,103,94,40
2019,2,A,골목상권,1000804,당곡길,2870,1609,1261,7,337,634,772,588,532,5,140,365,444,298,357,2,197,269,328,290,175
2019,2,A,골목상권,1000803,남현길,3537,2297,1240,2,533,874,901,631,596,2,252,563,633,398,449,0,281,311,268,233,147
2019,2,A,골목상권,1000802,남현3길,6766,3909,2857,7,1303,1742,1709,1183,822,4,536,963,1029,755,622,3,767,779,680,428,200
2019,2,A,골목상권,1000801,남현2길,4016,2615,1401,5,585,958,1081,749,638,3,283,622,754,470,483,2,302,336,327,279,155
2019,2,A,골목상권,1000800,남부순환로248길,2154,1155,999,4,330,613,569,387,251,3,127,330,311,205,179,1,203,283,258,182,72
2019,2,A,골목상권,1000799,남부순환로234길,3074,1859,1215,4,431,694,748,670,527,0,177,396,447,425,414,4,254,298,301,245,113
2019,2,A,골목상권,1000798,남부순환로172길,2016,1192,824,4,210,462,466,523,351,3,113,282,266,303,225,1,97,180,200,220,126
2019,2,A,골목상권,1000797,남부순환로161길,4516,3110,1406,3,585,1208,1268,986,466,2,280,865,972,687,304,1,305,343,296,299,162
2019,2,A,골목상권,1000796,남부순환로151길,4960,3441,1519,7,663,1325,1435,1078,452,3,318,968,1121,731,300,4,345,357,314,347,152
2019,2,A,골목상권,1000795,남부순환로142길,4960,3467,1493,20,381,767,855,962,1975,17,197,445,502,570,1736,3,184,322,353,392,239
2019,2,A,골목상권,1000794,난향길,1946,948,998,1,442,487,403,303,310,0,121,241,187,147,252,1,321,246,216,156,58
2019,2,A,골목상권,1000793,난우길,1341,639,702,20,165,271,296,347,242,17,62,121,136,159,144,3,103,150,160,188,98
2019,2,A,골목상권,1000792,난곡로74길,4511,3556,955,7,683,1342,1423,777,279,5,421,1089,1230,619,192,2,262,253,193,158,87
2019,2,A,골목상권,1000791,난곡로34길,967,488,479,6,118,204,241,288,110,5,47,107,120,141,68,1,71,97,121,147,42
2019,2,A,골목상권,1000790,난곡로26길,1205,654,551,0,136,225,293,333,218,0,50,106,142,191,165,0,86,119,151,142,53
2019,2,A,골목상권,1000789,난곡로24길,1312,728,584,1,129,247,328,383,224,1,51,113,159,229,175,0,78,134,169,154,49
2019,2,A,골목상권,1000788,낙성대역길,5197,3075,2122,7,770,1307,1227,964,922,3,327,773,734,564,674,4,443,534,493,400,248
2019,2,A,골목상권,1000787,국회단지길,5486,2157,3329,7,963,1365,1186,1323,642,1,207,517,550,515,367,6,756,848,636,808,275
2019,2,A,골목상권,1000786,구암길,831,403,428,1,111,181,240,206,92,1,41,89,109,104,59,0,70,92,131,102,33
2019,2,A,골목상권,1000785,관천로22길,4600,2514,2086,8,672,1129,1235,909,647,6,273,619,679,493,444,2,399,510,556,416,203
2019,2,A,골목상권,1000784,관천로15길,3932,2599,1333,3,637,1021,1177,790,304,3,278,703,877,542,196,0,359,318,300,248,108
2019,2,A,골목상권,1000783,관악로30길,2909,1444,1465,10,371,630,725,687,486,8,144,326,400,313,253,2,227,304,325,374,233
2019,2,A,골목상권,1000782,관악로28길,1891,807,1084,3,201,369,440,502,376,1,53,151,218,200,184,2,148,218,222,302,192
2019,2,A,골목상권,1000781,관악로14길,6542,3309,3233,23,1018,1671,1591,1411,828,6,337,706,829,866,565,17,681,965,762,545,263
2019,2,A,골목상권,1000780,관악로10길,6202,3748,2454,9,829,1600,1511,1540,713,3,411,924,900,1033,477,6,418,676,611,507,236
2019,2,A,골목상권,1000779,흑석로9길,698,356,342,0,115,136,174,163,110,0,49,71,88,76,72,0,66,65,86,87,38
2019,2,A,골목상권,1000778,흑석로13길,983,513,470,0,129,188,252,231,183,0,56,97,126,114,120,0,73,91,126,117,63
2019,2,A,골목상권,1000777,장승배기로27길,6741,3867,2874,16,874,2182,1791,1269,609,7,410,1157,1059,841,393,9,464,1025,732,428,216
2019,2,A,골목상권,1000776,장승배기로19길,1775,914,861,2,176,379,454,479,285,1,78,184,222,259,170,1,98,195,232,220,115
2019,2,A,골목상권,1000775,장승배기로10길,3413,2145,1268,14,466,729,875,918,411,6,271,486,562,578,242,8,195,243,313,340,169
2019,2,A,골목상권,1000774,여의대방로46길,7717,4507,3210,14,1363,2427,1929,1223,761,5,556,1503,1249,752,442,9,807,924,680,471,319
2019,2,A,골목상권,1000773,여의대방로24길,19681,12377,7304,38,3729,4075,3301,4433,4105,18,2736,3190,2122,2187,2124,20,993,885,1179,2246,1981
2019,2,A,골목상권,1000772,여의대방로22카길,18024,11520,6504,25,3426,3736,3002,4070,3765,12,2643,2997,1953,1952,1963,13,783,739,1049,2118,1802
2019,2,A,골목상권,1000771,여의대방로22나길,17606,11183,6423,35,3393,3529,2806,3983,3860,18,2627,2863,1800,1914,1961,17,766,666,1006,2069,1899
2019,2,A,골목상권,1000770,여의대방로22길,17909,11394,6515,34,3439,3610,2908,4038,3880,18,2667,2912,1882,1949,1966,16,772,698,1026,2089,1914
2019,2,A,골목상권,1000769,양녕로26길,1652,1153,499,3,159,390,444,507,149,2,79,257,306,395,114,1,80,133,138,112,35
2019,2,A,골목상권,1000768,신대방길,7354,4580,2774,24,1586,2021,1819,1210,694,17,718,1352,1258,745,490,7,868,669,561,465,204
2019,2,A,골목상권,1000767,성대로29길,1699,789,910,0,195,326,399,421,358,0,85,160,187,187,170,0,110,166,212,234,188
2019,2,A,골목상권,1000766,성대로1길,1440,636,804,0,132,267,355,358,328,0,51,129,166,136,154,0,81,138,189,222,174
2019,2,A,골목상권,1000765,서달로8가길,475,196,279,1,61,72,121,126,94,1,13,31,51,48,52,0,48,41,70,78,42
2019,2,A,골목상권,1000764,서달로15길,689,340,349,0,74,116,196,166,137,0,20,48,96,80,96,0,54,68,100,86,41
2019,2,A,골목상권,1000763,서달로14길,758,411,347,1,87,151,203,167,149,1,33,82,104,86,105,0,54,69,99,81,44
2019,2,A,골목상권,1000762,서달로10길,663,387,276,1,84,148,158,155,117,1,50,99,89,83,65,0,34,49,69,72,52
2019,2,A,골목상권,1000761,상도로62길,1876,909,967,1,327,435,405,422,286,0,105,216,235,187,166,1,222,219,170,235,120
2019,2,A,골목상권,1000760,상도로61길,3185,1684,1501,2,516,920,937,562,248,1,199,521,534,263,166,1,317,399,403,299,82
2019,2,A,골목상권,1000759,상도로47길,2701,1283,1418,3,385,699,698,570,346,2,141,351,353,257,179,1,244,348,345,313,167
2019,2,A,골목상권,1000758,상도로37길,2367,1135,1232,4,370,631,580,483,299,2,131,327,290,226,159,2,239,304,290,257,140
2019,2,A,골목상권,1000757,상도로15길,1998,920,1078,1,273,386,480,457,401,0,117,180,214,207,202,1,156,206,266,250,199
2019,2,A,골목상권,1000756,사당로8길,3286,2034,1252,2,409,803,884,728,460,1,221,534,501,428,349,1,188,269,383,300,111
2019,2,A,골목상권,1000755,사당로30길,4778,2722,2056,2,683,1284,1292,952,565,0,233,646,806,642,395,2,450,638,486,310,170
2019,2,A,골목상권,1000754,사당로2차길,2179,1452,727,0,229,578,490,504,378,0,128,394,314,328,288,0,101,184,176,176,90
2019,2,A,골목상권,1000753,사당로29길,2526,1239,1287,4,391,646,695,461,329,1,114,298,350,257,219,3,277,348,345,204,110
2019,2,A,골목상권,1000752,사당로26길,3024,1706,1318,1,370,675,873,638,467,0,132,323,497,405,349,1,238,352,376,233,118
2019,2,A,골목상권,1000751,사당로23나길,845,394,451,1,160,192,220,161,111,1,46,95,95,90,67,0,114,97,125,71,44
2019,2,A,골목상권,1000750,사당로23길,13107,4362,8745,0,3494,4255,3168,1751,439,0,669,1303,1065,1024,301,0,2825,2952,2103,727,138
2019,2,A,골목상권,1000749,사당로20길,2201,1335,866,1,214,349,501,446,690,0,82,195,292,278,488,1,132,154,209,168,202
2019,2,A,골목상권,1000748,사당로16길,2679,1519,1160,1,262,429,635,558,794,0,124,215,314,300,566,1,138,214,321,258,228
2019,2,A,골목상권,1000747,사당로16가길,2588,1425,1163,1,253,452,609,535,738,0,106,231,291,287,510,1,147,221,318,248,228
2019,2,A,골목상권,1000746,만양로8길,4532,2761,1771,17,605,950,1186,1160,614,9,356,615,751,669,361,8,249,335,435,491,253
2019,2,A,골목상권,1000745,만양로14길,2069,1080,989,5,239,516,556,412,341,2,98,264,318,195,203,3,141,252,238,217,138
2019,2,A,골목상권,1000744,등용로14길,7740,4661,3079,18,1051,2531,2103,1397,640,6,528,1442,1290,959,436,12,523,1089,813,438,204
2019,2,A,골목상권,1000743,동작대로7길,7677,4249,3428,7,1331,2042,1982,1349,966,3,452,1061,1148,861,724,4,879,981,834,488,242
2019,2,A,골목상권,1000742,동작대로35길,10868,4646,6222,13,1745,2921,3556,1971,662,5,527,1181,1615,975,343,8,1218,1740,1941,996,319
2019,2,A,골목상권,1000741,동작대로33길,11983,5014,6969,15,1964,3143,3698,2176,987,6,590,1272,1667,1009,470,9,1374,1871,2031,1167,517
2019,2,A,골목상권,1000740,동작대로29길,1281,639,642,6,221,337,355,218,144,3,74,192,182,109,79,3,147,145,173,109,65
2019,2,A,골목상권,1000739,동작대로17길,5580,3085,2495,13,816,1303,1389,1063,996,7,276,661,804,643,694,6,540,642,585,420,302
2019,2,A,골목상권,1000738,대방동2길,16869,10771,6098,23,3325,3535,2673,3821,3492,11,2578,2858,1738,1800,1786,12,747,677,935,2021,1706
2019,2,A,골목상권,1000737,대방동27길,6330,4252,2078,9,1046,1453,1303,1796,723,3,563,985,882,1323,496,6,483,468,421,473,227
2019,2,A,골목상권,1000736,노량진로6길,6312,3608,2704,9,774,2030,1748,1208,543,3,366,1049,1017,812,361,6,408,981,731,396,182
2019,2,A,골목상권,1000735,국사봉길,1454,817,637,0,145,333,397,384,195,0,68,187,238,193,131,0,77,146,159,191,64
2019,2,A,골목상권,1000734,국사봉2길,16541,10676,5865,23,3242,3409,2609,3796,3462,11,2562,2811,1729,1786,1777,12,680,598,880,2010,1685
2019,2,A,골목상권,1000733,국사봉1길,1828,927,901,0,161,378,434,471,384,0,67,218,253,201,188,0,94,160,181,270,196
2019,2,A,골목상권,1000732,영신로9길,2662,1667,995,25,502,478,523,563,571,11,232,320,356,353,395,14,270,158,167,210,176
2019,2,A,골목상권,1000731,영등포로84길,4371,2067,2304,4,863,1167,926,826,585,0,268,634,498,371,296,4,595,533,428,455,289
2019,2,A,골목상권,1000730,영등포로80길,4075,1935,2140,4,680,911,943,894,643,0,197,473,504,421,340,4,483,438,439,473,303
2019,2,A,골목상권,1000729,영등포로62길,1640,874,766,0,195,311,418,398,318,0,93,155,226,199,201,0,102,156,192,199,117
2019,2,A,골목상권,1000728,영등포로35길,4816,2883,1933,14,536,1054,1210,1063,939,3,209,621,802,664,584,11,327,433,408,399,355
2019,2,A,골목상권,1000727,영등포로27길,7457,4351,3106,33,1132,1884,1852,1417,1139,16,482,1028,1163,879,783,17,650,856,689,538,356
2019,2,A,골목상권,1000726,영등포로25길,9035,5218,3817,34,1231,2210,2234,1927,1399,23,552,1102,1310,1228,1003,11,679,1108,924,699,396
2019,2,A,골목상권,1000725,여의대방로61길,3778,1851,1927,7,816,1086,849,549,471,1,258,573,455,292,272,6,558,513,394,257,199
2019,2,A,골목상권,1000724,여의대방로43나길,5861,4249,1612,4,861,1233,1148,1831,784,2,570,928,833,1383,533,2,291,305,315,448,251
2019,2,A,골목상권,1000723,여의대방로39길,4921,3547,1374,7,874,1171,996,1432,441,2,518,859,739,1120,309,5,356,312,257,312,132
2019,2,A,골목상권,1000722,여의대방로35길,3426,2054,1372,17,501,705,762,717,724,9,217,455,462,441,470,8,284,250,300,276,254
2019,2,A,골목상권,1000721,양평로28길,4368,2776,1592,12,511,958,1129,1108,650,8,268,613,680,688,519,4,243,345,449,420,131
2019,2,A,골목상권,1000720,양평로22라길,4280,2580,1700,9,561,1024,1153,1031,502,7,257,597,705,620,394,2,304,427,448,411,108
2019,2,A,골목상권,1000719,양평로19길,13383,7393,5990,35,2409,3915,3772,2006,1246,15,993,2362,2095,1052,876,20,1416,1553,1677,954,370
2019,2,A,골목상권,1000718,신길로60길,2210,1243,967,4,232,520,527,512,415,1,104,235,272,294,337,3,128,285,255,218,78
2019,2,A,골목상권,1000717,신길로42길,2220,1289,931,0,268,434,477,533,508,0,136,259,279,276,339,0,132,175,198,257,169
2019,2,A,골목상권,1000716,신길로42가길,2756,1550,1206,1,266,593,600,638,658,0,112,289,304,356,489,1,154,304,296,282,169
2019,2,A,골목상권,1000715,신길로39길,1789,1010,779,2,149,324,390,462,462,2,58,171,216,241,322,0,91,153,174,221,140
2019,2,A,골목상권,1000714,신길로17길,2354,1284,1070,17,271,530,697,544,295,8,125,315,350,294,192,9,146,215,347,250,103
2019,2,A,골목상권,1000713,선유서로28길,8413,5175,3238,33,1557,2037,2011,1594,1181,17,793,1324,1205,929,907,16,764,713,806,665,274
2019,2,A,골목상권,1000712,선유서로25길,5355,3999,1356,17,612,1294,1286,1062,1084,11,372,982,984,773,877,6,240,312,302,289,207
2019,2,A,골목상권,1000711,선유서로24길,22479,11969,10510,93,5232,5595,4877,4465,2217,37,2307,3889,2579,1489,1668,56,2925,1706,2298,2976,549
2019,2,A,골목상권,1000710,선유로55길,11415,6048,5367,29,2140,3350,3254,1637,1005,13,798,1935,1775,824,703,16,1342,1415,1479,813,302
2019,2,A,골목상권,1000709,디지털로74길,3461,1607,1854,9,723,836,888,678,327,6,201,396,419,365,220,3,522,440,469,313,107
2019,2,A,골목상권,1000708,디지털로57길,3063,1700,1363,7,440,545,666,748,657,3,154,288,366,441,448,4,286,257,300,307,209
2019,2,A,골목상권,1000707,디지털로37길,3199,1744,1455,6,485,642,705,738,623,3,183,342,384,406,426,3,302,300,321,332,197
2019,2,A,골목상권,1000706,도신로62길,2270,1224,1046,0,282,567,481,549,391,0,128,331,290,274,201,0,154,236,191,275,190
2019,2,A,골목상권,1000705,도신로60길,1396,776,620,0,192,382,320,279,223,0,93,206,175,167,135,0,99,176,145,112,88
2019,2,A,골목상권,1000704,도신로29길,2066,1362,704,4,228,484,557,433,360,2,99,331,387,286,257,2,129,153,170,147,103
2019,2,A,골목상권,1000703,도신로15길,3086,1983,1103,5,440,573,698,678,692,3,212,342,382,481,563,2,228,231,316,197,129
2019,2,A,골목상권,1000702,도림천로21길,17407,10208,7199,47,3705,6293,4352,1855,1155,22,1574,3805,2821,1184,802,25,2131,2488,1531,671,353
2019,2,A,골목상권,1000701,도림로63길,1332,884,448,7,198,274,304,315,234,2,109,179,211,196,187,5,89,95,93,119,47
2019,2,A,골목상권,1000700,도림로147길,8225,4639,3586,16,1219,1909,2010,2099,972,7,606,1186,1238,1031,571,9,613,723,772,1068,401
2019,2,A,골목상권,1000699,도림로112길,2449,1706,743,6,259,518,624,556,486,4,123,361,445,395,378,2,136,157,179,161,108
2019,2,A,골목상권,1000698,대림로8길,4740,2360,2380,5,1176,1364,994,742,459,5,388,731,558,391,287,0,788,633,436,351,172
2019,2,A,골목상권,1000697,대림로7길,4992,2804,2188,14,937,1534,1247,785,475,7,418,926,674,465,314,7,519,608,573,320,161
2019,2,A,골목상권,1000696,대림로44길,8512,4444,4068,19,848,1646,2153,2305,1541,12,529,1065,1157,855,826,7,319,581,996,1450,715
2019,2,A,골목상권,1000695,대림로34길,4611,3212,1399,22,524,1109,1234,951,771,8,300,785,914,637,568,14,224,324,320,314,203
2019,2,A,골목상권,1000694,대림로31길,12608,8744,3864,23,1445,3035,2976,2675,2454,11,1029,2458,2288,1583,1375,12,416,577,688,1092,1079
2019,2,A,골목상권,1000693,대림로29길,4098,2329,1769,6,571,836,956,988,741,2,228,463,558,574,504,4,343,373,398,414,237
2019,2,A,골목상권,1000692,대림로22길,3006,1594,1412,11,507,597,651,682,558,3,162,309,343,388,389,8,345,288,308,294,169
2019,2,A,골목상권,1000691,당산로46길,10918,7319,3599,22,1229,2468,2923,2790,1486,9,587,1648,2088,1925,1062,13,642,820,835,865,424
2019,2,A,골목상권,1000690,당산로38길,9714,6175,3539,27,1662,2824,2191,2012,998,7,754,1758,1536,1376,744,20,908,1066,655,636,254
2019,2,A,골목상권,1000689,당산로37길,17655,10007,7648,44,3300,5443,4556,2971,1341,14,1301,3136,2698,1900,958,30,1999,2307,1858,1071,383
2019,2,A,골목상권,1000688,당산로31길,16080,9043,7037,38,2703,3926,3199,3624,2590,13,1285,2220,1931,2064,1530,25,1418,1706,1268,1560,1060
2019,2,A,골목상권,1000687,국회대로56길,7396,4375,3021,13,1438,1706,1722,1453,1064,8,472,964,1146,989,796,5,966,742,576,464,268
2019,2,A,골목상권,1000686,경인로90길,8824,5515,3309,38,1736,2619,2320,1375,736,8,719,1530,1610,1051,597,30,1017,1089,710,324,139
2019,2,A,골목상권,1000685,경인로80길,8214,5256,2958,16,1508,2283,2165,1351,891,6,635,1376,1504,1011,724,10,873,907,661,340,167
2019,2,A,골목상권,1000684,경인로77길,9616,5772,3844,21,1755,2800,2617,1568,855,8,686,1577,1734,1092,675,13,1069,1223,883,476,180
2019,2,A,골목상권,1000683,가마산로61길,1074,605,469,0,89,256,286,262,181,0,32,136,150,158,129,0,57,120,136,104,52
2019,2,A,골목상권,1000682,시흥대로94길,3639,2395,1244,7,352,600,692,910,1078,3,187,328,393,548,936,4,165,272,299,362,142
2019,2,A,골목상권,1000681,시흥대로84길,2535,1634,901,6,259,493,521,524,732,6,157,295,282,253,641,0,102,198,239,271,91
2019,2,A,골목상권,1000680,시흥대로68길,4174,2360,1814,15,908,1045,735,650,821,9,405,565,353,311,717,6,503,480,382,339,104
2019,2,A,골목상권,1000679,시흥대로63길,5201,2592,2609,12,991,1479,1104,1077,538,6,420,677,508,622,359,6,571,802,596,455,179
2019,2,A,골목상권,1000678,시흥대로62가길,2092,959,1133,5,327,393,488,525,354,5,127,197,219,211,200,0,200,196,269,314,154
2019,2,A,골목상권,1000677,시흥대로36길,7357,4210,3147,8,549,1109,1742,1983,1966,2,264,710,980,1065,1189,6,285,399,762,918,777
2019,2,A,골목상권,1000676,시흥대로22길,7864,4751,3113,8,543,1106,1839,2115,2253,2,277,728,1074,1198,1472,6,266,378,765,917,781
2019,2,A,골목상권,1000675,시흥대로153길,3302,1746,1556,10,386,597,720,639,950,3,183,346,422,351,441,7,203,251,298,288,509
2019,2,A,골목상권,1000674,시흥대로150길,2651,1573,1078,4,289,576,721,659,402,0,141,321,415,390,306,4,148,255,306,269,96
2019,2,A,골목상권,1000673,시흥대로141길,3100,1893,1207,5,444,686,748,706,511,0,219,411,452,424,387,5,225,275,296,282,124
2019,2,A,골목상권,1000672,시흥대로138길,1917,1165,752,2,236,390,506,483,300,2,141,226,310,274,212,0,95,164,196,209,88
2019,2,A,골목상권,1000671,시흥대로120길,2877,1943,934,7,341,568,683,717,561,5,198,350,451,486,453,2,143,218,232,231,108
2019,2,A,골목상권,1000670,벚꽃로56길,57475,35620,21855,837,14443,16782,12962,7380,5071,407,7174,10807,9041,4589,3602,430,7269,5975,3921,2791,1469
2019,2,A,골목상권,1000669,범안로17길,9202,5914,3288,26,606,1159,1420,1810,4181,23,377,760,914,1110,2730,3,229,399,506,700,1451
2019,2,A,골목상권,1000668,범안로11길,24684,16820,7864,67,3091,5981,5696,4390,5459,51,1847,4150,4132,2957,3683,16,1244,1831,1564,1433,1776
2019,2,A,골목상권,1000667,문성로5길,4652,3245,1407,3,271,726,851,845,1956,3,150,398,501,470,1723,0,121,328,350,375,233
2019,2,A,골목상권,1000666,독산로85길,1548,986,562,2,212,380,391,345,218,2,131,268,246,189,150,0,81,112,145,156,68
2019,2,A,골목상권,1000665,독산로78다길,1514,948,566,2,225,380,355,307,245,2,143,270,215,159,159,0,82,110,140,148,86
2019,2,A,골목상권,1000664,독산로70길,1765,1104,661,1,208,334,373,463,386,0,117,198,206,290,293,1,91,136,167,173,93
2019,2,A,골목상권,1000663,독산로64길,1616,909,707,1,177,285,352,471,330,0,98,112,154,282,263,1,79,173,198,189,67
2019,2,A,골목상권,1000662,독산로50길,977,610,367,7,145,202,304,229,90,5,87,141,182,127,68,2,58,61,122,102,22
2019,2,A,골목상권,1000661,독산로40길,1565,961,604,10,228,342,447,378,160,8,140,237,276,184,116,2,88,105,171,194,44
2019,2,A,골목상권,1000660,독산로108길,5283,3750,1533,3,363,952,972,1018,1975,3,203,569,608,628,1739,0,160,383,364,390,236
2019,2,A,골목상권,1000659,남부순환로112길,4036,2362,1674,19,516,894,922,694,991,14,266,553,604,437,488,5,250,341,318,257,503
2019,2,A,골목상권,1000658,금하로24길,1842,1050,792,12,217,390,444,443,336,12,118,223,219,250,228,0,99,167,225,193,108
2019,2,A,골목상권,1000657,금하로1길,1380,874,506,12,216,300,294,303,255,11,130,188,203,157,185,1,86,112,91,146,70
2019,2,A,골목상권,1000656,금하로14길,1455,693,762,0,124,234,370,398,329,0,36,113,175,189,180,0,88,121,195,209,149
2019,2,A,골목상권,1000655,가산로5길,9489,5285,4204,31,1457,2477,2344,1743,1437,23,772,1427,1388,921,754,8,685,1050,956,822,683
2019,2,A,골목상권,1000654,가산로3길,23142,15779,7363,68,3801,7093,6026,3994,2160,47,2150,4883,4490,2673,1536,21,1651,2210,1536,1321,624
2019,2,A,골목상권,1000653,중앙로1길,4432,2630,1802,3,477,924,1049,1095,884,3,247,491,520,629,740,0,230,433,529,466,144
2019,2,A,골목상권,1000652,중앙로15길,1990,1316,674,4,230,448,472,556,280,2,136,317,309,330,222,2,94,131,163,226,58
2019,2,A,골목상권,1000651,우마길,5058,3191,1867,26,821,1360,1333,880,638,17,407,861,880,561,465,9,414,499,453,319,173
2019,2,A,골목상권,1000650,오류로8길,3412,2181,1231,3,382,756,971,910,390,0,229,448,633,591,280,3,153,308,338,319,110
2019,2,A,골목상권,1000649,신도림로13길,4603,3433,1170,5,417,1502,1289,873,517,4,239,1133,1023,641,393,1,178,369,266,232,124
2019,2,A,골목상권,1000648,새말로18길,10262,5194,5068,37,1066,1936,2604,2721,1898,30,570,1151,1281,1089,1073,7,496,785,1323,1632,825
2019,2,A,골목상권,1000647,부일로1길,2510,1740,770,22,225,479,574,725,485,22,144,292,367,502,413,0,81,187,207,223,72
2019,2,A,골목상권,1000646,부일로15길,1369,834,535,0,132,260,344,364,269,0,62,144,204,235,189,0,70,116,140,129,80
2019,2,A,골목상권,1000645,부일로11길,1736,1074,662,0,194,345,440,457,300,0,92,205,261,312,204,0,102,140,179,145,96
2019,2,A,골목상권,1000644,디지털로32길,33210,19957,13253,76,6476,11907,8885,3868,1998,39,2936,7431,5720,2361,1470,37,3540,4476,3165,1507,528
2019,2,A,골목상권,1000643,디지털로32가길,32787,19823,12964,87,6306,11557,8707,3939,2191,48,2822,7177,5708,2439,1629,39,3484,4380,2999,1500,562
2019,2,A,골목상권,1000642,디지털로27길,28510,19539,8971,92,5763,9852,7053,3664,2086,63,3028,6913,5372,2524,1639,29,2735,2939,1681,1140,447
2019,2,A,골목상권,1000641,도림로6길,6586,4103,2483,27,1085,1910,1690,1020,854,18,509,1197,1104,649,626,9,576,713,586,371,228
2019,2,A,골목상권,1000640,도림로12길,5643,3828,1815,27,1093,1822,1436,784,481,20,635,1302,1046,500,325,7,458,520,390,284,156
2019,2,A,골목상권,1000639,남부순환로97길,6447,3655,2792,26,1085,1631,1407,1431,867,15,610,1086,745,651,548,11,475,545,662,780,319
2019,2,A,골목상권,1000638,구로중앙로8길,3214,1926,1288,2,299,613,856,887,557,0,141,352,487,555,391,2,158,261,369,332,166
2019,2,A,골목상권,1000637,구로중앙로7길,1798,1107,691,6,161,315,439,527,350,3,65,151,256,366,266,3,96,164,183,161,84
2019,2,A,골목상권,1000636,구로중앙로42길,8996,6446,2550,18,805,2371,2410,2008,1384,13,457,1737,1759,1434,1046,5,348,634,651,574,338
2019,2,A,골목상권,1000635,구로중앙로34길,3914,2287,1627,3,473,872,1026,916,624,0,211,504,620,541,411,3,262,368,406,375,213
2019,2,A,골목상권,1000634,구로중앙로28길,12917,8903,4014,12,1629,3211,3148,2719,2198,6,1078,2501,2343,1660,1315,6,551,710,805,1059,883
2019,2,A,골목상권,1000633,구로중앙로19길,4824,2726,2098,3,514,1325,1180,1192,610,1,228,703,651,795,348,2,286,622,529,397,262
2019,2,A,골목상권,1000632,구로동로8길,1777,922,855,9,207,302,420,416,423,6,89,149,185,215,278,3,118,153,235,201,145
2019,2,A,골목상권,1000631,구로동로7길,12781,8818,3963,51,2090,3689,3263,2050,1638,44,1157,2544,2435,1452,1186,7,933,1145,828,598,452
2019,2,A,골목상권,1000630,구로동로42길,5118,2589,2529,6,721,1260,1186,1245,700,1,247,555,568,793,425,5,474,705,618,452,275
2019,2,A,골목상권,1000629,구로동로41길,1287,615,672,0,129,214,294,350,300,0,55,90,154,157,159,0,74,124,140,193,141
2019,2,A,골목상권,1000628,구로동로38길,4396,2501,1895,3,487,1204,1043,1106,553,1,220,617,591,744,328,2,267,587,452,362,225
2019,2,A,골목상권,1000627,구로동로28길,4145,2368,1777,9,453,1188,1013,1001,481,3,189,606,544,706,320,6,264,582,469,295,161
2019,2,A,골목상권,1000626,구로동로15길,12442,8644,3798,52,2063,3649,3205,1988,1485,44,1135,2524,2419,1436,1086,8,928,1125,786,552,399
2019,2,A,골목상권,1000625,공원로6가길,11445,5899,5546,37,1258,2228,2973,2977,1972,29,687,1325,1548,1239,1071,8,571,903,1425,1738,901
2019,2,A,골목상권,1000624,고척로52길,5366,3884,1482,12,356,1163,1588,1799,448,11,180,828,1172,1377,316,1,176,335,416,422,132
2019,2,A,골목상권,1000623,고척로27다길,1318,740,578,1,147,304,302,339,225,0,70,145,153,192,180,1,77,159,149,147,45
2019,2,A,골목상권,1000622,고척로27길,1590,913,677,0,166,350,389,423,262,0,85,183,201,236,208,0,81,167,188,187,54
2019,2,A,골목상권,1000621,고척로21나길,2488,1503,985,5,272,493,548,635,535,4,136,290,328,348,397,1,136,203,220,287,138
2019,2,A,골목상권,1000620,경인로47길,3463,2253,1210,3,384,737,795,831,713,3,192,445,461,537,615,0,192,292,334,294,98
2019,2,A,골목상권,1000619,경인로35길,3243,1904,1339,14,261,654,877,848,589,11,121,371,501,467,433,3,140,283,376,381,156
2019,2,A,골목상권,1000618,경인로31길,1349,773,576,2,143,338,343,302,221,1,68,200,176,157,171,1,75,138,167,145,50
2019,2,A,골목상권,1000617,경인로15길,1979,1220,759,7,153,358,495,589,377,4,83,210,300,343,280,3,70,148,195,246,97
2019,2,A,골목상권,1000616,개봉로3길,1385,792,593,2,196,297,313,310,267,2,84,165,170,181,190,0,112,132,143,129,77
2019,2,A,골목상권,1000615,개봉로2길,5507,2892,2615,18,1031,1565,1209,1150,534,10,560,1029,606,423,264,8,471,536,603,727,270
2019,2,A,골목상권,1000614,개봉로23가길,7315,3759,3556,17,617,1303,1883,2199,1296,11,325,654,879,1043,847,6,292,649,1004,1156,449
2019,2,A,골목상권,1000613,개봉로20길,7036,3927,3109,26,1135,1781,1583,1581,930,17,635,1157,822,724,572,9,500,624,761,857,358
2019,2,A,골목상권,1000612,개봉로1길,1125,674,451,1,164,243,263,234,220,1,73,147,153,139,161,0,91,96,110,95,59
2019,2,A,골목상권,1000611,개봉로17다길,5328,2960,2368,24,1064,1428,1113,1083,616,18,593,947,546,435,421,6,471,481,567,648,195
2019,2,A,골목상권,1000610,개봉로17길,4544,2383,2161,21,1048,1356,926,849,344,15,583,902,420,265,198,6,465,454,506,584,146
2019,2,A,골목상권,1000609,개봉로11길,2920,1316,1604,11,408,543,691,822,445,10,208,287,261,281,269,1,200,256,430,541,176
2019,2,A,골목상권,1000608,화곡로64길,14195,8485,5710,37,2506,3701,3251,2947,1753,11,1041,2501,2287,1587,1058,26,1465,1200,964,1360,695
2019,2,A,골목상권,1000607,화곡로59길,13146,7810,5336,24,1570,3362,3218,3400,1572,7,747,2155,2074,1874,953,17,823,1207,1144,1526,619
2019,2,A,골목상권,1000606,화곡로44나길,6214,3993,2221,3,668,1580,1473,1535,955,2,291,925,945,1096,734,1,377,655,528,439,221
2019,2,A,골목상권,1000605,화곡로31길,4118,2087,2031,6,894,890,869,800,659,3,237,445,455,472,475,3,657,445,414,328,184
2019,2,A,골목상권,1000604,화곡로20길,2846,1566,1280,4,327,660,670,694,491,4,181,396,373,367,245,0,146,264,297,327,246
2019,2,A,골목상권,1000603,화곡로13길,2004,1109,895,3,206,456,560,530,249,3,111,269,288,268,170,0,95,187,272,262,79
2019,2,A,골목상권,1000602,초원로16길,2324,1253,1071,8,268,400,537,518,593,3,106,232,347,289,276,5,162,168,190,229,317
2019,2,A,골목상권,1000601,초록마을로8길,1876,1091,785,5,204,413,500,494,260,2,99,266,297,251,176,3,105,147,203,243,84
2019,2,A,골목상권,1000600,초록마을로3길,4376,2756,1620,3,915,1009,925,848,676,3,308,621,623,626,575,0,607,388,302,222,101
2019,2,A,골목상권,1000599,월정로20길,1929,1244,685,13,203,387,525,559,242,11,123,229,328,359,194,2,80,158,197,200,48
2019,2,A,골목상권,1000598,우장산로6길,1565,839,726,2,156,280,433,479,215,2,63,143,205,261,165,0,93,137,228,218,50
2019,2,A,골목상권,1000597,양천로73가길,4343,2966,1377,7,636,991,981,1003,725,5,396,651,626,692,596,2,240,340,355,311,129
2019,2,A,골목상권,1000596,양천로71길,4714,2937,1777,7,512,1000,1146,1244,805,6,251,592,669,773,646,1,261,408,477,471,159
2019,2,A,골목상권,1000595,양천로49길,6378,3772,2606,11,702,1492,1472,1591,1110,10,350,930,948,801,733,1,352,562,524,790,377
2019,2,A,골목상권,1000594,양천로26길,2408,1366,1042,9,510,629,483,492,285,2,183,332,293,327,229,7,327,297,190,165,56
2019,2,A,골목상권,1000593,양천로24길,2263,1364,899,3,258,490,553,605,354,2,152,311,328,329,242,1,106,179,225,276,112
2019,2,A,골목상권,1000592,양천로24가길,3415,2235,1180,6,348,655,978,915,513,2,200,401,682,580,370,4,148,254,296,335,143
2019,2,A,골목상권,1000591,양천로14길,3537,2332,1205,6,314,688,957,952,620,2,176,404,656,617,477,4,138,284,301,335,143
2019,2,A,골목상권,1000590,방화대로6라길,1662,1051,611,0,165,390,480,416,211,0,94,248,322,251,136,0,71,142,158,165,75
2019,2,A,골목상권,1000589,방화대로21길,2569,1400,1169,10,299,455,590,540,675,5,112,252,381,323,327,5,187,203,209,217,348
2019,2,A,골목상권,1000588,등촌로5길,2969,1367,1602,2,679,820,634,543,291,0,139,365,330,319,214,2,540,455,304,224,77
2019,2,A,골목상권,1000587,등촌로55길,2909,1850,1059,10,343,643,748,698,467,8,145,398,460,473,366,2,198,245,288,225,101
2019,2,A,골목상권,1000586,등촌로51길,2262,1385,877,5,252,454,523,589,439,4,98,244,313,386,340,1,154,210,210,203,99
2019,2,A,골목상권,1000585,등촌로39길,3771,2103,1668,4,469,780,922,971,625,3,228,395,559,582,336,1,241,385,363,389,289
2019,2,A,골목상권,1000584,등촌로13길,1278,746,532,2,97,259,335,346,239,0,36,167,173,201,169,2,61,92,162,145,70
2019,2,A,골목상권,1000583,남부순환로11길,1621,1147,474,0,147,348,411,406,309,0,80,216,278,303,270,0,67,132,133,103,39
2019,2,A,골목상권,1000582,까치산로4길,3174,1709,1465,17,503,812,858,677,307,12,208,460,465,386,178,5,295,352,393,291,129
2019,2,A,골목상권,1000581,국회대로7길,3617,1767,1850,4,760,873,769,753,458,2,227,419,412,406,301,2,533,454,357,347,157
2019,2,A,골목상권,1000580,공항대로8길,2283,1489,794,9,234,435,529,603,473,3,109,252,321,412,392,6,125,183,208,191,81
2019,2,A,골목상권,1000579,공항대로61길,5840,4057,1783,16,601,1150,1191,1211,1671,14,267,695,740,857,1484,2,334,455,451,354,187
2019,2,A,골목상권,1000578,공항대로59다길,6526,4062,2464,17,809,1521,1748,1611,820,13,347,885,1116,1071,630,4,462,636,632,540,190
2019,2,A,골목상권,1000577,공항대로59길,6250,4328,1922,20,771,1275,1211,1277,1696,16,346,792,772,892,1510,4,425,483,439,385,186
2019,2,A,골목상권,1000576,공항대로55길,10063,6402,3661,32,2097,2898,2409,1635,992,16,782,1852,1778,1195,779,16,1315,1046,631,440,213
2019,2,A,골목상권,1000575,공항대로42길,2726,1437,1289,6,335,529,583,595,678,5,122,286,339,294,391,1,213,243,244,301,287
2019,2,A,골목상권,1000574,공항대로38길,3562,1756,1806,16,852,747,644,632,671,8,285,376,387,314,386,8,567,371,257,318,285
2019,2,A,골목상권,1000573,곰달래로60길,4139,1802,2337,2,845,1072,932,858,430,1,194,443,461,424,279,1,651,629,471,434,151
2019,2,A,골목상권,1000572,곰달래로53길,1048,591,457,3,88,204,290,274,189,1,41,116,150,154,129,2,47,88,140,120,60
2019,2,A,골목상권,1000571,곰달래로47길,2054,1053,1001,4,214,586,615,435,200,2,104,297,286,239,125,2,110,289,329,196,75
2019,2,A,골목상권,1000570,곰달래로31길,2368,1344,1024,3,280,667,690,476,252,3,139,352,357,304,189,0,141,315,333,172,63
2019,2,A,골목상권,1000569,곰달래로25길,1599,840,759,2,182,324,446,428,217,2,83,159,217,218,161,0,99,165,229,210,56
2019,2,A,골목상권,1000568,개화동로25길,31997,16838,15159,2,5164,10932,8954,5984,961,2,1095,4448,5218,5271,804,0,4069,6484,3736,713,157
2019,2,A,골목상권,1000567,개화동로23길,32664,17061,15603,4,5260,11027,9034,6088,1251,4,1124,4496,5252,5317,868,0,4136,6531,3782,771,383
2019,2,A,골목상권,1000566,강서로8길,2680,1549,1131,6,341,624,710,674,325,6,185,378,403,344,233,0,156,246,307,330,92
2019,2,A,골목상권,1000565,강서로5라길,2427,1471,956,3,287,548,625,586,378,2,178,358,355,298,280,1,109,190,270,288,98
2019,2,A,골목상권,1000564,강서로5나길,2296,1512,784,11,241,462,626,654,302,9,150,284,404,428,237,2,91,178,222,226,65
2019,2,A,골목상권,1000563,강서로5가길,2161,1284,877,9,251,437,596,592,276,9,134,256,367,324,194,0,117,181,229,268,82
2019,2,A,골목상권,1000562,강서로47라길,1832,854,978,3,165,313,511,631,209,1,54,137,192,315,155,2,111,176,319,316,54
2019,2,A,골목상권,1000561,강서로47길,1897,832,1065,3,182,351,557,602,202,1,53,151,203,277,147,2,129,200,354,325,55
2019,2,A,골목상권,1000560,강서로45다길,5855,3622,2233,10,620,1269,1459,1481,1016,6,348,843,861,842,722,4,272,426,598,639,294
2019,2,A,골목상권,1000559,강서로45길,5297,3226,2071,12,589,1151,1318,1381,846,6,321,764,766,765,604,6,268,387,552,616,242
2019,2,A,골목상권,1000558,강서로35길,2484,1296,1188,3,300,560,602,583,436,2,122,315,305,289,263,1,178,245,297,294,173
2019,2,A,골목상권,1000557,강서로29길,3094,1432,1662,8,430,684,724,678,570,5,156,341,351,326,253,3,274,343,373,352,317
2019,2,A,골목상권,1000556,강서로18길,3425,2172,1253,3,356,895,929,855,387,2,197,524,535,603,311,1,159,371,394,252,76
2019,2,A,골목상권,1000555,강서로17가길,2316,1411,905,3,184,443,618,698,370,2,96,266,364,455,228,1,88,177,254,243,142
2019,2,A,골목상권,1000554,강서로15길,3429,2229,1200,13,289,592,902,1121,512,13,177,348,542,741,408,0,112,244,360,380,104
2019,2,A,골목상권,1000553,가로공원로80길,3330,2035,1295,6,315,682,804,907,616,5,160,419,491,613,347,1,155,263,313,294,269
2019,2,A,골목상권,1000552,가로공원로76가길,3422,2235,1187,6,263,604,884,1106,559,5,147,367,569,761,386,1,116,237,315,345,173
2019,2,A,골목상권,1000551,화곡로4길,1747,954,793,5,155,356,418,480,333,5,71,170,207,267,234,0,84,186,211,213,99
2019,2,A,골목상권,1000550,화곡로3길,1251,643,608,9,141,289,336,336,140,6,68,140,172,167,90,3,73,149,164,169,50
2019,2,A,골목상권,1000549,지양로7길,2787,1610,1177,2,244,350,463,729,999,2,141,217,288,432,530,0,103,133,175,297,469
2019,2,A,골목상권,1000548,중앙로55길,2694,1503,1191,10,302,574,707,731,370,10,159,351,370,356,257,0,143,223,337,375,113
2019,2,A,골목상권,1000547,중앙로51길,3131,1839,1292,13,309,549,843,766,651,10,165,314,419,419,512,3,144,235,424,347,139
2019,2,A,골목상권,1000546,중앙로47길,3953,2972,981,2,362,808,907,518,1356,1,160,476,671,370,1294,1,202,332,236,148,62
2019,2,A,골목상권,1000545,중앙로45길,3681,2722,959,5,259,428,650,670,1669,1,118,225,344,461,1573,4,141,203,306,209,96
2019,2,A,골목상권,1000544,중앙로36길,877,421,456,2,86,151,200,245,193,1,34,67,89,120,110,1,52,84,111,125,83
2019,2,A,골목상권,1000543,중앙로32길,9685,5589,4096,21,1665,2757,2572,1813,857,16,594,1651,1589,1147,592,5,1071,1106,983,666,265
2019,2,A,골목상권,1000542,중앙로25길,7070,4391,2679,21,883,1844,2109,1453,760,16,472,1184,1442,802,475,5,411,660,667,651,285
2019,2,A,골목상권,1000541,은행정로7길,2877,1298,1579,6,717,584,544,579,447,4,208,255,282,278,271,2,509,329,262,301,176
2019,2,A,골목상권,1000540,은행정로5길,1363,647,716,1,130,256,279,400,297,1,61,117,120,178,170,0,69,139,159,222,127
2019,2,A,골목상권,1000539,오목로5길,2214,1397,817,4,201,366,509,638,496,2,101,211,263,414,406,2,100,155,246,224,90
2019,2,A,골목상권,1000538,오목로3길,2529,1819,710,3,165,291,495,811,764,1,91,174,283,586,684,2,74,117,212,225,80
2019,2,A,골목상권,1000537,오목로30길,3177,1400,1777,7,716,579,629,663,583,6,205,263,306,293,327,1,511,316,323,370,256
2019,2,A,골목상권,1000536,오목로23길,3796,2006,1790,14,855,812,806,766,543,13,326,467,448,393,359,1,529,345,358,373,184
2019,2,A,골목상권,1000535,신월로20길,1716,1052,664,2,156,285,387,416,470,1,67,134,212,244,394,1,89,151,175,172,76
2019,2,A,골목상권,1000534,신월로15길,2597,1802,795,2,165,311,510,798,811,1,84,178,287,552,700,1,81,133,223,246,111
2019,2,A,골목상권,1000533,신목로6길,7112,4088,3024,27,1033,1846,1789,1656,761,17,472,1115,1072,884,528,10,561,731,717,772,233
2019,2,A,골목상권,1000532,신목로5길,11375,7572,3803,65,1539,3205,2766,2398,1402,50,894,2333,1859,1448,988,15,645,872,907,950,414
2019,2,A,골목상권,1000531,신목로2길,6261,3663,2598,26,898,1684,1589,1440,624,17,414,1054,970,768,440,9,484,630,619,672,184
2019,2,A,골목상권,1000530,목동중앙서로8가길,3906,1874,2032,3,781,1082,973,789,278,2,156,483,558,468,207,1,625,599,415,321,71
2019,2,A,골목상권,1000529,목동중앙서로7길,4466,2400,2066,4,841,1185,1052,948,436,1,226,601,634,595,343,3,615,584,418,353,93
2019,2,A,골목상권,1000528,목동중앙북로8길,5428,3101,2327,8,732,1200,1307,1341,840,5,329,650,793,831,493,3,403,550,514,510,347
2019,2,A,골목상권,1000527,목동중앙북로16길,4793,2804,1989,3,766,1181,1304,1094,445,2,393,596,830,686,297,1,373,585,474,408,148
2019,2,A,골목상권,1000526,목동중앙본로7길,1678,853,825,4,184,372,439,413,266,2,80,202,204,201,164,2,104,170,235,212,102
2019,2,A,골목상권,1000525,목동중앙로3길,2755,1310,1445,5,323,583,803,647,394,2,147,280,326,286,269,3,176,303,477,361,125
2019,2,A,골목상권,1000524,목동중앙로13나길,1457,850,607,5,186,436,388,270,172,3,78,227,237,200,105,2,108,209,151,70,67
2019,2,A,골목상권,1000523,목동중앙남로3가길,1828,981,847,1,198,447,465,456,261,0,86,261,229,227,178,1,112,186,236,229,83
2019,2,A,골목상권,1000522,목동로9길,3654,2078,1576,9,481,901,946,785,532,8,221,523,551,451,324,1,260,378,395,334,208
2019,2,A,골목상권,1000521,목동로19길,3566,1791,1775,7,489,866,893,781,530,6,159,427,463,414,322,1,330,439,430,367,208
2019,2,A,골목상권,1000520,목동동로8길,8127,5212,2915,17,997,2176,1984,1827,1126,7,524,1473,1317,1101,790,10,473,703,667,726,336
2019,2,A,골목상권,1000519,목동동로12길,14160,7959,6201,65,2547,4043,3619,2475,1411,52,1080,2398,2087,1366,976,13,1467,1645,1532,1109,435
2019,2,A,골목상권,1000518,목동남로4길,2102,1256,846,5,252,496,523,471,355,3,129,307,288,272,257,2,123,189,235,199,98
2019,2,A,골목상권,1000517,남부순환로88길,2340,1566,774,2,264,450,574,618,432,0,200,319,370,374,303,2,64,131,204,244,129
2019,2,A,골목상권,1000516,남부순환로79길,1921,1158,763,1,147,289,431,577,476,0,70,164,232,346,346,1,77,125,199,231,130
2019,2,A,골목상권,1000515,남부순환로70길,3321,2494,827,3,323,444,649,1016,886,2,183,292,447,773,797,1,140,152,202,243,89
2019,2,A,골목상권,1000514,남부순환로58길,1566,819,747,5,183,326,436,440,176,3,107,192,202,198,117,2,76,134,234,242,59
2019,2,A,골목상권,1000513,남부순환로40길,1611,1008,603,5,138,276,347,428,417,5,69,148,184,274,328,0,69,128,163,154,89
2019,2,A,골목상권,1000512,남부순환로33길,2498,1410,1088,4,233,528,581,677,475,4,131,304,325,375,271,0,102,224,256,302,204
2019,2,A,골목상권,1000511,곰달래로5길,2454,1339,1115,8,228,441,575,664,538,7,137,249,268,356,322,1,91,192,307,308,216
2019,2,A,골목상권,1000510,곰달래로3길,2368,1325,1043,4,226,438,649,748,303,3,134,244,322,409,213,1,92,194,327,339,90
2019,2,A,골목상권,1000509,곰달래로2길,2157,1431,726,8,244,371,513,688,333,4,148,247,328,451,253,4,96,124,185,237,80
2019,2,A,골목상권,1000508,곰달래로10길,2234,1425,809,10,252,408,522,690,352,8,144,257,310,448,258,2,108,151,212,242,94
2019,2,A,골목상권,1000507,가로공원로58길,992,630,362,5,83,156,209,291,248,5,36,72,112,195,210,0,47,84,97,96,38
2019,2,A,골목상권,1000506,효창원로93길,3752,1950,1802,8,727,864,990,832,331,5,315,452,491,481,206,3,412,412,499,351,125
2019,2,A,골목상권,1000505,토정로37길,19071,12015,7056,19,2290,4186,4301,4757,3518,10,1237,2648,3081,2867,2172,9,1053,1538,1220,1890,1346
2019,2,A,골목상권,1000504,월드컵로8길,12870,6599,6271,65,2363,3411,2761,1974,2296,43,986,1775,1632,1036,1127,22,1377,1636,1129,938,1169
2019,2,A,골목상권,1000503,월드컵로7길,5092,2673,2419,11,862,1330,1200,914,775,7,334,655,689,508,480,4,528,675,511,406,295
2019,2,A,골목상권,1000502,월드컵로36길,3068,1463,1605,9,417,581,730,851,480,5,159,305,375,358,261,4,258,276,355,493,219
2019,2,A,골목상권,1000501,월드컵로25길,2275,1280,995,3,252,485,669,516,350,2,121,274,367,286,230,1,131,211,302,230,120
2019,2,A,골목상권,1000500,월드컵로19길,7958,5447,2511,31,794,1459,1830,2218,1626,28,382,936,1245,1575,1281,3,412,523,585,643,345
2019,2,A,골목상권,1000499,월드컵로16길,9404,6188,3216,37,995,1804,2206,2573,1789,31,425,1105,1488,1782,1357,6,570,699,718,791,432
2019,2,A,골목상권,1000498,월드컵로11길,3757,2051,1706,1,610,927,956,678,585,1,237,492,522,397,402,0,373,435,434,281,183
2019,2,A,골목상권,1000497,월드컵로10길,8335,3925,4410,18,1242,2055,1757,1299,1964,9,402,981,992,690,851,9,840,1074,765,609,1113
2019,2,A,골목상권,1000496,와우산로3길,4840,3024,1816,45,1374,1555,944,643,279,24,680,1083,636,395,206,21,694,472,308,248,73
2019,2,A,골목상권,1000495,와우산로29길,2707,1512,1195,9,577,796,653,433,239,7,215,438,387,291,174,2,362,358,266,142,65
2019,2,A,골목상권,1000494,와우산로29가길,4905,3307,1598,11,833,1184,1227,948,702,6,442,781,850,679,549,5,391,403,377,269,153
2019,2,A,골목상권,1000493,양화진길,4337,2477,1860,6,781,1201,1062,804,483,5,301,639,672,537,323,1,480,562,390,267,160
2019,2,A,골목상권,1000492,양화로1길,4874,2694,2180,6,864,1372,1099,833,700,4,347,673,665,508,497,2,517,699,434,325,203
2019,2,A,골목상권,1000491,양화로11길,12280,6156,6124,63,2264,3271,2622,1830,2230,41,957,1652,1528,909,1069,22,1307,1619,1094,921,1161
2019,2,A,골목상권,1000490,신촌로30길,1451,756,695,5,367,459,289,197,134,1,146,245,148,119,97,4,221,214,141,78,37
2019,2,A,골목상권,1000489,신촌로28가길,810,316,494,2,119,191,207,181,110,2,36,61,63,78,76,0,83,130,144,103,34
2019,2,A,골목상권,1000488,신촌로12길,2882,1317,1565,6,591,767,675,504,339,3,173,343,340,262,196,3,418,424,335,242,143
2019,2,A,골목상권,1000487,숭문길,22147,12344,9803,98,3401,4627,4099,7861,2061,37,1071,2048,1886,5711,1591,61,2330,2579,2213,2150,470
2019,2,A,골목상권,1000486,숭문8길,3737,2438,1299,18,391,531,732,1107,958,5,146,311,497,781,698,13,245,220,235,326,260
2019,2,A,골목상권,1000485,성지3길,4035,2368,1667,14,651,1187,1061,728,394,11,248,624,689,508,288,3,403,563,372,220,106
2019,2,A,골목상권,1000484,성산로4길,4782,2818,1964,20,706,1082,1149,1134,691,9,302,648,680,711,468,11,404,434,469,423,223
2019,2,A,골목상권,1000483,성미산로32길,2456,1437,1019,9,410,696,594,470,277,5,165,401,361,294,211,4,245,295,233,176,66
2019,2,A,골목상권,1000482,성미산로1길,8621,5871,2750,46,940,1540,1935,2410,1750,33,416,1012,1356,1702,1352,13,524,528,579,708,398
2019,2,A,골목상권,1000481,성미산로11길,4101,2672,1429,9,532,1046,1024,890,600,8,244,656,679,621,464,1,288,390,345,269,136
2019,2,A,골목상권,1000480,백범로16길,30848,17676,13172,94,4325,6612,6252,10332,3233,38,1586,3360,3392,7068,2232,56,2739,3252,2860,3264,1001
2019,2,A,골목상권,1000479,방울내로9안길,3140,1769,1371,12,523,649,785,714,457,2,205,378,466,422,296,10,318,271,319,292,161
2019,2,A,골목상권,1000478,모래내로7길,1979,1273,706,2,175,322,468,574,438,1,72,176,309,403,312,1,103,146,159,171,126
2019,2,A,골목상권,1000477,매봉산로2길,8179,5297,2882,7,2244,2916,1776,933,303,2,1019,2011,1379,663,223,5,1225,905,397,270,80
2019,2,A,골목상권,1000476,망원로2길,3832,2116,1716,10,910,1093,906,571,342,5,512,596,459,304,240,5,398,497,447,267,102
2019,2,A,골목상권,1000475,망원로11길,8279,5674,2605,44,881,1481,1864,2333,1676,31,394,969,1303,1657,1320,13,487,512,561,676,356
2019,2,A,골목상권,1000474,만리재옛길,11245,7060,4185,32,1663,3388,3371,2193,598,8,763,2040,2229,1615,405,24,900,1348,1142,578,193
2019,2,A,골목상권,1000473,마포대로4길,14354,9121,5233,24,1872,3349,3318,3135,2656,15,953,2011,2339,2051,1752,9,919,1338,979,1084,904
2019,2,A,골목상권,1000472,마포대로20길,7006,3802,3204,9,1194,2193,2070,1114,426,5,561,1229,1125,620,262,4,633,964,945,494,164
2019,2,A,골목상권,1000471,마포대로12길,18846,11355,7491,66,3489,5803,5365,3334,789,24,1343,3234,3573,2603,578,42,2146,2569,1792,731,211
2019,2,A,골목상권,1000470,동교로38길,4323,2241,2082,19,717,1084,1058,889,556,8,243,558,580,469,383,11,474,526,478,420,173
2019,2,A,골목상권,1000469,동교로27길,8492,4365,4127,25,1358,2345,2112,1572,1080,15,463,1271,1243,806,567,10,895,1074,869,766,513
2019,2,A,골목상권,1000468,동교로25길,8773,4722,4051,31,1555,2536,2114,1448,1089,19,556,1378,1338,833,598,12,999,1158,776,615,491
2019,2,A,골목상권,1000467,동교로19길,8710,4604,4106,22,1474,2465,2104,1549,1096,14,509,1282,1324,870,605,8,965,1183,780,679,491
2019,2,A,골목상권,1000466,동교로17길,11590,5988,5602,31,1784,2873,2491,1747,2664,17,582,1443,1477,1025,1444,14,1202,1430,1014,722,1220
2019,2,A,골목상권,1000465,독막로8길,5671,3372,2299,32,1480,1789,1209,794,367,14,678,1150,769,497,264,18,802,639,440,297,103
2019,2,A,골목상권,1000464,독막로32길,5615,3148,2467,13,731,1548,1484,1264,575,11,316,755,833,807,426,2,415,793,651,457,149
2019,2,A,골목상권,1000463,독막로22길,2697,1604,1093,6,347,623,693,632,396,4,126,308,422,430,314,2,221,315,271,202,82
2019,2,A,골목상권,1000462,도화길,24419,15675,8744,25,3475,5739,5420,6208,3552,13,2092,3910,3881,3594,2185,12,1383,1829,1539,2614,1367
2019,2,A,골목상권,1000461,도화4길,18635,12105,6530,23,2761,4247,4105,4804,2695,14,1659,2918,2840,2958,1716,9,1102,1329,1265,1846,979
2019,2,A,골목상권,1000460,대흥로28길,1052,424,628,3,136,237,271,251,154,2,33,81,89,126,93,1,103,156,182,125,61
2019,2,A,골목상권,1000459,대흥로21길,3489,1676,1813,31,676,871,741,703,467,16,220,378,336,402,324,15,456,493,405,301,143
2019,2,A,골목상권,1000458,광성로6길,4955,2743,2212,23,763,1296,1237,1100,536,11,293,599,719,727,394,12,470,697,518,373,142
2019,2,A,골목상권,1000457,홍제내길,1402,870,532,1,195,368,367,309,162,0,82,214,238,220,116,1,113,154,129,89,46
2019,2,A,골목상권,1000456,홍연길,1345,854,491,5,117,217,306,439,261,4,51,131,172,293,203,1,66,86,134,146,58
2019,2,A,골목상권,1000455,통일로39길,1847,875,972,1,203,289,466,677,211,0,66,146,226,314,123,1,137,143,240,363,88
2019,2,A,골목상권,1000454,통일로37길,1937,969,968,2,219,324,517,622,253,1,69,166,255,329,149,1,150,158,262,293,104
2019,2,A,골목상권,1000453,통일로11길,1905,1117,788,6,202,489,468,479,261,3,71,285,276,291,191,3,131,204,192,188,70
2019,2,A,골목상권,1000452,충정로6길,22356,13551,8805,42,3684,7299,6044,3916,1371,16,1665,4216,3938,2697,1019,26,2019,3083,2106,1219,352
2019,2,A,골목상권,1000451,충정로4길,12451,7547,4904,22,2064,3709,3338,2325,993,9,1047,2246,2101,1457,687,13,1017,1463,1237,868,306
2019,2,A,골목상권,1000450,증가로6길,1829,1117,712,5,166,349,475,548,286,4,76,210,274,344,209,1,90,139,201,204,77
2019,2,A,골목상권,1000449,증가로23나길,5873,2859,3014,37,2061,1356,958,923,538,16,770,693,506,529,345,21,1291,663,452,394,193
2019,2,A,골목상권,1000448,증가로20가길,4286,2026,2260,31,1868,992,625,524,246,13,709,517,298,299,190,18,1159,475,327,225,56
2019,2,A,골목상권,1000447,증가로10길,1956,1073,883,1,199,469,564,528,195,1,97,277,276,285,137,0,102,192,288,243,58
2019,2,A,골목상권,1000446,응암로1길,3214,1736,1478,4,397,872,801,703,437,2,150,498,469,363,254,2,247,374,332,340,183
2019,2,A,골목상권,1000445,연희로10길,7240,5475,1765,3,790,1553,1510,2448,936,2,499,1028,1029,2109,808,1,291,525,481,339,128
2019,2,A,골목상권,1000444,신촌로37길,3718,2170,1548,6,683,1102,922,633,372,1,307,672,567,402,221,5,376,430,355,231,151
2019,2,A,골목상권,1000443,수색로8길,3693,2936,757,0,113,303,357,625,2295,0,49,189,184,415,2099,0,64,114,173,210,196
2019,2,A,골목상권,1000442,세무서길,2079,981,1098,2,228,320,538,739,252,1,72,163,235,360,150,1,156,157,303,379,102
2019,2,A,골목상권,1000441,세무서2길,2073,1021,1052,2,214,337,549,680,291,1,75,177,260,346,162,1,139,160,289,334,129
2019,2,A,골목상권,1000440,세검정로1길,1807,817,990,1,166,293,443,519,385,1,73,155,189,205,194,0,93,138,254,314,191
2019,2,A,골목상권,1000439,북아현로4길,4260,2491,1769,7,708,1227,1074,791,453,2,319,748,655,490,277,5,389,479,419,301,176
2019,2,A,골목상권,1000438,모래내로15길,7538,4040,3498,36,2079,1313,1103,1354,1653,16,859,772,640,740,1013,20,1220,541,463,614,640
2019,2,A,골목상권,1000437,명지대길,2332,1380,952,1,197,435,626,677,396,0,105,255,322,401,297,1,92,180,304,276,99
2019,2,A,골목상권,1000436,독립문로8길,4893,2970,1923,7,539,1043,1190,1222,892,3,235,635,753,737,607,4,304,408,437,485,285
2019,2,A,골목상권,1000435,가재울로6길,838,438,400,0,81,152,257,257,91,0,30,83,134,133,58,0,51,69,123,124,33
2019,2,A,골목상권,1000434,통일로92길,2025,859,1166,5,290,441,510,476,303,4,88,197,199,193,178,1,202,244,311,283,125
2019,2,A,골목상권,1000433,통일로87길,1913,875,1038,6,290,420,477,422,298,3,91,193,204,202,182,3,199,227,273,220,116
2019,2,A,골목상권,1000432,통일로78길,3522,1708,1814,2,315,570,662,716,1257,1,127,300,318,294,668,1,188,270,344,422,589
2019,2,A,골목상권,1000431,통일로69길,1497,762,735,5,161,288,425,367,251,4,79,148,220,167,144,1,82,140,205,200,107
2019,2,A,골목상권,1000430,진흥로1길,3044,1508,1536,3,329,539,788,830,555,1,144,275,402,377,309,2,185,264,386,453,246
2019,2,A,골목상권,1000429,진흥로12길,3073,1429,1644,5,371,813,822,660,402,3,136,344,410,301,235,2,235,469,412,359,167
2019,2,A,골목상권,1000428,증산서길,4701,3376,1325,3,383,562,625,862,2266,2,199,318,341,502,2014,1,184,244,284,360,252
2019,2,A,골목상권,1000427,증산로9길,2208,1527,681,1,277,580,609,486,255,1,135,411,442,337,201,0,142,169,167,149,54
2019,2,A,골목상권,1000426,증산로5길,2151,1437,714,0,251,538,602,501,259,0,120,384,423,326,184,0,131,154,179,175,75
2019,2,A,골목상권,1000425,증산로21길,2744,1530,1214,2,282,618,778,631,433,1,116,331,430,343,309,1,166,287,348,288,124
2019,2,A,골목상권,1000424,증산로17길,1725,1070,655,2,207,327,362,406,421,1,130,195,188,240,316,1,77,132,174,166,105
2019,2,A,골목상권,1000423,증산로15길,2125,1539,586,4,271,441,515,534,360,2,149,313,367,392,316,2,122,128,148,142,44
2019,2,A,골목상권,1000422,증산로13길,2236,1592,644,2,207,496,548,537,446,2,108,341,405,392,344,0,99,155,143,145,102
2019,2,A,골목상권,1000421,응암로34길,2199,1270,929,4,206,361,475,563,590,2,101,192,261,286,428,2,105,169,214,277,162
2019,2,A,골목상권,1000420,응암로22길,1780,983,797,3,207,275,359,499,437,2,112,158,191,246,274,1,95,117,168,253,163
2019,2,A,골목상권,1000419,응암로14길,1190,497,693,1,155,225,268,295,246,0,71,95,96,118,117,1,84,130,172,177,129
2019,2,A,골목상권,1000418,응암로13길,1780,827,953,2,189,299,386,435,469,1,87,124,135,198,282,1,102,175,251,237,187
2019,2,A,골목상권,1000417,응암로12길,1541,605,936,0,155,288,432,414,252,0,58,101,137,156,153,0,97,187,295,258,99
2019,2,A,골목상권,1000416,은평로8길,2570,1608,962,4,253,427,609,611,666,2,122,241,356,361,526,2,131,186,253,250,140
2019,2,A,골목상권,1000415,은평로3길,2831,1418,1413,5,254,547,809,727,489,2,86,261,402,349,318,3,168,286,407,378,171
2019,2,A,골목상권,1000414,은평로20길,3395,1793,1602,5,425,874,855,858,378,3,155,415,430,537,253,2,270,459,425,321,125
2019,2,A,골목상권,1000413,은평로13길,5112,2783,2329,14,461,1020,1225,1377,1015,7,202,467,618,767,722,7,259,553,607,610,293
2019,2,A,골목상권,1000412,은평로10길,2797,1608,1189,8,256,454,648,724,707,5,126,247,355,362,513,3,130,207,293,362,194
2019,2,A,골목상권,1000411,연서로5길,2879,1436,1443,2,465,571,705,683,453,1,190,280,346,323,296,1,275,291,359,360,157
2019,2,A,골목상권,1000410,연서로41길,2137,1059,1078,0,133,248,307,373,1076,0,54,131,120,166,588,0,79,117,187,207,488
2019,2,A,골목상권,1000409,연서로3길,2384,1158,1226,7,258,484,661,607,367,5,114,261,318,248,212,2,144,223,343,359,155
2019,2,A,골목상권,1000408,연서로34길,2572,1211,1361,2,167,324,425,492,1162,2,66,169,165,192,617,0,101,155,260,300,545
2019,2,A,골목상권,1000407,연서로33길,2746,1316,1430,1,187,374,407,538,1239,1,63,198,180,213,661,0,124,176,227,325,578
2019,2,A,골목상권,1000406,연서로29길,2127,845,1282,14,332,486,534,484,277,8,85,198,193,198,163,6,247,288,341,286,114
2019,2,A,골목상권,1000405,연서로28길,2456,1054,1402,14,433,500,645,519,345,10,133,216,242,236,217,4,300,284,403,283,128
2019,2,A,골목상권,1000404,연서로27길,2345,1036,1309,17,398,522,602,507,299,10,124,226,234,236,206,7,274,296,368,271,93
2019,2,A,골목상권,1000403,연서로21길,4422,2282,2140,13,407,666,1059,1427,850,9,163,309,447,808,546,4,244,357,612,619,304
2019,2,A,골목상권,1000402,연서로17길,4721,2438,2283,12,453,794,1108,1488,866,3,202,374,488,833,538,9,251,420,620,655,328
2019,2,A,골목상권,1000401,연서로16길,3829,1564,2265,11,618,838,968,907,487,4,199,347,404,342,268,7,419,491,564,565,219
2019,2,A,골목상권,1000400,연서로13길,4641,2422,2219,13,591,813,1008,1422,794,3,214,388,492,833,492,10,377,425,516,589,302
2019,2,A,골목상권,1000399,연서로11길,2557,1359,1198,8,491,565,571,527,395,2,232,300,289,280,256,6,259,265,282,247,139
2019,2,A,골목상권,1000398,역말로9길,2449,1165,1284,2,299,557,736,544,311,2,110,262,328,242,221,0,189,295,408,302,90
2019,2,A,골목상권,1000397,수색로18길,709,448,261,0,50,117,178,247,117,0,24,71,126,134,93,0,26,46,52,113,24
2019,2,A,골목상권,1000396,서오릉로8길,2131,1174,957,7,244,459,569,502,350,5,107,235,311,269,247,2,137,224,258,233,103
2019,2,A,골목상권,1000395,서오릉로21길,3298,2031,1267,3,265,555,725,1112,638,0,119,288,398,804,422,3,146,267,327,308,216
2019,2,A,골목상권,1000394,불광천길,1888,1026,862,4,210,359,436,494,385,2,108,203,226,260,227,2,102,156,210,234,158
2019,2,A,골목상권,1000393,갈현로7길,2412,1048,1364,7,426,590,586,516,287,4,140,283,278,192,151,3,286,307,308,324,136
2019,2,A,골목상권,1000392,갈현로41길,1406,776,630,2,170,290,334,372,238,0,90,156,178,195,157,2,80,134,156,177,81
2019,2,A,골목상권,1000391,갈현로33길,1575,733,842,4,180,368,377,428,218,0,68,166,165,187,147,4,112,202,212,241,71
2019,2,A,골목상권,1000390,갈현로1길,1978,1035,943,5,295,475,479,378,346,3,95,245,269,187,236,2,200,230,210,191,110
2019,2,A,골목상권,1000389,가좌로7길,2162,1118,1044,0,170,369,555,622,446,0,66,154,223,330,345,0,104,215,332,292,101
2019,2,A,골목상권,1000388,한글비석로44길,1688,908,780,6,133,186,298,416,649,3,55,105,139,189,417,3,78,81,159,227,232
2019,2,A,골목상권,1000387,한글비석로24길,1494,778,716,9,160,232,368,418,307,4,53,114,180,227,200,5,107,118,188,191,107
2019,2,A,골목상권,1000386,한글비석로22길,2019,1110,909,3,241,393,493,513,376,0,92,198,260,288,272,3,149,195,233,225,104
2019,2,A,골목상권,1000385,석계로1길,1861,921,940,3,217,323,478,504,336,2,70,136,219,251,243,1,147,187,259,253,93
2019,2,A,골목상권,1000384,상계로9가길,1901,852,1049,4,231,333,520,508,305,3,84,183,216,215,151,1,147,150,304,293,154
2019,2,A,골목상권,1000383,상계로1길,1542,721,821,2,164,295,392,431,258,0,70,158,183,177,133,2,94,137,209,254,125
2019,2,A,골목상권,1000382,상계로12길,2673,1308,1365,4,346,540,710,684,389,3,133,291,324,313,244,1,213,249,386,371,145
2019,2,A,골목상권,1000381,동일로242길,2117,1222,895,3,225,382,459,511,537,3,103,225,263,279,349,0,122,157,196,232,188
2019,2,A,골목상권,1000380,동일로192길,3680,2246,1434,10,290,492,637,888,1363,8,131,237,341,622,907,2,159,255,296,266,456
2019,2,A,골목상권,1000379,동일로173가길,5204,2897,2307,12,470,629,979,1453,1661,8,210,364,509,772,1034,4,260,265,470,681,627
2019,2,A,골목상권,1000378,공릉로58길,3608,2361,1247,3,367,720,866,1041,611,2,178,404,559,776,442,1,189,316,307,265,169
2019,2,A,골목상권,1000377,해등로16길,5451,3248,2203,3,547,1057,1276,1244,1324,0,226,654,833,654,881,3,321,403,443,590,443
2019,2,A,골목상권,1000376,우이천로4다길,1386,783,603,3,135,243,372,415,218,0,59,131,215,249,129,3,76,112,157,166,89
2019,2,A,골목상권,1000375,우이천로32길,1658,835,823,3,254,324,392,416,269,3,52,139,178,230,233,0,202,185,214,186,36
2019,2,A,골목상권,1000374,시루봉로23길,1868,1322,546,2,133,265,358,547,563,2,58,160,209,405,488,0,75,105,149,142,75
2019,2,A,골목상권,1000373,삼양로144길,978,345,633,0,185,170,242,229,152,0,22,52,95,88,88,0,163,118,147,141,64
2019,2,A,골목상권,1000372,방학로6가길,1110,526,584,0,94,175,281,309,251,0,43,85,127,136,135,0,51,90,154,173,116
2019,2,A,골목상권,1000371,방학로5길,2262,1120,1142,4,299,482,543,529,405,1,84,242,270,254,269,3,215,240,273,275,136
2019,2,A,골목상권,1000370,방학로15길,2172,1471,701,8,418,496,507,460,283,8,291,316,357,265,234,0,127,180,150,195,49
2019,2,A,골목상권,1000369,방학로10길,1371,684,687,3,133,350,374,300,211,1,40,174,190,144,135,2,93,176,184,156,76
2019,2,A,골목상권,1000368,도봉산길,1628,694,934,0,46,101,147,258,1076,0,18,59,76,88,453,0,28,42,71,170,623
2019,2,A,골목상권,1000367,도봉산4길,1364,552,812,0,20,61,88,191,1004,0,7,36,51,59,399,0,13,25,37,132,605
2019,2,A,골목상권,1000366,도봉로181길,1891,842,1049,0,62,114,206,346,1163,0,17,63,92,140,530,0,45,51,114,206,633
2019,2,A,골목상권,1000365,도봉로169나길,1282,907,375,1,57,142,219,415,448,1,26,80,128,304,368,0,31,62,91,111,80
2019,2,A,골목상권,1000364,도봉로156길,1558,1071,487,2,86,188,316,429,537,2,31,106,183,314,435,0,55,82,133,115,102
2019,2,A,골목상권,1000363,도봉로152가길,1505,934,571,1,88,199,309,427,481,1,29,96,166,286,356,0,59,103,143,141,125
2019,2,A,골목상권,1000362,도봉로147길,2182,1345,837,3,232,426,483,644,394,0,119,262,306,420,238,3,113,164,177,224,156
2019,2,A,골목상권,1000361,도봉로143길,1841,1035,806,2,201,370,448,493,327,1,86,223,259,264,202,1,115,147,189,229,125
2019,2,A,골목상권,1000360,도봉로114길,1761,975,786,4,179,273,404,540,361,4,63,126,209,322,251,0,116,147,195,218,110
2019,2,A,골목상권,1000359,도봉로109길,3014,1582,1432,8,498,667,732,710,399,7,123,318,399,437,298,1,375,349,333,273,101
2019,2,A,골목상권,1000358,도당로29길,2453,1779,674,3,235,419,495,661,640,3,130,298,326,484,538,0,105,121,169,177,102
2019,2,A,골목상권,1000357,도당로19길,782,421,361,1,98,162,205,197,119,1,41,95,97,109,78,0,57,67,108,88,41
2019,2,A,골목상권,1000356,도당로13바길,1012,480,532,0,79,209,276,215,233,0,28,100,132,100,120,0,51,109,144,115,113
2019,2,A,골목상권,1000355,도당로13가길,766,411,355,0,69,157,199,183,158,0,30,86,95,98,102,0,39,71,104,85,56
2019,2,A,골목상권,1000354,덕릉로60길,1096,618,478,2,106,223,287,292,186,0,38,125,170,155,130,2,68,98,117,137,56
2019,2,A,골목상권,1000353,노해로63다길,5116,3100,2016,7,487,1067,1260,1120,1175,3,204,672,830,602,789,4,283,395,430,518,386
2019,2,A,골목상권,1000352,노해로60길,1863,1088,775,10,170,321,455,555,352,9,57,164,253,352,253,1,113,157,202,203,99
2019,2,A,골목상권,1000351,한천로140길,3505,1838,1667,1,364,880,883,896,481,1,125,407,468,544,293,0,239,473,415,352,188
2019,2,A,골목상권,1000350,한천로139가길,3248,1550,1698,3,334,710,724,800,677,1,105,283,339,493,329,2,229,427,385,307,348
2019,2,A,골목상권,1000349,한천로132길,4071,2362,1709,4,399,1079,955,1056,578,2,152,578,555,724,351,2,247,501,400,332,227
2019,2,A,골목상권,1000348,한천로130길,1195,629,566,1,123,208,281,314,268,1,39,97,151,167,174,0,84,111,130,147,94
2019,2,A,골목상권,1000347,한천로124나길,1736,1053,683,0,170,412,417,491,246,0,75,274,222,320,162,0,95,138,195,171,84
2019,2,A,골목상권,1000346,한천로109길,1729,864,865,14,213,322,433,435,312,10,67,147,219,235,186,4,146,175,214,200,126
2019,2,A,골목상권,1000345,인수봉로79길,2295,1214,1081,3,275,539,517,527,434,3,125,291,273,278,244,0,150,248,244,249,190
2019,2,A,골목상권,1000344,인수봉로72길,3703,2182,1521,0,241,501,710,910,1341,0,79,236,410,560,897,0,162,265,300,350,444
2019,2,A,골목상권,1000343,인수봉로56길,2117,1267,850,0,176,399,559,641,342,0,50,182,345,419,271,0,126,217,214,222,71
2019,2,A,골목상권,1000342,오패산로67길,3440,1912,1528,5,403,701,711,844,776,1,152,401,382,520,456,4,251,300,329,324,320
2019,2,A,골목상권,1000341,오패산로52길,1556,878,678,1,143,351,435,397,229,1,55,191,261,228,142,0,88,160,174,169,87
2019,2,A,골목상권,1000340,오패산로30길,1172,535,637,1,101,196,331,299,244,1,33,93,140,130,138,0,68,103,191,169,106
2019,2,A,골목상권,1000339,수유로12길,3033,1495,1538,6,335,494,643,768,787,3,104,211,279,386,512,3,231,283,364,382,275
2019,2,A,골목상권,1000338,솔샘로65길,1789,813,976,5,130,311,365,423,555,5,27,120,161,203,297,0,103,191,204,220,258
2019,2,A,골목상권,1000337,솔매로50길,2202,1182,1020,4,217,483,568,559,371,4,70,216,304,318,270,0,147,267,264,241,101
2019,2,A,골목상권,1000336,솔매로45길,1533,906,627,2,154,322,424,389,242,2,63,159,248,257,177,0,91,163,176,132,65
2019,2,A,골목상권,1000335,솔매로41길,1672,942,730,1,182,349,449,422,269,1,68,181,254,250,188,0,114,168,195,172,81
2019,2,A,골목상권,1000334,삼양로93길,2200,1067,1133,0,208,411,515,581,485,0,55,171,250,268,323,0,153,240,265,313,162
2019,2,A,골목상권,1000333,삼양로77길,1393,588,805,1,152,270,376,407,187,1,46,105,163,166,107,0,106,165,213,241,80
2019,2,A,골목상권,1000332,삼양로54길,1275,597,678,1,101,167,226,323,457,1,27,73,108,173,215,0,74,94,118,150,242
2019,2,A,골목상권,1000331,삼양로41길,1150,613,537,2,140,219,276,268,245,1,52,100,132,157,171,1,88,119,144,111,74
2019,2,A,골목상권,1000330,삼양로27길,1290,701,589,1,167,334,412,257,119,0,79,187,230,123,82,1,88,147,182,134,37
2019,2,A,골목상권,1000329,삼양로24길,1200,743,457,2,96,212,301,312,277,1,39,110,169,201,223,1,57,102,132,111,54
2019,2,A,골목상권,1000328,삼양로20길,1218,717,501,1,118,252,309,309,229,1,42,122,158,197,197,0,76,130,151,112,32
2019,2,A,골목상권,1000327,삼각산로28길,4469,2212,2257,3,419,858,942,1152,1095,2,144,350,434,681,601,1,275,508,508,471,494
2019,2,A,골목상권,1000326,도봉로99길,1780,819,961,0,377,411,420,397,175,0,97,183,196,222,121,0,280,228,224,175,54
2019,2,A,골목상권,1000325,도봉로8길,1074,508,566,1,175,249,274,223,152,1,65,121,123,96,102,0,110,128,151,127,50
2019,2,A,골목상권,1000324,도봉로76길,4033,2370,1663,6,423,866,896,1027,815,3,182,509,525,645,506,3,241,357,371,382,309
2019,2,A,골목상권,1000323,도봉로67길,1632,906,726,3,170,330,427,403,299,2,67,165,231,236,205,1,103,165,196,167,94
2019,2,A,골목상권,1000322,도봉로45길,1947,983,964,0,165,407,456,476,443,0,57,194,253,268,211,0,108,213,203,208,232
2019,2,A,골목상권,1000321,도봉로18길,1544,737,807,4,137,269,409,392,333,4,34,110,164,178,247,0,103,159,245,214,86
2019,2,A,골목상권,1000320,도봉로13길,989,622,367,1,89,188,234,290,187,1,41,109,133,194,144,0,48,79,101,96,43
2019,2,A,골목상권,1000319,덕릉로41길,4717,2479,2238,4,466,1096,1103,1290,758,2,166,540,540,798,433,2,300,556,563,492,325
2019,2,A,골목상권,1000318,덕릉로40길,1148,456,692,0,106,132,342,397,171,0,40,60,108,167,81,0,66,72,234,230,90
2019,2,A,골목상권,1000317,노해로33길,1321,631,690,1,213,241,327,320,219,0,43,103,149,177,159,1,170,138,178,143,60
2019,2,A,골목상권,1000316,노해로23길,1610,1110,500,1,137,194,380,592,306,0,54,103,256,462,235,1,83,91,124,130,71
2019,2,A,골목상권,1000315,노해로17길,3300,1576,1724,1,305,696,767,836,695,1,95,275,358,514,333,0,210,421,409,322,362
2019,2,A,골목상권,1000314,화랑로40길,2603,1739,864,0,165,254,437,526,1221,0,49,123,250,333,984,0,116,131,187,193,237
2019,2,A,골목상권,1000313,화랑로32길,1558,926,632,4,182,413,429,337,193,1,69,255,246,213,142,3,113,158,183,124,51
2019,2,A,골목상권,1000312,화랑로1길,4209,2706,1503,15,506,787,872,933,1096,10,238,479,510,627,842,5,268,308,362,306,254
2019,2,A,골목상권,1000311,화랑로19길,2256,1314,942,4,345,540,630,438,299,3,164,313,361,249,224,1,181,227,269,189,75
2019,2,A,골목상권,1000310,화랑로14길,3175,1904,1271,2,512,983,729,603,346,1,248,636,406,360,253,1,264,347,323,243,93
2019,2,A,골목상권,1000309,화랑로13길,3161,2021,1140,2,430,857,705,618,549,1,209,571,415,374,451,1,221,286,290,244,98
2019,2,A,골목상권,1000308,한천로76길,1346,868,478,2,152,254,349,360,229,0,69,135,216,269,179,2,83,119,133,91,50
2019,2,A,골목상권,1000307,한천로101가길,830,373,457,10,114,170,240,176,120,7,40,79,102,70,75,3,74,91,138,106,45
2019,2,A,골목상권,1000306,창경궁로43길,4349,2296,2053,28,774,1106,965,899,577,17,345,603,543,470,318,11,429,503,422,429,259
2019,2,A,골목상권,1000305,지봉로20길,7066,5312,1754,4,641,1946,1439,1527,1509,3,336,1596,1139,1201,1037,1,305,350,300,326,472
2019,2,A,골목상권,1000304,종암로5길,997,530,467,0,110,243,319,224,101,0,52,116,161,140,61,0,58,127,158,84,40
2019,2,A,골목상권,1000303,종암로24가길,1983,1142,841,4,233,443,463,588,252,1,106,280,266,371,118,3,127,163,197,217,134
2019,2,A,골목상권,1000302,종암로21길,5276,3322,1954,10,541,1268,1264,1320,873,2,245,679,770,982,644,8,296,589,494,338,229
2019,2,A,골목상권,1000301,종암로19길,3386,1915,1471,3,398,896,926,904,259,1,152,415,541,641,165,2,246,481,385,263,94
2019,2,A,골목상권,1000300,종암로16길,1720,734,986,4,241,313,417,448,297,2,84,136,177,199,136,2,157,177,240,249,161
2019,2,A,골목상권,1000299,정릉로8길,1863,1360,503,5,339,578,430,317,194,4,194,427,349,259,127,1,145,151,81,58,67
2019,2,A,골목상권,1000298,정릉로27길,4760,2515,2245,4,567,668,810,834,1877,1,194,323,364,446,1187,3,373,345,446,388,690
2019,2,A,골목상권,1000297,정릉로26길,3569,1878,1691,2,382,497,522,560,1606,1,144,248,223,278,984,1,238,249,299,282,622
2019,2,A,골목상권,1000296,장위로50길,2731,1782,949,8,197,285,416,516,1309,4,68,141,206,291,1072,4,129,144,210,225,237
2019,2,A,골목상권,1000295,장월로1길,3804,2328,1476,4,634,1114,938,740,374,3,314,736,569,428,278,1,320,378,369,312,96
2019,2,A,골목상권,1000294,인촌로6길,7173,5303,1870,5,701,1968,1342,1488,1669,3,373,1599,1066,1117,1145,2,328,369,276,371,524
2019,2,A,골목상권,1000293,인촌로5길,3436,1918,1518,6,409,644,981,974,422,1,122,312,581,631,271,5,287,332,400,343,151
2019,2,A,골목상권,1000292,인촌로24길,4488,2659,1829,8,536,1070,1342,1053,479,2,202,577,846,676,356,6,334,493,496,377,123
2019,2,A,골목상권,1000291,개운사길,2717,1424,1293,2,357,685,880,581,212,0,118,298,505,348,155,2,239,387,375,233,57
2019,2,A,골목상권,1000290,인촌로1길,3365,2010,1355,8,346,619,778,887,727,2,131,380,516,552,429,6,215,239,262,335,298
2019,2,A,골목상권,1000289,인촌로17가길,2036,1022,1014,1,269,407,589,522,248,1,76,178,313,298,156,0,193,229,276,224,92
2019,2,A,골목상권,1000288,오패산로4길,4166,2598,1568,6,541,1054,944,917,704,3,268,682,533,564,548,3,273,372,411,353,156
2019,2,A,골목상권,1000287,오패산로3길,2984,1819,1165,6,326,462,606,563,1021,3,138,241,314,334,789,3,188,221,292,229,232
2019,2,A,골목상권,1000286,오패산로19길,1952,995,957,10,390,473,504,359,216,8,167,246,259,181,134,2,223,227,245,178,82
2019,2,A,골목상권,1000285,안암로5길,4333,2673,1660,10,504,837,934,1038,1010,5,210,528,620,642,668,5,294,309,314,396,342
2019,2,A,골목상권,1000284,아리랑로4길,2556,1201,1355,13,518,505,534,553,433,8,149,220,254,282,288,5,369,285,280,271,145
2019,2,A,골목상권,1000283,솔샘로6길,1078,717,361,0,65,162,265,334,252,0,22,88,168,249,190,0,43,74,97,85,62
2019,2,A,골목상권,1000282,성북로8길,3021,1593,1428,22,556,735,849,612,247,11,265,412,430,304,171,11,291,323,419,308,76
2019,2,A,골목상권,1000281,삼양로8길,1921,946,975,12,294,407,487,397,324,10,79,187,233,194,243,2,215,220,254,203,81
2019,2,A,골목상권,1000280,삼선교로16가길,2478,1648,830,0,273,615,724,627,239,0,113,413,514,461,147,0,160,202,210,166,92
2019,2,A,골목상권,1000279,삼선교로10다길,1342,700,642,0,140,245,308,296,353,0,61,116,142,143,238,0,79,129,166,153,115
2019,2,A,골목상권,1000278,삼선교로10길,1627,720,907,3,209,300,385,407,323,2,83,124,164,177,170,1,126,176,221,230,153
2019,2,A,골목상권,1000277,보문로32길,3531,1961,1570,7,436,685,1002,984,417,1,138,324,591,637,270,6,298,361,411,347,147
2019,2,A,골목상권,1000276,보문로31길,5246,2902,2344,6,584,1188,1726,1303,439,0,211,621,913,898,259,6,373,567,813,405,180
2019,2,A,골목상권,1000275,보문로26길,2426,1168,1258,5,361,488,679,600,293,1,98,217,354,318,180,4,263,271,325,282,113
2019,2,A,골목상권,1000274,보문로13길,6567,4836,1731,3,570,1816,1210,1352,1616,2,300,1469,956,1011,1098,1,270,347,254,341,518
2019,2,A,골목상권,1000273,보국문로16길,1401,832,569,0,139,184,310,389,379,0,50,85,162,256,279,0,89,99,148,133,100
2019,2,A,골목상권,1000272,동소문로6길,2119,1042,1077,8,268,511,633,484,215,4,119,301,300,192,126,4,149,210,333,292,89
2019,2,A,골목상권,1000271,동소문로2길,2541,1210,1331,7,310,571,713,583,357,5,141,335,325,216,188,2,169,236,388,367,169
2019,2,A,골목상권,1000270,동소문로26가길,3875,1797,2078,12,702,785,936,897,543,7,182,304,460,486,358,5,520,481,476,411,185
2019,2,A,골목상권,1000269,동소문로15길,11663,5691,5972,304,1966,2540,3138,2126,1589,110,664,1199,1620,1332,766,194,1302,1341,1518,794,823
2019,2,A,골목상권,1000268,동소문로13길,14085,6702,7383,310,2249,3197,4025,2554,1750,115,773,1498,1958,1532,826,195,1476,1699,2067,1022,924
2019,2,A,골목상권,1000267,돌곶이로8길,1528,1012,516,4,157,367,370,381,249,1,77,227,220,278,209,3,80,140,150,103,40
2019,2,A,골목상권,1000266,돌곶이로41길,592,288,304,8,92,149,142,127,74,5,42,91,66,47,37,3,50,58,76,80,37
2019,2,A,골목상권,1000265,돌곶이로28길,2768,1850,918,8,233,309,425,495,1298,4,88,159,234,298,1067,4,145,150,191,197,231
2019,2,A,골목상권,1000264,돌곶이로27길,1369,777,592,0,141,256,338,286,348,0,55,117,170,164,271,0,86,139,168,122,77
2019,2,A,골목상권,1000263,돌곶이로22길,2717,1807,910,3,257,420,451,444,1142,0,112,247,268,261,919,3,145,173,183,183,223
2019,2,A,골목상권,1000262,돌곶이로14길,1431,964,467,3,153,355,384,365,171,0,79,228,252,266,139,3,74,127,132,99,32
2019,2,A,골목상권,1000261,길음로7길,2191,707,1484,9,693,609,431,297,152,1,92,211,160,139,104,8,601,398,271,158,48
2019,2,A,골목상권,1000260,중랑천로10길,3351,2262,1089,3,335,767,1019,937,290,3,165,461,716,726,191,0,170,306,303,211,99
2019,2,A,골목상권,1000259,용마산로94길,1288,830,458,0,116,185,297,371,319,0,36,94,179,281,240,0,80,91,118,90,79
2019,2,A,골목상권,1000258,용마산로118길,2145,1347,798,3,174,311,449,625,583,0,63,141,230,422,491,3,111,170,219,203,92
2019,2,A,골목상권,1000257,용마산로112길,1335,826,509,3,110,206,267,412,337,1,38,99,154,269,265,2,72,107,113,143,72
2019,2,A,골목상권,1000256,용마산로100길,1301,752,549,0,105,181,336,344,335,0,42,85,188,213,224,0,63,96,148,131,111
2019,2,A,골목상권,1000255,신내로7가길,2548,1590,958,3,343,489,552,568,593,1,218,322,289,309,451,2,125,167,263,259,142
2019,2,A,골목상권,1000254,사가정로54길,3062,1914,1148,0,221,327,502,737,1275,0,90,178,289,491,866,0,131,149,213,246,409
2019,2,A,골목상권,1000253,사가정로42길,1099,663,436,0,93,230,343,259,174,0,53,134,214,164,98,0,40,96,129,95,76
2019,2,A,골목상권,1000252,봉화산로56길,5853,3579,2274,2,667,1237,1270,1512,1165,1,340,649,666,983,940,1,327,588,604,529,225
2019,2,A,골목상권,1000251,봉화산로4길,1082,589,493,3,141,176,272,255,235,3,72,83,132,130,169,0,69,93,140,125,66
2019,2,A,골목상권,1000250,봉화산로30길,1896,1116,780,7,215,352,466,490,366,7,99,192,255,277,286,0,116,160,211,213,80
2019,2,A,골목상권,1000249,봉우재로33길,3268,2004,1264,1,421,749,912,674,511,0,195,486,526,380,417,1,226,263,386,294,94
2019,2,A,골목상권,1000248,면목로78길,2879,1669,1210,2,368,677,835,641,356,0,175,445,455,328,266,2,193,232,380,313,90
2019,2,A,골목상권,1000247,면목로56길,2693,1652,1041,0,237,524,627,742,563,0,90,277,384,497,404,0,147,247,243,245,159
2019,2,A,골목상권,1000246,면목로55길,2509,1555,954,1,254,506,624,617,507,1,121,312,360,393,368,0,133,194,264,224,139
2019,2,A,골목상권,1000245,면목로49길,3501,2060,1441,1,276,539,711,742,1232,1,118,299,377,469,796,0,158,240,334,273,436
2019,2,A,골목상권,1000244,면목로48길,3491,2043,1448,0,275,446,548,848,1374,0,88,201,281,546,927,0,187,245,267,302,447
2019,2,A,골목상권,1000243,면목로45길,3040,1771,1269,0,204,376,550,688,1222,0,71,177,284,448,791,0,133,199,266,240,431
2019,2,A,골목상권,1000242,면목로33길,1674,1120,554,0,142,239,445,588,260,0,66,135,296,439,184,0,76,104,149,149,76
2019,2,A,골목상권,1000241,면목로21길,1517,1017,500,1,106,209,378,547,276,0,40,107,239,418,213,1,66,102,139,129,63
2019,2,A,골목상권,1000240,망우로73길,1797,1089,708,2,153,286,398,545,413,0,55,122,188,360,364,2,98,164,210,185,49
2019,2,A,골목상권,1000239,망우로68길,2001,1107,894,8,208,316,409,575,485,1,63,120,202,344,377,7,145,196,207,231,108
2019,2,A,골목상권,1000238,동일로163길,1302,722,580,0,136,269,302,368,227,0,42,154,166,209,151,0,94,115,136,159,76
2019,2,A,골목상권,1000237,동일로157길,3145,1925,1220,0,411,733,762,843,396,0,198,469,462,524,272,0,213,264,300,319,124
2019,2,A,골목상권,1000236,동일로149길,1701,1170,531,0,242,444,421,441,153,0,141,308,282,321,118,0,101,136,139,120,35
2019,2,A,골목상권,1000235,동일로140길,2467,1583,884,1,319,572,629,610,336,0,182,354,383,403,261,1,137,218,246,207,75
2019,2,A,골목상권,1000234,동일로139길,1855,1299,556,0,246,425,453,458,273,0,150,301,302,341,205,0,96,124,151,117,68
2019,2,A,골목상권,1000233,동일로139가길,2308,1527,781,0,298,540,578,576,316,0,167,356,362,398,244,0,131,184,216,178,72
2019,2,A,골목상권,1000232,동일로130길,1465,783,682,0,167,285,379,369,265,0,65,137,187,186,208,0,102,148,192,183,57
2019,2,A,골목상권,1000231,동일로123길,2503,1568,935,2,226,418,588,631,638,0,106,230,328,406,498,2,120,188,260,225,140
2019,2,A,골목상권,1000230,동일로112길,4467,2719,1748,3,516,995,1211,1020,722,0,239,620,689,610,561,3,277,375,522,410,161
2019,2,A,골목상권,1000229,동일로101길,1396,804,592,2,130,213,326,406,319,2,52,94,161,251,244,0,78,119,165,155,75
2019,2,A,골목상권,1000228,동일로100길,3344,2151,1193,2,379,714,919,799,531,1,193,493,556,490,418,1,186,221,363,309,113
2019,2,A,골목상권,1000227,답십리로75길,1513,1050,463,0,123,226,402,541,221,0,49,130,276,419,176,0,74,96,126,122,45
2019,2,A,골목상권,1000226,공릉로2길,2013,1097,916,3,269,440,468,517,316,2,105,262,245,261,222,1,164,178,223,256,94
2019,2,A,골목상권,1000225,공릉로12가길,1642,777,865,4,140,336,430,447,285,0,48,155,189,209,176,4,92,181,241,238,109
2019,2,A,골목상권,1000224,겸재로54길,1921,1068,853,1,150,372,465,566,367,0,52,182,248,343,243,1,98,190,217,223,124
2019,2,A,골목상권,1000223,겸재로36길,2133,1305,828,1,222,444,551,510,405,1,113,276,315,309,291,0,109,168,236,201,114
2019,2,A,골목상권,1000222,겸재로29길,2791,1633,1158,1,339,642,781,633,395,0,152,429,424,334,294,1,187,213,357,299,101
2019,2,A,골목상권,1000221,휘경로3길,1817,1078,739,1,126,294,536,504,356,1,47,164,315,336,215,0,79,130,221,168,141
2019,2,A,골목상권,1000220,휘경로2길,3064,1255,1809,1,573,808,755,557,370,0,97,285,346,320,207,1,476,523,409,237,163
2019,2,A,골목상권,1000219,휘경로23길,754,444,310,1,71,162,211,198,111,1,27,107,127,108,74,0,44,55,84,90,37
2019,2,A,골목상권,1000218,휘경로14길,1552,892,660,3,155,287,412,398,297,1,65,166,251,254,155,2,90,121,161,144,142
2019,2,A,골목상권,1000217,한천로46길,3109,1933,1176,6,232,652,797,869,553,2,102,374,453,546,456,4,130,278,344,323,97
2019,2,A,골목상권,1000216,한천로40길,3982,2435,1547,6,1569,700,537,656,514,3,859,474,316,393,390,3,710,226,221,263,124
2019,2,A,골목상권,1000215,한천로33길,4276,2324,1952,10,1590,764,696,735,481,4,869,487,363,318,283,6,721,277,333,417,198
2019,2,A,골목상권,1000214,한천로14길,5561,3333,2228,9,555,1022,1173,1409,1393,7,277,638,773,806,832,2,278,384,400,603,561
2019,2,A,골목상권,1000213,천호대로97길,2780,1714,1066,2,267,418,602,654,837,0,101,225,319,396,673,2,166,193,283,258,164
2019,2,A,골목상권,1000212,천호대로77길,7559,4798,2761,33,1463,1824,1514,1351,1374,1,664,1196,1028,847,1062,32,799,628,486,504,312
2019,2,A,골목상권,1000211,천호대로45길,2803,1586,1217,5,315,689,751,806,237,4,143,341,382,547,169,1,172,348,369,259,68
2019,2,A,골목상권,1000210,천호대로17길,8220,4956,3264,20,1963,2460,1759,1185,833,8,773,1543,1170,832,630,12,1190,917,589,353,203
2019,2,A,골목상권,1000209,천호대로12길,8882,4148,4734,7,736,2092,2776,2330,941,2,297,1176,1209,907,557,5,439,916,1567,1423,384
2019,2,A,골목상권,1000208,천장산로7길,1468,893,575,2,150,272,459,381,204,2,56,126,274,271,164,0,94,146,185,110,40
2019,2,A,골목상권,1000207,제기로5길,1069,648,421,0,86,212,326,258,187,0,45,116,196,162,129,0,41,96,130,96,58
2019,2,A,골목상권,1000206,제기로21길,2988,1831,1157,2,416,832,746,672,320,1,148,453,492,495,242,1,268,379,254,177,78
2019,2,A,골목상권,1000205,전농로4길,3945,2695,1250,5,457,862,1045,877,699,1,275,551,732,607,529,4,182,311,313,270,170
2019,2,A,골목상권,1000204,전농로3길,5358,2290,3068,15,710,1051,1521,1540,521,4,467,692,488,324,315,11,243,359,1033,1216,206
2019,2,A,골목상권,1000203,전농로29길,3125,1723,1402,3,373,652,823,859,415,2,152,296,501,513,259,1,221,356,322,346,156
2019,2,A,골목상권,1000202,장한로8길,5218,3301,1917,5,577,986,1207,1218,1225,2,250,586,730,758,975,3,327,400,477,460,250
2019,2,A,골목상권,1000201,장한로5길,5840,3658,2182,6,580,1002,1195,1346,1711,4,292,630,785,822,1125,2,288,372,410,524,586
2019,2,A,골목상권,1000200,장한로27길,5193,2598,2595,20,1903,1103,932,776,459,13,948,579,406,369,283,7,955,524,526,407,176
2019,2,A,골목상권,1000199,장한로27가길,5769,2830,2939,18,1947,1235,1113,971,485,13,962,658,469,420,308,5,985,577,644,551,177
2019,2,A,골목상권,1000198,장한로26길,4673,2574,2099,18,862,1206,1221,945,421,11,447,657,609,551,299,7,415,549,612,394,122
2019,2,A,골목상권,1000197,장한로26가길,3858,1803,2055,5,510,874,987,951,531,2,170,391,439,456,345,3,340,483,548,495,186
2019,2,A,골목상권,1000196,장한로25길,3162,1385,1777,18,492,752,827,704,369,13,170,324,332,323,223,5,322,428,495,381,146
2019,2,A,골목상권,1000195,장한로14길,3323,2048,1275,3,371,662,715,950,622,2,187,406,451,549,453,1,184,256,264,401,169
2019,2,A,골목상권,1000194,이문로42길,1408,830,578,1,120,293,347,325,322,1,48,181,204,191,205,0,72,112,143,134,117
2019,2,A,골목상권,1000193,왕산로43길,3510,1924,1586,1,476,779,783,825,646,0,196,474,457,462,335,1,280,305,326,363,311
2019,2,A,골목상권,1000192,왕산로33길,1292,748,544,2,154,195,272,357,312,2,78,107,172,179,210,0,76,88,100,178,102
2019,2,A,골목상권,1000191,왕산로32길,2531,1363,1168,4,269,617,695,731,215,3,102,279,336,493,150,1,167,338,359,238,65
2019,2,A,골목상권,1000190,약령시로17길,2220,1414,806,0,237,509,523,606,345,0,135,357,355,361,206,0,102,152,168,245,139
2019,2,A,골목상권,1000189,서울시립대로4길,1455,946,509,6,210,294,380,339,226,4,129,183,241,224,165,2,81,111,139,115,61
2019,2,A,골목상권,1000188,서울시립대로29길,3126,1608,1518,5,435,608,708,767,603,2,143,234,371,416,442,3,292,374,337,351,161
2019,2,A,골목상권,1000187,서울시립대로16길,1454,861,593,1,158,308,421,375,191,1,75,168,269,238,110,0,83,140,152,137,81
2019,2,A,골목상권,1000186,사가정로2길,6370,2982,3388,13,844,1368,1752,1637,756,3,547,894,664,393,481,10,297,474,1088,1244,275
2019,2,A,골목상권,1000185,사가정로23가길,3149,1870,1279,5,236,577,788,943,600,2,108,313,413,540,494,3,128,264,375,403,106
2019,2,A,골목상권,1000184,사가정로13길,4543,2341,2202,3,448,1023,1204,1203,662,1,197,464,645,639,395,2,251,559,559,564,267
2019,2,A,골목상권,1000183,무학로45길,4256,2741,1515,13,655,1065,987,936,600,6,281,652,656,668,478,7,374,413,331,268,122
2019,2,A,골목상권,1000182,무학로16길,3110,2010,1100,4,343,688,676,708,691,2,186,407,477,474,464,2,157,281,199,234,227
2019,2,A,골목상권,1000181,망우로21길,3171,1603,1568,4,498,668,835,801,365,0,138,340,475,460,190,4,360,328,360,341,175
2019,2,A,골목상권,1000180,망우로18길,3882,1953,1929,3,543,814,1007,1045,470,0,155,345,567,616,270,3,388,469,440,429,200
2019,2,A,골목상권,1000179,망우로18가길,1880,990,890,0,182,404,505,511,278,0,73,132,267,331,187,0,109,272,238,180,91
2019,2,A,골목상권,1000178,답십리로72길,5358,3024,2334,16,921,1316,1382,1143,580,12,477,745,718,648,424,4,444,571,664,495,156
2019,2,A,골목상권,1000177,답십리로69길,3199,1556,1643,3,421,669,801,809,496,1,146,336,330,398,345,2,275,333,471,411,151
2019,2,A,골목상권,1000176,답십리로68길,4974,2389,2585,20,624,1013,1118,1148,1051,16,250,491,542,551,539,4,374,522,576,597,512
2019,2,A,골목상권,1000175,답십리로64길,4055,2069,1986,22,482,724,795,960,1072,18,219,364,447,484,537,4,263,360,348,476,535
2019,2,A,골목상권,1000174,답십리로63길,4150,2144,2006,17,1712,832,724,565,300,13,895,489,314,245,188,4,817,343,410,320,112
2019,2,A,골목상권,1000173,답십리로60길,2888,1591,1297,10,264,409,541,716,948,7,133,228,328,389,506,3,131,181,213,327,442
2019,2,A,골목상권,1000172,답십리로56길,1731,1030,701,7,192,328,415,449,340,1,83,178,225,276,267,6,109,150,190,173,73
2019,2,A,골목상권,1000171,답십리로23길,713,405,308,1,72,125,174,170,171,1,40,81,118,89,76,0,32,44,56,81,95
2019,2,A,골목상권,1000170,난계로30길,10345,4859,5486,10,1010,2410,3106,2590,1219,2,373,1311,1357,1059,757,8,637,1099,1749,1531,462
2019,2,A,골목상권,1000169,경희대로4길,2413,802,1611,2,580,790,543,322,176,0,101,257,199,125,120,2,479,533,344,197,56
2019,2,A,골목상권,1000168,경희대로3길,2199,1212,987,4,408,756,481,362,188,2,140,395,298,243,134,2,268,361,183,119,54
2019,2,A,골목상권,1000167,천호대로129길,3629,2259,1370,7,405,603,1011,1004,599,3,199,368,653,633,403,4,206,235,358,371,196
2019,2,A,골목상권,1000166,천호대로123길,3898,2175,1723,9,466,786,1022,924,691,3,247,478,530,450,467,6,219,308,492,474,224
2019,2,A,골목상권,1000165,천호대로109길,4550,2707,1843,6,659,1009,1186,932,758,2,357,634,678,523,513,4,302,375,508,409,245
2019,2,A,골목상권,1000164,자양번영로3길,2324,1553,771,4,290,484,672,640,234,2,189,340,462,400,160,2,101,144,210,240,74
2019,2,A,골목상권,1000163,자양로53길,3112,1951,1161,2,340,508,931,881,450,1,169,328,558,558,337,1,171,180,373,323,113
2019,2,A,골목상권,1000162,자양로50길,3213,1920,1293,6,351,515,871,963,507,3,168,287,564,589,309,3,183,228,307,374,198
2019,2,A,골목상권,1000161,자양로45길,3348,1858,1490,11,380,623,884,832,618,5,179,369,466,428,411,6,201,254,418,404,207
2019,2,A,골목상권,1000160,자양로26길,10801,8903,1898,10,593,1536,2990,4544,1128,8,333,1152,2471,3971,968,2,260,384,519,573,160
2019,2,A,골목상권,1000159,자양로15길,13989,10432,3557,23,1002,2106,3766,5421,1671,13,444,1269,2904,4483,1319,10,558,837,862,938,352
2019,2,A,골목상권,1000158,자양로11길,4582,2554,2028,14,597,1009,1227,1135,600,10,232,532,715,643,422,4,365,477,512,492,178
2019,2,A,골목상권,1000157,용마산로3길,4311,2442,1869,8,598,872,1115,963,755,2,326,529,590,492,503,6,272,343,525,471,252
2019,2,A,골목상권,1000156,용마산로21길,2846,1548,1298,1,284,612,787,730,432,0,103,296,424,415,310,1,181,316,363,315,122
2019,2,A,골목상권,1000155,아차산로78길,10472,6194,4278,75,2872,2416,1978,2033,1098,28,1294,1422,1332,1349,769,47,1578,994,646,684,329
2019,2,A,골목상권,1000154,아차산로65길,6030,3776,2254,13,891,1427,1369,1173,1157,7,507,1012,965,661,624,6,384,415,404,512,533
2019,2,A,골목상권,1000153,아차산로55길,6735,3479,3256,14,522,1201,1933,2157,908,11,244,668,1066,969,521,3,278,533,867,1188,387
2019,2,A,골목상권,1000152,아차산로51길,13687,10357,3330,20,831,2210,3717,5387,1522,14,391,1383,2848,4500,1221,6,440,827,869,887,301
2019,2,A,골목상권,1000151,아차산로40길,3139,1850,1289,18,488,661,784,680,508,6,253,407,468,351,365,12,235,254,316,329,143
2019,2,A,골목상권,1000150,면목로17길,1939,1408,531,4,159,386,472,603,315,0,82,274,335,481,236,4,77,112,137,122,79
2019,2,A,골목상권,1000149,뚝섬로64길,3274,1776,1498,6,342,778,864,884,400,4,144,437,472,446,273,2,198,341,392,438,127
2019,2,A,골목상권,1000148,뚝섬로58길,3387,1986,1401,11,397,747,896,940,396,7,239,429,508,510,293,4,158,318,388,430,103
2019,2,A,골목상권,1000147,뚝섬로54길,2293,1513,780,9,461,522,555,488,258,5,354,358,317,276,203,4,107,164,238,212,55
2019,2,A,골목상권,1000146,뚝섬로48길,2029,1271,758,7,401,415,505,446,255,3,275,292,299,222,180,4,126,123,206,224,75
2019,2,A,골목상권,1000145,뚝섬로24길,786,546,240,4,94,149,188,186,165,3,58,104,119,126,136,1,36,45,69,60,29
2019,2,A,골목상권,1000144,뚝섬로23길,1746,1076,670,11,263,383,411,384,294,6,129,222,250,240,229,5,134,161,161,144,65
2019,2,A,골목상권,1000143,동일로24길,3596,2307,1289,16,524,798,912,739,607,9,263,500,616,463,456,7,261,298,296,276,151
2019,2,A,골목상권,1000142,동일로18길,5296,3382,1914,29,684,1127,1318,1218,920,18,334,699,860,805,666,11,350,428,458,413,254
2019,2,A,골목상권,1000141,능동로4길,2386,1761,625,4,289,612,673,582,226,2,198,472,520,411,158,2,91,140,153,171,68
2019,2,A,골목상권,1000140,능동로3길,2145,1690,455,6,248,543,606,524,218,4,177,443,485,410,171,2,71,100,121,114,47
2019,2,A,골목상권,1000139,능동로34길,5128,3063,2065,7,669,1089,1310,1092,961,2,362,650,772,609,668,5,307,439,538,483,293
2019,2,A,골목상권,1000138,능동로19길,2152,1356,796,5,239,351,523,673,361,1,106,201,333,440,275,4,133,150,190,233,86
2019,2,A,골목상권,1000137,능동로13길,4765,3073,1692,11,690,1159,1268,1055,582,5,358,744,841,663,462,6,332,415,427,392,120
2019,2,A,골목상권,1000136,긴고랑로9길,1796,1020,776,3,182,352,493,453,313,0,55,195,263,273,234,3,127,157,230,180,79
2019,2,A,골목상권,1000135,긴고랑로8길,3548,2229,1319,20,513,851,849,766,549,15,236,495,545,505,433,5,277,356,304,261,116
2019,2,A,골목상권,1000134,긴고랑로7길,2796,1753,1043,5,302,649,660,660,520,1,121,377,391,441,422,4,181,272,269,219,98
2019,2,A,골목상권,1000133,긴고랑로20길,3084,1688,1396,3,383,639,837,718,504,2,191,391,436,364,304,1,192,248,401,354,200
2019,2,A,골목상권,1000132,광나루로52길,10641,5932,4709,14,1095,2210,2696,2887,1739,8,610,1454,1687,1287,886,6,485,756,1009,1600,853
2019,2,A,골목상권,1000131,광나루로40길,2549,1398,1151,6,299,594,666,671,313,4,127,328,364,356,219,2,172,266,302,315,94
2019,2,A,골목상권,1000130,광나루로37길,2204,1170,1034,4,229,479,523,590,379,4,88,234,245,314,285,0,141,245,278,276,94
2019,2,A,골목상권,1000129,광나루로36길,2612,1733,879,7,326,715,591,633,340,6,181,483,373,423,267,1,145,232,218,210,73
2019,2,A,골목상권,1000128,광나루로24길,1341,966,375,4,123,188,353,454,219,0,69,132,244,340,181,4,54,56,109,114,38
2019,2,A,골목상권,1000127,광나루로12길,3432,2108,1324,5,520,921,903,654,429,4,284,596,581,331,312,1,236,325,322,323,117
2019,2,A,골목상권,1000126,한림말길,14686,10526,4160,13,1950,4894,4329,3006,494,12,741,3287,3501,2594,391,1,1209,1607,828,412,103
2019,2,A,골목상권,1000125,한림말3길,4469,1851,2618,5,965,1324,1006,711,458,1,240,467,484,370,289,4,725,857,522,341,169
2019,2,A,골목상권,1000124,청계천로10나길,4806,2824,1982,5,527,1204,1242,1232,596,4,249,600,736,831,404,1,278,604,506,401,192
2019,2,A,골목상권,1000123,장터길,1048,452,596,0,125,254,274,270,125,0,32,89,128,123,80,0,93,165,146,147,45
2019,2,A,골목상권,1000122,용답중앙길,6266,2892,3374,29,945,1319,1711,1596,666,4,578,890,651,370,399,25,367,429,1060,1226,267
2019,2,A,골목상권,1000121,용답29길,8434,4507,3927,33,1262,1839,2322,2038,940,5,783,1247,1123,715,634,28,479,592,1199,1323,306
2019,2,A,골목상권,1000120,왕십리로6길,8279,5192,3087,19,1317,2043,1987,1645,1268,12,742,1287,1241,1055,855,7,575,756,746,590,413
2019,2,A,골목상권,1000119,왕십리로31길,3269,1577,1692,8,641,732,609,683,596,2,171,357,354,362,331,6,470,375,255,321,265
2019,2,A,골목상권,1000118,왕십리로26길,5356,3035,2321,12,916,1077,1146,1240,965,5,316,582,747,804,581,7,600,495,399,436,384
2019,2,A,골목상권,1000117,왕십리로21길,8415,2654,5761,11,691,1334,2479,3459,441,9,421,906,788,342,188,2,270,428,1691,3117,253
2019,2,A,골목상권,1000116,왕십리로14길,5704,3767,1937,11,809,1260,1274,1245,1105,8,450,833,787,838,851,3,359,427,487,407,254
2019,2,A,골목상권,1000115,아차산로5길,10565,6501,4064,24,1580,2613,2511,2063,1774,13,794,1592,1612,1285,1205,11,786,1021,899,778,569
2019,2,A,골목상권,1000114,아차산로15길,12658,8502,4156,63,1842,3385,3373,2470,1525,44,999,2271,2356,1665,1167,19,843,1114,1017,805,358
2019,2,A,골목상권,1000113,아차산로11길,18052,11601,6451,71,2792,4649,4552,3629,2359,48,1438,3002,3091,2250,1772,23,1354,1647,1461,1379,587
2019,2,A,골목상권,1000112,송정4가길,6406,4057,2349,15,1029,1899,1713,1080,670,5,517,1208,1143,670,514,10,512,691,570,410,156
2019,2,A,골목상권,1000111,송정12라길,1178,607,571,0,144,309,313,271,141,0,57,173,174,123,80,0,87,136,139,148,61
2019,2,A,골목상권,1000110,성수일로6길,20314,12638,7676,72,3289,5284,4858,3827,2984,52,1714,3316,3167,2374,2015,20,1575,1968,1691,1453,969
2019,2,A,골목상권,1000109,성수이로7길,13468,8240,5228,48,2287,3496,3144,2670,1823,31,1140,2167,2044,1607,1251,17,1147,1329,1100,1063,572
2019,2,A,골목상권,1000108,성수이로18길,17664,11267,6397,119,2812,4229,4270,3684,2550,82,1484,2721,2862,2320,1798,37,1328,1508,1408,1364,752
2019,2,A,골목상권,1000107,성덕정길,2778,1904,874,3,270,580,671,818,436,1,143,382,435,591,352,2,127,198,236,227,84
2019,2,A,골목상권,1000106,성덕정17길,5531,3833,1698,68,918,1476,1438,1088,543,40,523,1039,1016,781,434,28,395,437,422,307,109
2019,2,A,골목상권,1000105,서울숲2길,2910,1865,1045,5,400,647,751,689,418,4,214,392,468,465,322,1,186,255,283,224,96
2019,2,A,골목상권,1000104,상원길,8493,5295,3198,26,1343,2157,2016,1635,1316,14,729,1353,1296,1044,859,12,614,804,720,591,457
2019,2,A,골목상권,1000103,상원12길,5148,3434,1714,7,732,1159,1134,1101,1015,4,412,792,737,723,766,3,320,367,397,378,249
2019,2,A,골목상권,1000102,사근동길,2734,1878,856,1,201,547,850,748,387,1,72,324,584,583,314,0,129,223,266,165,73
2019,2,A,골목상권,1000101,무학봉길,1160,589,571,1,141,270,320,277,151,1,59,126,155,141,107,0,82,144,165,136,44
2019,2,A,골목상권,1000100,무학봉28길,3439,1892,1547,9,501,654,731,813,731,4,182,336,419,484,467,5,319,318,312,329,264
2019,2,A,골목상권,1000099,무학로6길,4173,2255,1918,12,802,793,802,884,880,4,283,435,493,523,517,8,519,358,309,361,363
2019,2,A,골목상권,1000098,무수막길,1020,557,463,1,124,185,243,240,227,0,42,81,134,133,167,1,82,104,109,107,60
2019,2,A,골목상권,1000097,매봉길,786,408,378,3,84,189,212,208,90,1,33,85,118,106,65,2,51,104,94,102,25
2019,2,A,골목상권,1000096,마조로1길,3894,2688,1206,1,310,780,1132,1123,548,1,116,476,801,888,406,0,194,304,331,235,142
2019,2,A,골목상권,1000095,마조로16길,1743,1064,679,2,205,340,439,456,301,1,97,194,251,298,223,1,108,146,188,158,78
2019,2,A,골목상권,1000094,마장로39길,1704,1111,593,1,162,299,424,471,347,0,86,185,259,323,258,1,76,114,165,148,89
2019,2,A,골목상권,1000093,마장로27길,3653,2056,1597,5,644,756,780,787,681,2,264,416,488,476,410,3,380,340,292,311,271
2019,2,A,골목상권,1000092,뚝섬로5길,9107,5815,3292,26,1563,2647,2273,1587,1011,15,795,1655,1520,1102,728,11,768,992,753,485,283
2019,2,A,골목상권,1000091,둘레9길,3334,2398,936,10,367,832,913,823,389,5,219,657,644,582,291,5,148,175,269,241,98
2019,2,A,골목상권,1000090,금호산길,1615,868,747,1,241,371,397,328,277,0,76,177,221,185,209,1,165,194,176,143,68
2019,2,A,골목상권,1000089,금호산2길,3237,1364,1873,19,374,945,1158,469,272,0,129,317,499,229,190,19,245,628,659,240,82
2019,2,A,골목상권,1000088,고산자로6길,11694,4963,6731,15,1021,2018,3428,4313,899,12,560,1354,1466,1007,564,3,461,664,1962,3306,335
2019,2,A,골목상권,1000087,후암로28길,3274,2099,1175,5,322,554,1017,978,398,4,113,291,721,701,269,1,209,263,296,277,129
2019,2,A,골목상권,1000086,효창원로39길,5010,3124,1886,12,801,1278,1337,1126,456,10,384,814,860,740,316,2,417,464,477,386,140
2019,2,A,골목상권,1000085,회나무로13길,2914,1396,1518,4,494,1099,780,344,193,0,228,548,333,143,144,4,266,551,447,201,49
2019,2,A,골목상권,1000084,한남대로20길,19793,14956,4837,77,3025,5602,5011,5114,964,38,1499,3747,4159,4721,792,39,1526,1855,852,393,172
2019,2,A,골목상권,1000083,한강대로88길,3532,1948,1584,10,570,1355,955,429,213,4,198,642,621,319,164,6,372,713,334,110,49
2019,2,A,골목상권,1000082,한강대로7길,9292,5426,3866,11,961,2249,2918,2247,906,7,446,1244,1649,1482,598,4,515,1005,1269,765,308
2019,2,A,골목상권,1000081,한강대로62길,14819,7117,7702,29,3181,4756,4144,2113,596,14,1243,2108,2086,1302,364,15,1938,2648,2058,811,232
2019,2,A,골목상권,1000080,한강대로52길,25037,9472,15565,65,6139,8052,7108,2902,771,23,2201,2828,2516,1422,482,42,3938,5224,4592,1480,289
2019,2,A,골목상권,1000079,한강대로43길,30446,12591,17855,93,8030,11166,7918,2413,826,39,3097,4782,3106,1020,547,54,4933,6384,4812,1393,279
2019,2,A,골목상권,1000078,한강대로15길,8262,4685,3577,9,726,1926,2702,2111,788,6,289,979,1469,1399,543,3,437,947,1233,712,245
2019,2,A,골목상권,1000077,한강대로104길,25525,13524,12001,76,9202,7003,4673,2681,1890,13,2019,4109,3754,2129,1500,63,7183,2894,919,552,390
2019,2,A,골목상권,1000076,청파로73길,4225,2730,1495,13,573,1044,778,701,1116,9,216,513,539,491,962,4,357,531,239,210,154
2019,2,A,골목상권,1000075,청파로71길,6760,4051,2709,2,1239,1812,1296,1091,1320,1,399,910,880,750,1111,1,840,902,416,341,209
2019,2,A,골목상권,1000074,청파로47나길,6299,3747,2552,5,909,1756,1270,1058,1301,2,299,808,848,716,1074,3,610,948,422,342,227
2019,2,A,골목상권,1000073,청파로47길,11070,6421,4649,268,3163,3768,2115,1209,547,114,1498,2217,1395,808,389,154,1665,1551,720,401,158
2019,2,A,골목상권,1000072,장문로45길,3839,2662,1177,37,619,955,1007,858,363,26,308,626,757,667,278,11,311,329,250,191,85
2019,2,A,골목상권,1000071,이태원로54길,14402,9024,5378,30,2712,5508,3692,1927,533,13,1243,3123,2636,1630,379,17,1469,2385,1056,297,154
2019,2,A,골목상권,1000070,이태원로27길,18297,9048,9249,28,4719,6801,4054,1864,831,16,1416,3085,2541,1417,573,12,3303,3716,1513,447,258
2019,2,A,골목상권,1000069,이촌로22길,2407,1488,919,3,390,659,593,510,252,2,200,404,388,342,152,1,190,255,205,168,100
2019,2,A,골목상권,1000068,원효로89길,11112,6713,4399,276,3202,3702,2236,1181,515,118,1548,2266,1570,849,362,158,1654,1436,666,332,153
2019,2,A,골목상권,1000067,원효로53길,6718,4773,1945,39,1102,2070,1878,1012,617,27,679,1539,1370,707,451,12,423,531,508,305,166
2019,2,A,골목상권,1000066,원효로41길,6756,4811,1945,23,1091,2264,1969,923,486,12,622,1601,1507,679,390,11,469,663,462,244,96
2019,2,A,골목상권,1000065,원효로19길,8398,5866,2532,19,1170,2526,2271,1273,1139,12,661,1750,1732,907,804,7,509,776,539,366,335
2019,2,A,골목상권,1000064,우사단로4길,2678,1501,1177,7,288,827,775,513,268,2,90,406,473,356,174,5,198,421,302,157,94
2019,2,A,골목상권,1000063,우사단로14길,7298,3998,3300,24,1318,2577,2036,926,417,9,499,1239,1306,662,283,15,819,1338,730,264,134
2019,2,A,골목상권,1000062,우사단로10길,6573,3335,3238,22,992,2318,1889,914,438,7,278,1032,1150,620,248,15,714,1286,739,294,190
2019,2,A,골목상권,1000061,신흥로20길,2776,1769,1007,4,310,494,831,834,303,4,114,268,589,593,201,0,196,226,242,241,102
2019,2,A,골목상권,1000060,소월로20길,2168,1491,677,1,202,402,746,662,155,1,92,221,562,509,106,0,110,181,184,153,49
2019,2,A,골목상권,1000059,서빙고로71길,5610,3274,2336,2,648,1663,2111,854,332,0,220,648,1482,690,234,2,428,1015,629,164,98
2019,2,A,골목상권,1000058,백범로90길,9066,5401,3665,259,2618,2671,1806,1130,582,122,1306,1653,1220,716,384,137,1312,1018,586,414,198
2019,2,A,골목상권,1000057,백범로79길,4674,3023,1651,18,635,1253,1191,938,639,11,338,835,815,613,411,7,297,418,376,325,228
2019,2,A,골목상권,1000056,두텁바위로1길,7955,4940,3015,19,1333,2353,2143,1433,674,5,472,1263,1553,1109,538,14,861,1090,590,324,136
2019,2,A,골목상권,1000055,대사관로34길,6992,4578,2414,54,1072,2098,1833,1130,805,39,562,1274,1282,833,588,15,510,824,551,297,217
2019,2,A,골목상권,1000054,녹사평대로46길,9940,3957,5983,3,3209,4194,1831,522,181,1,739,1702,993,387,135,2,2470,2492,838,135,46
2019,2,A,골목상권,1000053,녹사평대로40나길,1251,721,530,2,241,346,252,238,172,1,114,211,147,134,114,1,127,135,105,104,58
2019,2,A,골목상권,1000052,녹사평대로32길,1986,1110,876,16,346,398,377,408,441,10,200,247,203,207,243,6,146,151,174,201,198
2019,2,A,골목상권,1000051,녹사평대로26길,5623,3499,2124,25,1010,1453,1436,977,722,15,558,948,940,613,425,10,452,505,496,364,297
2019,2,A,골목상권,1000050,녹사평대로11길,2024,1130,894,1,235,529,663,385,211,0,75,262,406,257,130,1,160,267,257,128,81
2019,2,A,골목상권,1000049,퇴계로90길,2588,1366,1222,3,396,676,577,528,408,3,174,348,305,291,245,0,222,328,272,237,163
2019,2,A,골목상권,1000048,퇴계로8길,24169,15527,8642,41,3955,8406,6547,3744,1476,10,1753,5083,4817,2940,924,31,2202,3323,1730,804,552
2019,2,A,골목상권,1000047,퇴계로56길,46645,23056,23589,312,13886,12206,9779,7509,2953,120,6552,7288,5564,2627,905,192,7334,4918,4215,4882,2048
2019,2,A,골목상권,1000046,퇴계로46길,8076,4975,3101,36,1398,2096,2158,1537,851,21,580,1242,1452,1058,622,15,818,854,706,479,229
2019,2,A,골목상권,1000045,퇴계로18길,22616,10493,12123,29,3559,6898,7627,3430,1073,11,1317,2955,3826,1768,616,18,2242,3943,3801,1662,457
2019,2,A,골목상권,1000044,퇴계로12길,15202,9708,5494,12,1929,4616,5080,2451,1114,5,901,2643,3704,1806,649,7,1028,1973,1376,645,465
2019,2,A,골목상권,1000043,청구로1길,3813,1941,1872,2,607,1028,958,778,440,0,188,484,553,454,262,2,419,544,405,324,178
2019,2,A,골목상권,1000042,청구로17길,8917,4286,4631,15,1870,2475,2021,1705,831,5,554,1146,1072,971,538,10,1316,1329,949,734,293
2019,2,A,골목상권,1000041,장충단로8길,10694,5642,5052,17,1857,2801,2855,2333,831,4,661,1608,1609,1273,487,13,1196,1193,1246,1060,344
2019,2,A,골목상권,1000040,삼일대로4길,38834,17323,21511,97,6616,12101,11217,6541,2262,25,2187,5531,5102,3022,1456,72,4429,6570,6115,3519,806
2019,2,A,골목상권,1000039,명동길,96337,44858,51479,259,20615,31949,25220,15655,2639,87,6151,13231,13029,10610,1750,172,14464,18718,12191,5045,889
2019,2,A,골목상권,1000038,동호로8길,4385,2201,2184,11,1012,1153,908,765,536,3,311,600,532,405,350,8,701,553,376,360,186
2019,2,A,골목상권,1000037,동호로20길,13565,6708,6857,25,2822,3778,3345,2661,934,6,862,1988,1835,1426,591,19,1960,1790,1510,1235,343
2019,2,A,골목상권,1000036,동호로15길,7862,3823,4039,15,1667,2163,1755,1509,753,6,525,981,934,865,512,9,1142,1182,821,644,241
2019,2,A,골목상권,1000035,동호로11길,4771,3096,1675,8,711,1629,1188,839,396,2,348,1122,844,513,267,6,363,507,344,326,129
2019,2,A,골목상권,1000034,동호로10길,7227,3495,3732,12,1583,1994,1527,1290,821,2,459,964,854,700,516,10,1124,1030,673,590,305
2019,2,A,골목상권,1000033,다산로39길,2826,1434,1392,2,442,662,690,614,416,0,162,291,341,364,276,2,280,371,349,250,140
2019,2,A,골목상권,1000032,다산로38길,2383,1106,1277,2,392,586,586,492,325,1,110,222,275,282,216,1,282,364,311,210,109
2019,2,A,골목상권,1000031,다산로36길,2292,1099,1193,2,330,602,576,464,318,2,86,247,293,259,212,0,244,355,283,205,106
2019,2,A,골목상권,1000030,다산로33길,5551,2806,2745,4,769,1334,1465,1451,528,2,276,598,731,840,359,2,493,736,734,611,169
2019,2,A,골목상권,1000029,난계로21길,2829,1524,1305,2,366,644,752,709,356,1,161,368,396,348,250,1,205,276,356,361,106
2019,2,A,골목상권,1000028,난계로11길,2999,1490,1509,4,417,760,768,706,344,3,202,427,372,284,202,1,215,333,396,422,142
2019,2,A,골목상권,1000027,필운대로1길,3174,1811,1363,2,407,777,861,678,449,2,198,412,491,384,324,0,209,365,370,294,125
2019,2,A,골목상권,1000026,평창길,9451,5431,4020,11,874,2537,3566,1900,563,7,404,1155,2082,1379,404,4,470,1382,1484,521,159
2019,2,A,골목상권,1000025,통일로12길,1623,903,720,10,321,536,391,258,107,7,115,308,245,153,75,3,206,228,146,105,32
2019,2,A,골목상권,1000024,창신길,665,234,431,0,77,100,139,199,150,0,22,36,63,66,47,0,55,64,76,133,103
2019,2,A,골목상권,1000023,창신5길,1977,1128,849,2,228,511,587,403,246,1,156,353,280,194,144,1,72,158,307,209,102
2019,2,A,골목상권,1000022,창신2길,806,372,434,1,61,130,203,214,197,1,21,57,98,96,99,0,40,73,105,118,98
2019,2,A,골목상권,1000021,창경궁로35길,3854,1944,1910,22,642,913,783,799,695,14,256,467,419,402,386,8,386,446,364,397,309
2019,2,A,골목상권,1000020,지봉로8길,2493,1442,1051,3,326,621,720,526,297,2,185,405,360,296,194,1,141,216,360,230,103
2019,2,A,골목상권,1000019,종로65길,3699,2032,1667,3,398,545,737,762,1254,0,109,264,408,420,831,3,289,281,329,342,423
2019,2,A,골목상권,1000018,종로58가길,2879,1600,1279,8,421,756,810,558,326,6,215,448,405,317,209,2,206,308,405,241,117
2019,2,A,골목상권,1000017,종로24길,5817,3837,1980,14,571,1280,1451,1317,1184,2,275,837,967,862,894,12,296,443,484,455,290
2019,2,A,골목상권,1000016,자하문로7길,8233,5850,2383,22,1058,2378,2522,1573,680,0,644,1677,1907,1147,475,22,414,701,615,426,205
2019,2,A,골목상권,1000015,이화장길,9785,5862,3923,11,1634,2866,2459,1901,914,3,582,1503,1640,1498,636,8,1052,1363,819,403,278
2019,2,A,골목상권,1000014,율곡로16길,8941,5638,3303,16,1463,2522,2366,1845,729,3,543,1402,1674,1513,503,13,920,1120,692,332,226
2019,2,A,골목상권,1000013,율곡로10길,8187,5391,2796,15,1137,2439,2393,1490,713,2,531,1476,1725,1108,549,13,606,963,668,382,164
2019,2,A,골목상권,1000012,옥인길,1589,673,916,21,292,445,379,291,161,0,79,192,153,145,104,21,213,253,226,146,57
2019,2,A,골목상권,1000011,숭인동길,8095,3140,4955,6,1015,1490,1579,1991,2014,1,259,634,698,567,981,5,756,856,881,1424,1033
2019,2,A,골목상권,1000010,성균관로5길,1499,939,560,13,195,279,344,347,321,9,82,145,236,248,219,4,113,134,108,99,102
2019,2,A,골목상권,1000009,삼청로5길,8785,7414,1371,2,928,2437,2994,1984,440,1,708,1962,2587,1767,389,1,220,475,407,217,51
2019,2,A,골목상권,1000008,북촌로5나길,9087,7537,1550,1,961,2541,3053,2078,453,1,713,2001,2610,1815,397,0,248,540,443,263,56
2019,2,A,골목상권,1000007,북촌로5길,11176,8689,2487,5,1328,3056,3467,2361,959,2,842,2403,2908,1887,647,3,486,653,559,474,312
2019,2,A,골목상권,1000006,북촌로11길,8584,6196,2388,2,1072,2611,2653,1727,519,1,588,1754,2028,1396,429,1,484,857,625,331,90
2019,2,A,골목상권,1000005,백석동길,3651,2049,1602,4,651,1107,944,631,314,0,259,635,564,386,205,4,392,472,380,245,109
2019,2,A,골목상권,1000004,명륜길,1715,999,716,8,277,484,374,317,255,8,111,255,237,205,183,0,166,229,137,112,72
2019,2,A,골목상권,1000003,돈화문로11가길,32048,20069,11979,619,8419,8076,7351,4953,2630,317,4206,5083,5242,3548,1673,302,4213,2993,2109,1405,957
2019,2,A,골목상권,1000002,난계로27길,9366,4453,4913,8,834,2132,2845,2422,1125,0,330,1222,1281,974,646,8,504,910,1564,1448,479
2019,2,A,골목상권,1000001,계동길,7818,4892,2926,2,1054,2536,2493,1360,373,2,436,1502,1714,974,264,0,618,1034,779,386,109
2019,1,A,골목상권,1001010,풍성로37가길,3206,1627,1579,9,447,730,800,740,480,5,192,403,393,342,292,4,255,327,407,398,188
2019,1,A,골목상권,1001009,천호옛길,7256,3545,3711,25,1019,1751,1659,1605,1197,12,374,758,732,851,818,13,645,993,927,754,379
2019,1,A,골목상권,1001008,천호옛14길,5733,2584,3149,37,1380,1518,1268,930,600,11,465,775,592,394,347,26,915,743,676,536,253
2019,1,A,골목상권,1001007,천호대로219길,19289,15615,3674,8,2139,8097,5185,2988,872,6,1304,6553,4584,2675,493,2,835,1544,601,313,379
2019,1,A,골목상권,1001006,천호대로197길,2483,1357,1126,4,255,546,608,542,528,3,125,327,306,260,336,1,130,219,302,282,192
2019,1,A,골목상권,1001005,천호대로187길,6880,3270,3610,14,1079,1633,1511,1525,1118,8,446,878,786,555,597,6,633,755,725,970,521
2019,1,A,골목상권,1001004,천호대로170길,6685,3501,3184,12,1146,1782,1631,1269,845,8,387,931,942,675,558,4,759,851,689,594,287
2019,1,A,골목상권,1001003,천호대로162길,6100,3095,3005,25,1257,1650,1467,980,721,6,451,946,838,460,394,19,806,704,629,520,327
2019,1,A,골목상권,1001002,천중로51길,4107,1979,2128,16,498,829,966,888,910,9,163,422,474,401,510,7,335,407,492,487,400
2019,1,A,골목상권,1001001,천중로39길,4166,2116,2050,19,471,835,1015,971,855,11,167,440,509,462,527,8,304,395,506,509,328
2019,1,A,골목상권,1001000,진황도로47길,5739,2640,3099,17,764,1192,1325,1384,1057,8,326,603,655,485,563,9,438,589,670,899,494
2019,1,A,골목상권,1000999,진황도로27길,6676,3348,3328,23,1148,1730,1624,1286,865,10,355,849,901,663,570,13,793,881,723,623,295
2019,1,A,골목상권,1000998,올림픽로98길,2741,1248,1493,5,355,536,709,670,466,2,150,287,335,229,245,3,205,249,374,441,221
2019,1,A,골목상권,1000997,올림픽로80길,2999,1319,1680,8,445,568,751,753,474,4,157,269,320,286,283,4,288,299,431,467,191
2019,1,A,골목상권,1000996,올림픽로78길,3217,1496,1721,10,491,583,718,730,685,5,158,277,323,304,429,5,333,306,395,426,256
2019,1,A,골목상권,1000995,올림픽로77길,3521,1763,1758,8,492,696,821,788,716,3,172,347,415,368,458,5,320,349,406,420,258
2019,1,A,골목상권,1000994,올림픽로71길,3602,1756,1846,13,549,758,835,770,677,4,177,369,416,358,432,9,372,389,419,412,245
2019,1,A,골목상권,1000993,올림픽로48길,20077,11204,8873,53,2336,4251,4622,5057,3758,42,1188,2441,2452,2716,2365,11,1148,1810,2170,2341,1393
2019,1,A,골목상권,1000992,양재대로96길,5252,2985,2267,5,621,965,988,1116,1557,2,257,495,534,599,1098,3,364,470,454,517,459
2019,1,A,골목상권,1000991,양재대로95길,4888,2876,2012,6,413,765,1021,1076,1607,3,180,421,581,576,1115,3,233,344,440,500,492
2019,1,A,골목상권,1000990,양재대로91길,5532,3177,2355,7,526,971,1190,1237,1601,3,224,513,659,665,1113,4,302,458,531,572,488
2019,1,A,골목상권,1000989,양재대로133길,4228,1829,2399,15,484,822,985,1017,905,10,165,368,426,389,471,5,319,454,559,628,434
2019,1,A,골목상권,1000988,양재대로124길,4045,2126,1919,10,371,739,903,944,1078,2,132,399,460,451,682,8,239,340,443,493,396
2019,1,A,골목상권,1000987,양재대로116길,5076,2403,2673,13,577,897,1088,1298,1203,6,248,500,513,451,685,7,329,397,575,847,518
2019,1,A,골목상권,1000986,양재대로101길,9164,4224,4940,21,1785,2289,2014,1908,1147,12,643,1117,1024,763,665,9,1142,1172,990,1145,482
2019,1,A,골목상권,1000985,암사길,2085,1013,1072,9,190,429,525,563,369,6,78,205,234,280,210,3,112,224,291,283,159
2019,1,A,골목상권,1000984,성안로3길,14683,8585,6098,39,1926,3516,3480,3301,2421,20,878,1846,2023,2164,1654,19,1048,1670,1457,1137,767
2019,1,A,골목상권,1000983,성내로5길,17580,9425,8155,49,2035,3773,4179,4442,3102,39,1001,2121,2130,2204,1930,10,1034,1652,2049,2238,1172
2019,1,A,골목상권,1000982,상일로5길,19326,15562,3764,8,2138,8104,5192,3005,879,6,1295,6537,4566,2663,495,2,843,1567,626,342,384
2019,1,A,골목상권,1000981,상암로5길,4210,1713,2497,9,433,737,1038,1196,797,4,163,333,411,344,458,5,270,404,627,852,339
2019,1,A,골목상권,1000980,상암로51길,4031,1551,2480,15,429,681,891,1047,968,10,135,299,373,315,419,5,294,382,518,732,549
2019,1,A,골목상권,1000979,상암로4길,3184,1467,1717,8,426,628,804,777,541,3,180,304,373,302,305,5,246,324,431,475,236
2019,1,A,골목상권,1000978,상암로14길,3364,1539,1825,8,460,664,869,814,549,3,195,323,409,300,309,5,265,341,460,514,240
2019,1,A,골목상권,1000977,명일로13길,4447,2383,2064,7,697,1101,925,974,743,3,277,587,513,514,489,4,420,514,412,460,254
2019,1,A,골목상권,1000976,동남로85길,1138,564,574,0,102,192,262,336,246,0,36,90,129,182,127,0,66,102,133,154,119
2019,1,A,골목상권,1000975,동남로82길,804,433,371,0,62,130,186,299,127,0,26,59,96,172,80,0,36,71,90,127,47
2019,1,A,골목상권,1000974,동남로65길,1564,844,720,3,130,312,385,513,221,1,57,143,195,310,138,2,73,169,190,203,83
2019,1,A,골목상권,1000973,구천면로42길,2229,966,1263,7,232,529,597,558,306,6,80,230,245,248,157,1,152,299,352,310,149
2019,1,A,골목상권,1000972,구천면로41길,2948,1277,1671,6,318,650,778,776,420,6,136,297,333,303,202,0,182,353,445,473,218
2019,1,A,골목상권,1000971,구천면로36길,1523,708,815,8,146,298,383,405,283,3,39,118,162,182,204,5,107,180,221,223,79
2019,1,A,골목상권,1000970,고덕로61길,1181,452,729,0,118,237,314,299,213,0,34,100,122,107,89,0,84,137,192,192,124
2019,1,A,골목상권,1000969,고덕로25길,969,411,558,7,119,232,253,242,116,4,51,89,98,100,69,3,68,143,155,142,47
2019,1,A,골목상권,1000968,고덕로10길,4067,1688,2379,8,406,694,992,1182,785,3,166,335,399,334,451,5,240,359,593,848,334
2019,1,A,골목상권,1000967,강동대로53길,9080,5236,3844,29,1288,2333,2090,1936,1404,12,647,1319,1275,1132,851,17,641,1014,815,804,553
2019,1,A,골목상권,1000966,풍성로25길,3694,1765,1929,15,641,896,831,784,527,7,247,436,398,351,326,8,394,460,433,433,201
2019,1,A,골목상권,1000965,오금로46길,3370,1639,1731,11,478,676,839,780,586,5,178,319,379,367,391,6,300,357,460,413,195
2019,1,A,골목상권,1000964,오금로36길,7935,4884,3051,16,1274,2074,1959,1612,1000,10,616,1354,1247,969,688,6,658,720,712,643,312
2019,1,A,골목상권,1000963,오금로11길,14317,8747,5570,50,2465,3873,3330,2754,1845,26,1247,2498,2173,1541,1262,24,1218,1375,1157,1213,583
2019,1,A,골목상권,1000962,양재대로72길,14423,9115,5308,29,1226,2111,2061,2298,6698,18,613,1274,1277,1308,4625,11,613,837,784,990,2073
2019,1,A,골목상권,1000961,양재대로71길,8462,5071,3391,43,1213,1888,1725,1676,1917,18,547,1073,1015,1030,1388,25,666,815,710,646,529
2019,1,A,골목상권,1000960,양재대로64길,14051,7509,6542,22,2240,3394,3312,3100,1983,5,960,1978,1982,1504,1080,17,1280,1416,1330,1596,903
2019,1,A,골목상권,1000959,양재대로62길,10029,4403,5626,26,2103,2692,2293,1833,1082,9,665,1241,1147,710,631,17,1438,1451,1146,1123,451
2019,1,A,골목상권,1000958,송파대로30길,19449,10990,8459,46,3075,4803,4695,4278,2552,18,1276,2766,2906,2429,1595,28,1799,2037,1789,1849,957
2019,1,A,골목상권,1000957,송이로36길,24089,14780,9309,80,4579,6824,6226,4158,2222,23,2092,4303,4080,2566,1716,57,2487,2521,2146,1592,506
2019,1,A,골목상권,1000956,송이로32길,8768,5116,3652,28,1003,1659,2099,2004,1975,16,502,1006,1235,1135,1222,12,501,653,864,869,753
2019,1,A,골목상권,1000955,송이로23길,14427,7607,6820,37,2376,3441,3448,3249,1876,18,1022,1972,2001,1534,1060,19,1354,1469,1447,1715,816
2019,1,A,골목상권,1000954,삼전로13길,7039,3497,3542,57,1106,1576,1545,1473,1282,42,405,795,776,706,773,15,701,781,769,767,509
2019,1,A,골목상권,1000953,백제고분로50길,10074,5904,4170,29,1365,2356,2325,2302,1697,18,656,1380,1390,1372,1088,11,709,976,935,930,609
2019,1,A,골목상권,1000952,백제고분로46길,5607,3234,2373,10,776,1204,1347,1236,1034,7,354,711,789,627,746,3,422,493,558,609,288
2019,1,A,골목상권,1000951,백제고분로45길,9568,5497,4071,29,1539,2403,2260,1981,1356,16,727,1482,1351,1004,917,13,812,921,909,977,439
2019,1,A,골목상권,1000950,백제고분로42길,6369,3279,3090,20,818,1309,1297,1414,1511,6,297,685,680,703,908,14,521,624,617,711,603
2019,1,A,골목상권,1000949,백제고분로39길,5956,3041,2915,35,1200,1387,1262,1148,924,9,447,785,678,528,594,26,753,602,584,620,330
2019,1,A,골목상권,1000948,백제고분로34길,5176,3024,2152,11,640,1126,1392,1263,744,8,300,683,879,682,472,3,340,443,513,581,272
2019,1,A,골목상권,1000947,백제고분로33길,6827,4043,2784,33,1138,1371,1522,1233,1530,10,430,800,913,630,1260,23,708,571,609,603,270
2019,1,A,골목상권,1000946,백제고분로32길,5602,3243,2359,17,786,1274,1346,1325,854,8,399,793,851,663,529,9,387,481,495,662,325
2019,1,A,골목상권,1000945,백제고분로31길,8502,4758,3744,37,1352,1693,1787,1721,1912,12,527,950,1007,790,1472,25,825,743,780,931,440
2019,1,A,골목상권,1000944,백제고분로22길,4947,2835,2112,16,634,1007,1018,1182,1090,4,280,614,591,616,730,12,354,393,427,566,360
2019,1,A,골목상권,1000943,백제고분로21길,5498,2713,2785,14,802,1197,1222,1281,982,4,305,620,629,551,604,10,497,577,593,730,378
2019,1,A,골목상권,1000942,마천로51길,1975,969,1006,5,156,347,585,584,298,2,59,169,261,278,200,3,97,178,324,306,98
2019,1,A,골목상권,1000941,동남로20길,3685,1813,1872,10,549,784,898,818,626,4,206,396,429,379,399,6,343,388,469,439,227
2019,1,A,골목상권,1000940,거마로20길,2973,1655,1318,10,290,473,734,898,568,5,122,250,364,509,405,5,168,223,370,389,163
2019,1,A,골목상권,1000939,학동로77길,11718,4826,6892,66,2729,3640,2309,1718,1256,10,613,1415,995,971,822,56,2116,2225,1314,747,434
2019,1,A,골목상권,1000938,학동로6길,11649,6488,5161,36,2507,3822,3002,1411,871,11,998,2245,1854,801,579,25,1509,1577,1148,610,292
2019,1,A,골목상권,1000937,학동로56길,18503,9480,9023,66,4188,5777,4373,2725,1374,33,1477,3030,2621,1460,859,33,2711,2747,1752,1265,515
2019,1,A,골목상권,1000936,학동로38길,25805,13356,12449,131,6650,7626,5141,2933,3324,45,2127,4050,3194,1649,2291,86,4523,3576,1947,1284,1033
2019,1,A,골목상권,1000935,테헤란로81길,60392,34808,25584,261,15250,22622,14207,5937,2115,102,5741,12923,10233,4349,1460,159,9509,9699,3974,1588,655
2019,1,A,골목상권,1000934,일원로9길,8787,2499,6288,6,2602,2900,1768,1028,483,3,423,821,567,409,276,3,2179,2079,1201,619,207
2019,1,A,골목상권,1000933,일원로3길,4254,2288,1966,7,461,739,994,1111,942,5,251,430,542,537,523,2,210,309,452,574,419
2019,1,A,골목상권,1000932,영동대로65길,15936,10123,5813,37,2915,5306,4305,2201,1172,14,1221,3510,3138,1471,769,23,1694,1796,1167,730,403
2019,1,A,골목상권,1000931,영동대로112길,43658,27507,16151,85,9324,12436,9367,7097,5349,36,4511,8103,6930,4600,3327,49,4813,4333,2437,2497,2022
2019,1,A,골목상권,1000930,언주로81길,81416,48334,33082,357,18510,26189,19681,12003,4676,129,8159,16741,13450,7067,2788,228,10351,9448,6231,4936,1888
2019,1,A,골목상권,1000929,압구정로2길,11938,5835,6103,71,3403,3791,2540,1283,850,31,1122,1985,1451,677,569,40,2281,1806,1089,606,281
2019,1,A,골목상권,1000928,선릉로18길,1202,634,568,14,157,261,295,306,169,10,71,131,166,155,101,4,86,130,129,151,68
2019,1,A,골목상권,1000927,선릉로146길,23244,9445,13799,138,8030,8381,3965,1679,1051,51,2300,3507,1920,962,705,87,5730,4874,2045,717,346
2019,1,A,골목상권,1000926,선릉로133길,27951,16034,11917,83,5114,8285,6834,4725,2910,17,1889,4668,4597,3045,1818,66,3225,3617,2237,1680,1092
2019,1,A,골목상권,1000925,선릉로132길,16985,8368,8617,54,3132,4848,4136,3090,1725,18,983,2353,2249,1677,1088,36,2149,2495,1887,1413,637
2019,1,A,골목상권,1000924,선릉로121길,22776,11582,11194,78,5221,7097,5409,3254,1717,35,1785,3655,3224,1778,1105,43,3436,3442,2185,1476,612
2019,1,A,골목상권,1000923,삼성로75길,38572,23780,14792,179,7316,13225,10633,5089,2130,31,3130,8173,7323,3627,1496,148,4186,5052,3310,1462,634
2019,1,A,골목상권,1000922,삼성로69길,9063,4532,4531,28,1830,2842,2241,1360,762,12,694,1580,1153,595,498,16,1136,1262,1088,765,264
2019,1,A,골목상권,1000921,삼성로64길,8587,4806,3781,25,1526,2583,2284,1432,737,9,579,1484,1429,801,504,16,947,1099,855,631,233
2019,1,A,골목상권,1000920,삼성로63길,5542,2373,3169,21,1070,1433,1437,1054,527,6,318,632,649,454,314,15,752,801,788,600,213
2019,1,A,골목상권,1000919,삼성로57길,3854,1573,2281,18,716,940,1030,765,385,5,208,409,423,308,220,13,508,531,607,457,165
2019,1,A,골목상권,1000918,삼성로147길,14746,5273,9473,77,4876,5414,2581,1133,665,12,1202,2009,1118,543,389,65,3674,3405,1463,590,276
2019,1,A,골목상권,1000917,삼성로115길,13806,7127,6679,48,2812,4796,3027,1927,1196,22,1019,2422,1747,1147,770,26,1793,2374,1280,780,426
2019,1,A,골목상권,1000916,봉은사로68길,22387,12802,9585,61,5309,8359,4980,2425,1253,19,2109,4943,3461,1445,825,42,3200,3416,1519,980,428
2019,1,A,골목상권,1000915,봉은사로57길,10918,5457,5461,45,2987,3692,2336,1160,698,22,1012,1848,1423,695,457,23,1975,1844,913,465,241
2019,1,A,골목상권,1000914,봉은사로43길,24556,12959,11597,132,6279,8079,5645,2791,1630,56,2248,4398,3500,1680,1077,76,4031,3681,2145,1111,553
2019,1,A,골목상권,1000913,봉은사로29길,27835,14018,13817,102,7187,8549,6260,3416,2321,46,2413,4501,3739,1788,1531,56,4774,4048,2521,1628,790
2019,1,A,골목상권,1000912,봉은사로109길,20438,13550,6888,52,5053,5804,3878,3152,2499,20,2708,4031,2790,2064,1937,32,2345,1773,1088,1088,562
2019,1,A,골목상권,1000911,도산대로89길,11741,5193,6548,90,3609,3925,2267,1304,546,22,1070,1759,1224,747,371,68,2539,2166,1043,557,175
2019,1,A,골목상권,1000910,도산대로81길,17678,6291,11387,143,6588,6306,2809,1203,629,30,1733,2334,1232,561,401,113,4855,3972,1577,642,228
2019,1,A,골목상권,1000909,도산대로50길,33401,18077,15324,129,8480,11234,7229,3853,2476,57,2867,5982,4817,2764,1590,72,5613,5252,2412,1089,886
2019,1,A,골목상권,1000908,도산대로38길,31171,16466,14705,97,7630,10505,7424,3733,1782,23,2458,5730,4579,2417,1259,74,5172,4775,2845,1316,523
2019,1,A,골목상권,1000907,도산대로30길,26638,13148,13490,114,7476,8555,6086,2862,1545,37,2318,4343,3602,1750,1098,77,5158,4212,2484,1112,447
2019,1,A,골목상권,1000906,도산대로23길,18642,8942,9700,136,6056,5815,3627,1800,1208,48,1934,2896,2189,1036,839,88,4122,2919,1438,764,369
2019,1,A,골목상권,1000905,도산대로15길,15871,7769,8102,115,5398,4977,2958,1410,1013,48,1802,2540,1831,833,715,67,3596,2437,1127,577,298
2019,1,A,골목상권,1000904,도곡로37길,24575,12021,12554,143,6142,7075,5455,3595,2165,47,2188,3623,3015,1808,1340,96,3954,3452,2440,1787,825
2019,1,A,골목상권,1000903,논현로8길,6711,3919,2792,14,893,1603,1711,1382,1108,8,447,990,995,764,715,6,446,613,716,618,393
2019,1,A,골목상권,1000902,논현로63길,20787,11792,8995,64,4199,6330,5061,2932,2201,18,1504,3407,3398,1923,1542,46,2695,2923,1663,1009,659
2019,1,A,골목상권,1000901,논현로28길,31357,13438,17919,165,5637,7106,8814,5687,3948,79,2665,4020,2810,1757,2107,86,2972,3086,6004,3930,1841
2019,1,A,골목상권,1000900,논현로26길,40485,18837,21648,207,6903,9964,11621,7934,3856,88,3168,5859,4608,2963,2151,119,3735,4105,7013,4971,1705
2019,1,A,골목상권,1000899,논현로159길,17546,7679,9867,1194,7386,3961,2494,1590,921,455,3022,1873,1191,619,519,739,4364,2088,1303,971,402
2019,1,A,골목상권,1000898,논현로139길,32163,16232,15931,151,9697,10667,6789,2991,1868,55,3166,5661,4226,1806,1318,96,6531,5006,2563,1185,550
2019,1,A,골목상권,1000897,논현로123길,9297,5343,3954,27,2041,2873,2268,1184,904,9,804,1688,1508,706,628,18,1237,1185,760,478,276
2019,1,A,골목상권,1000896,논현로115길,25530,13893,11637,112,6680,7357,5598,3537,2246,42,2533,4130,3673,2004,1511,70,4147,3227,1925,1533,735
2019,1,A,골목상권,1000895,논현로10길,10346,5713,4633,27,1333,2368,2786,2316,1516,18,535,1399,1553,1195,1013,9,798,969,1233,1121,503
2019,1,A,골목상권,1000894,논현로106길,27586,15747,11839,98,6096,7493,6097,4340,3462,44,2492,4464,4254,2452,2041,54,3604,3029,1843,1888,1421
2019,1,A,골목상권,1000893,남부순환로365길,15492,8151,7341,82,3675,4066,3198,2196,2275,22,1392,2415,1842,1124,1356,60,2283,1651,1356,1072,919
2019,1,A,골목상권,1000892,개포로82길,1055,434,621,1,102,205,252,294,201,0,31,67,96,121,119,1,71,138,156,173,82
2019,1,A,골목상권,1000891,개포로28길,6377,3646,2731,12,752,1388,1741,1454,1030,4,310,813,969,790,760,8,442,575,772,664,270
2019,1,A,골목상권,1000890,개포로20길,23049,12909,10140,68,3226,5873,6207,5077,2598,27,1431,3645,3554,2534,1718,41,1795,2228,2653,2543,880
2019,1,A,골목상권,1000889,개포로17길,24838,13714,11124,68,3626,6394,5982,5104,3664,26,1652,4104,3467,2495,1970,42,1974,2290,2515,2609,1694
2019,1,A,골목상권,1000888,강남대로140길,26152,12762,13390,78,6676,8521,5854,3208,1815,16,1986,4434,3486,1686,1154,62,4690,4087,2368,1522,661
2019,1,A,골목상권,1000887,강남대로136길,29345,15965,13380,91,6984,10060,7143,3283,1784,24,2489,5799,4550,1961,1142,67,4495,4261,2593,1322,642
2019,1,A,골목상권,1000886,강남대로118길,9000,5113,3887,41,2209,2531,2036,1253,930,13,912,1489,1385,737,577,28,1297,1042,651,516,353
2019,1,A,골목상권,1000885,서초중앙로8길,22771,13603,9168,80,4621,6771,5697,3433,2169,29,1847,4051,3926,2180,1570,51,2774,2720,1771,1253,599
2019,1,A,골목상권,1000884,방배중앙로21길,5186,2757,2429,14,658,1110,1243,1225,936,9,265,670,714,576,523,5,393,440,529,649,413
2019,1,A,골목상권,1000883,효령로72길,14096,9233,4863,23,2578,4004,3430,2176,1885,8,1300,2639,2470,1488,1328,15,1278,1365,960,688,557
2019,1,A,골목상권,1000882,효령로34길,7160,4263,2897,60,1392,1977,1630,1140,961,9,527,1221,1144,659,703,51,865,756,486,481,258
2019,1,A,골목상권,1000881,효령로31길,11706,5924,5782,36,2312,3148,2970,1989,1251,15,827,1632,1595,1016,839,21,1485,1516,1375,973,412
2019,1,A,골목상권,1000880,효령로23길,10325,5508,4817,23,1882,2616,2571,1826,1407,9,704,1408,1413,969,1005,14,1178,1208,1158,857,402
2019,1,A,골목상권,1000879,청두곶길,11331,5072,6259,38,1628,2287,2405,2962,2011,18,593,1232,1280,1056,893,20,1035,1055,1125,1906,1118
2019,1,A,골목상권,1000878,주흥길,11516,7619,3897,37,2427,4363,2607,1277,805,10,1208,3065,2027,828,481,27,1219,1298,580,449,324
2019,1,A,골목상권,1000877,주흥15길,10761,5844,4917,41,2254,3521,2512,1287,1146,11,776,1963,1565,777,752,30,1478,1558,947,510,394
2019,1,A,골목상권,1000876,언남길,24278,14400,9878,84,3569,6364,6455,5055,2751,27,1741,4176,4029,2714,1713,57,1828,2188,2426,2341,1038
2019,1,A,골목상권,1000875,신반포로45길,19109,11939,7170,51,3635,6073,4937,2638,1775,12,1452,3873,3602,1807,1193,39,2183,2200,1335,831,582
2019,1,A,골목상권,1000874,서초대로8길,4549,2740,1809,10,687,1071,1225,853,703,9,299,634,755,544,499,1,388,437,470,309,204
2019,1,A,골목상권,1000873,서초대로64길,13808,7681,6127,20,2715,4248,3778,2094,953,8,1344,2438,1972,1265,654,12,1371,1810,1806,829,299
2019,1,A,골목상권,1000872,서초대로4길,8265,4724,3541,18,1427,2086,2035,1551,1148,9,614,1192,1249,947,713,9,813,894,786,604,435
2019,1,A,골목상권,1000871,서초대로25길,15329,8158,7171,45,2668,4217,3975,2777,1647,19,1064,2415,2108,1412,1140,26,1604,1802,1867,1365,507
2019,1,A,골목상권,1000870,서초대로23길,12434,7004,5430,41,2007,3287,3290,2355,1454,19,830,2036,1908,1197,1014,22,1177,1251,1382,1158,440
2019,1,A,골목상권,1000869,서초대로15길,11529,6214,5315,39,1839,2731,3023,2290,1607,21,760,1522,1618,1156,1137,18,1079,1209,1405,1134,470
2019,1,A,골목상권,1000868,사평대로57길,14242,7844,6398,55,3188,5091,3250,1647,1011,13,1246,3008,2070,931,576,42,1942,2083,1180,716,435
2019,1,A,골목상권,1000867,사평대로26길,5882,3233,2649,50,1260,1921,1496,766,389,17,512,1053,927,497,227,33,748,868,569,269,162
2019,1,A,골목상권,1000866,사평대로22길,5448,3213,2235,53,1175,1528,1355,859,478,17,531,955,863,571,276,36,644,573,492,288,202
2019,1,A,골목상권,1000865,사임당로17길,18595,9499,9096,65,3723,5762,4702,2679,1664,17,1206,2867,2634,1611,1164,48,2517,2895,2068,1068,500
2019,1,A,골목상권,1000864,방배로42길,4598,2920,1678,11,682,1337,1072,749,747,5,263,877,707,502,566,6,419,460,365,247,181
2019,1,A,골목상권,1000863,방배로35길,7297,4428,2869,24,1128,2023,1819,1261,1042,11,433,1250,1187,812,735,13,695,773,632,449,307
2019,1,A,골목상권,1000862,방배로18길,11128,5440,5688,30,2121,3016,2861,1929,1171,11,752,1534,1464,929,750,19,1369,1482,1397,1000,421
2019,1,A,골목상권,1000861,반포대로9길,8083,4968,3115,18,1469,2481,2052,1157,906,7,590,1553,1465,789,564,11,879,928,587,368,342
2019,1,A,골목상권,1000860,바우뫼로39길,27002,15953,11049,80,4492,6972,5872,4968,4618,45,2253,4448,3680,2800,2727,35,2239,2524,2192,2168,1891
2019,1,A,골목상권,1000859,마방로2길,15944,9511,6433,344,3753,3790,3353,2741,1963,139,1853,2332,2196,1616,1375,205,1900,1458,1157,1125,588
2019,1,A,골목상권,1000858,방배천로4안길,6538,3834,2704,17,1014,1648,1662,1305,892,10,508,1001,1060,727,528,7,506,647,602,578,364
2019,1,A,골목상권,1000857,동산로19길,25883,14557,11326,84,3586,6486,6928,5677,3122,38,1667,4123,4066,2815,1848,46,1919,2363,2862,2862,1274
2019,1,A,골목상권,1000856,동산로10길,9999,6302,3697,21,1376,2566,2567,2157,1312,6,657,1672,1737,1377,853,15,719,894,830,780,459
2019,1,A,골목상권,1000855,동광로39길,6928,3631,3297,51,1510,2244,1711,970,442,17,578,1162,1015,603,256,34,932,1082,696,367,186
2019,1,A,골목상권,1000854,동광로1길,6787,3720,3067,26,1081,1587,1539,1310,1244,17,512,1020,932,603,636,9,569,567,607,707,608
2019,1,A,골목상권,1000853,동광로12길,9370,5513,3857,36,1575,2276,2314,1677,1492,18,668,1300,1425,1051,1051,18,907,976,889,626,441
2019,1,A,골목상권,1000852,논현로27길,32189,19800,12389,96,5287,9308,7584,6071,3843,35,2591,6195,5020,3553,2406,61,2696,3113,2564,2518,1437
2019,1,A,골목상권,1000851,논현로1길,12871,7855,5016,37,1614,3142,3340,2856,1882,21,771,2016,2164,1723,1160,16,843,1126,1176,1133,722
2019,1,A,골목상권,1000850,남부순환로339길,23689,12943,10746,140,5888,7013,5426,3735,1487,82,2783,4472,3236,1535,835,58,3105,2541,2190,2200,652
2019,1,A,골목상권,1000849,남부순환로325길,21170,13364,7806,68,3456,6190,5478,3380,2598,18,1518,3910,3903,2227,1788,50,1938,2280,1575,1153,810
2019,1,A,골목상권,1000848,남부순환로317길,14323,8680,5643,51,2481,4149,3532,2271,1839,16,1059,2526,2414,1441,1224,35,1422,1623,1118,830,615
2019,1,A,골목상권,1000847,고무래로8길,31663,12922,18741,45,7493,9658,7851,4729,1887,18,1443,3557,3910,2844,1150,27,6050,6101,3941,1885,737
2019,1,A,골목상권,1000846,강남대로8길,93247,83334,9913,36,8507,19175,26869,35681,2979,17,6597,16484,23829,33939,2468,19,1910,2691,3040,1742,511
2019,1,A,골목상권,1000845,강남대로34길,24660,13588,11072,123,4746,6249,5239,4275,4028,48,1927,3743,3178,2341,2351,75,2819,2506,2061,1934,1677
2019,1,A,골목상권,1000844,강남대로23길,15708,9580,6128,345,4167,4294,3374,2157,1371,146,2049,2726,2379,1398,882,199,2118,1568,995,759,489
2019,1,A,골목상권,1000843,소담길,1194,611,583,2,122,252,337,278,203,0,50,118,152,150,141,2,72,134,185,128,62
2019,1,A,골목상권,1000842,원신길,690,280,410,1,76,162,161,167,123,0,8,51,68,66,87,1,68,111,93,101,36
2019,1,A,골목상권,1000841,양지길,1522,796,726,1,139,248,349,409,376,1,50,120,180,197,248,0,89,128,169,212,128
2019,1,A,골목상권,1000840,양산길,1570,821,749,5,159,208,368,446,384,4,72,109,190,210,236,1,87,99,178,236,148
2019,1,A,골목상권,1000839,호암로24길,3062,1826,1236,10,336,542,787,837,550,6,148,311,466,522,373,4,188,231,321,315,177
2019,1,A,골목상권,1000838,호암로20길,1601,732,869,8,212,350,397,377,257,3,82,181,196,139,131,5,130,169,201,238,126
2019,1,A,골목상권,1000837,행운길,4922,2601,2321,22,861,1170,1063,970,836,10,355,654,568,437,577,12,506,516,495,533,259
2019,1,A,골목상권,1000836,행운1길,4694,2260,2434,22,831,1019,1086,910,826,5,317,517,541,419,461,17,514,502,545,491,365
2019,1,A,골목상권,1000835,청림3길,2059,920,1139,5,295,437,520,445,357,1,102,214,230,182,191,4,193,223,290,263,166
2019,1,A,골목상권,1000834,청룡길,3781,1995,1786,7,561,755,925,760,773,0,217,386,507,390,495,7,344,369,418,370,278
2019,1,A,골목상권,1000833,청룡8길,2877,1259,1618,3,390,587,725,661,511,1,127,290,329,266,246,2,263,297,396,395,265
2019,1,A,골목상권,1000832,중앙길,3162,1311,1851,19,536,683,737,653,534,5,154,286,332,294,240,14,382,397,405,359,294
2019,1,A,골목상권,1000831,조원중앙로2길,5344,3599,1745,7,502,903,996,1152,1784,2,227,572,577,678,1543,5,275,331,419,474,241
2019,1,A,골목상권,1000830,조원로18길,4695,3245,1450,2,405,781,825,896,1786,0,178,485,479,561,1542,2,227,296,346,335,244
2019,1,A,골목상권,1000829,조원로10길,18509,10521,7988,69,4178,5884,4419,2435,1524,39,1687,3652,2707,1382,1054,30,2491,2232,1712,1053,470
2019,1,A,골목상권,1000828,장군봉2길,2860,1369,1491,2,380,553,647,725,553,2,120,252,296,354,345,0,260,301,351,371,208
2019,1,A,골목상권,1000827,장군봉1길,3030,1349,1681,2,399,634,764,710,521,1,136,312,350,299,251,1,263,322,414,411,270
2019,1,A,골목상권,1000826,인헌길,1207,500,707,6,153,267,330,299,152,2,36,127,126,122,87,4,117,140,204,177,65
2019,1,A,골목상권,1000825,은천로25길,1116,373,743,5,156,238,310,252,155,2,40,87,88,86,70,3,116,151,222,166,85
2019,1,A,골목상권,1000824,양녕로6길,3868,1763,2105,18,626,858,956,745,665,3,186,384,492,353,345,15,440,474,464,392,320
2019,1,A,골목상권,1000823,신원로3길,2954,1312,1642,15,475,499,603,665,697,7,204,241,280,246,334,8,271,258,323,419,363
2019,1,A,골목상권,1000822,신사로20길,934,447,487,0,105,197,233,252,147,0,29,96,108,112,102,0,76,101,125,140,45
2019,1,A,골목상권,1000821,신림로65길,4095,1859,2236,30,818,740,839,857,811,12,316,387,423,325,396,18,502,353,416,532,415
2019,1,A,골목상권,1000820,신림로64길,4095,1681,2414,24,1035,932,824,777,503,10,327,401,381,293,269,14,708,531,443,484,234
2019,1,A,골목상권,1000819,신림로48길,928,456,472,0,116,173,191,226,222,0,40,86,85,89,156,0,76,87,106,137,66
2019,1,A,골목상권,1000818,신림로38길,1209,634,575,3,101,189,298,351,267,2,39,98,152,172,171,1,62,91,146,179,96
2019,1,A,골목상권,1000817,신림로28길,3099,1821,1278,11,302,487,789,899,611,6,139,286,463,533,394,5,163,201,326,366,217
2019,1,A,골목상권,1000816,신림로11길,2006,1181,825,10,238,399,503,575,281,4,106,213,286,374,198,6,132,186,217,201,83
2019,1,A,골목상권,1000815,신림동길,3698,1829,1869,24,704,762,827,743,638,12,302,395,416,338,366,12,402,367,411,405,272
2019,1,A,골목상권,1000814,승방길,4496,2575,1921,33,953,1075,1066,895,474,22,434,619,670,513,317,11,519,456,396,382,157
2019,1,A,골목상권,1000813,서림7길,1772,1076,696,8,200,329,468,527,240,4,89,190,272,357,164,4,111,139,196,170,76
2019,1,A,골목상권,1000812,봉천로33길,4418,1834,2584,2,616,878,1047,1053,822,1,154,394,460,408,417,1,462,484,587,645,405
2019,1,A,골목상권,1000811,봉천로13길,5588,2459,3129,18,818,1553,1830,968,401,7,290,590,756,555,261,11,528,963,1074,413,140
2019,1,A,골목상권,1000810,복은길,1393,746,647,3,113,241,345,382,309,2,55,127,175,191,196,1,58,114,170,191,113
2019,1,A,골목상권,1000809,법원단지길,1143,416,727,7,178,237,290,260,171,3,43,96,117,87,70,4,135,141,173,173,101
2019,1,A,골목상권,1000808,법원단지9길,854,324,530,6,135,181,215,211,106,2,33,68,89,90,42,4,102,113,126,121,64
2019,1,A,골목상권,1000807,미성5길,1998,830,1168,9,255,380,501,489,364,3,76,151,220,199,181,6,179,229,281,290,183
2019,1,A,골목상권,1000806,대학길,1794,1148,646,10,240,356,453,491,244,5,117,223,295,343,165,5,123,133,158,148,79
2019,1,A,골목상권,1000805,대학14길,610,308,302,1,82,159,138,130,100,1,30,86,56,65,70,0,52,73,82,65,30
2019,1,A,골목상권,1000804,당곡길,9937,4585,5352,35,1725,3125,2887,1556,609,12,552,1355,1333,937,396,23,1173,1770,1554,619,213
2019,1,A,골목상권,1000803,남현길,2900,1513,1387,0,595,673,659,614,359,0,233,367,381,300,232,0,362,306,278,314,127
2019,1,A,골목상권,1000802,남현3길,5958,3352,2606,36,1170,1398,1434,1258,662,24,559,824,852,662,431,12,611,574,582,596,231
2019,1,A,골목상권,1000801,남현2길,3754,1873,1881,3,831,888,847,733,452,1,280,432,487,368,305,2,551,456,360,365,147
2019,1,A,골목상권,1000800,남부순환로248길,2021,913,1108,13,302,532,531,404,239,6,83,271,228,180,145,7,219,261,303,224,94
2019,1,A,골목상권,1000799,남부순환로234길,3661,2173,1488,14,594,691,733,839,790,6,266,405,423,463,610,8,328,286,310,376,180
2019,1,A,골목상권,1000798,남부순환로172길,2780,1365,1415,7,316,503,629,732,593,1,118,251,301,358,336,6,198,252,328,374,257
2019,1,A,골목상권,1000797,남부순환로161길,2866,1432,1434,5,305,516,676,768,596,0,105,254,333,367,373,5,200,262,343,401,223
2019,1,A,골목상권,1000796,남부순환로151길,3442,1746,1696,7,402,679,797,883,674,0,130,378,396,430,412,7,272,301,401,453,262
2019,1,A,골목상권,1000795,남부순환로142길,4647,3160,1487,4,385,750,812,927,1769,1,168,439,457,562,1533,3,217,311,355,365,236
2019,1,A,골목상권,1000794,난향길,1128,471,657,0,87,174,264,287,316,0,12,51,94,98,216,0,75,123,170,189,100
2019,1,A,골목상권,1000793,난우길,1830,796,1034,7,239,369,454,457,304,2,65,156,215,208,150,5,174,213,239,249,154
2019,1,A,골목상권,1000792,난곡로74길,2722,1873,849,7,434,760,723,513,285,6,294,584,508,296,185,1,140,176,215,217,100
2019,1,A,골목상권,1000791,난곡로34길,1172,463,709,5,177,249,310,287,144,1,45,100,130,123,64,4,132,149,180,164,80
2019,1,A,골목상권,1000790,난곡로26길,1038,406,632,1,146,238,267,261,125,0,38,79,114,114,61,1,108,159,153,147,64
2019,1,A,골목상권,1000789,난곡로24길,987,435,552,4,95,222,277,288,101,2,27,75,126,143,62,2,68,147,151,145,39
2019,1,A,골목상권,1000788,낙성대역길,5000,2827,2173,25,779,1167,1090,1016,923,11,297,667,601,562,689,14,482,500,489,454,234
2019,1,A,골목상권,1000787,국회단지길,1927,867,1060,2,262,359,454,504,346,1,59,164,199,217,227,1,203,195,255,287,119
2019,1,A,골목상권,1000786,구암길,1191,449,742,3,160,239,326,295,168,1,53,89,97,111,98,2,107,150,229,184,70
2019,1,A,골목상권,1000785,관천로22길,11990,6413,5577,39,2023,3543,3435,2054,896,15,770,1715,1883,1400,630,24,1253,1828,1552,654,266
2019,1,A,골목상권,1000784,관천로15길,3516,2497,1019,4,445,735,938,888,506,3,261,507,724,626,376,1,184,228,214,262,130
2019,1,A,골목상권,1000783,관악로30길,2460,1075,1385,8,378,498,601,515,460,3,130,237,269,216,220,5,248,261,332,299,240
2019,1,A,골목상권,1000782,관악로28길,1959,846,1113,7,305,380,448,421,398,3,106,166,192,184,195,4,199,214,256,237,203
2019,1,A,골목상권,1000781,관악로14길,8102,4145,3957,39,1321,1793,1858,1760,1331,10,527,882,943,949,834,29,794,911,915,811,497
2019,1,A,골목상권,1000780,관악로10길,7339,4188,3151,28,1103,1781,1663,1767,997,9,535,1028,936,1053,627,19,568,753,727,714,370
2019,1,A,골목상권,1000779,흑석로9길,5224,2326,2898,6,1101,1445,1228,1021,423,3,279,539,625,596,284,3,822,906,603,425,139
2019,1,A,골목상권,1000778,흑석로13길,5343,2366,2977,6,1098,1459,1272,1061,447,3,273,535,636,622,297,3,825,924,636,439,150
2019,1,A,골목상권,1000777,장승배기로27길,8201,4705,3496,26,1037,2503,2099,1678,858,9,464,1358,1265,1037,572,17,573,1145,834,641,286
2019,1,A,골목상권,1000776,장승배기로19길,2937,1442,1495,1,426,588,693,776,453,0,227,285,332,374,224,1,199,303,361,402,229
2019,1,A,골목상권,1000775,장승배기로10길,3313,1614,1699,4,495,666,809,827,512,1,265,327,377,389,255,3,230,339,432,438,257
2019,1,A,골목상권,1000774,여의대방로46길,6852,3846,3006,24,1145,2055,1740,1208,680,7,498,1256,1045,637,403,17,647,799,695,571,277
2019,1,A,골목상권,1000773,여의대방로24길,11134,5687,5447,88,1516,2622,2871,2554,1483,17,675,1476,1382,1297,840,71,841,1146,1489,1257,643
2019,1,A,골목상권,1000772,여의대방로22카길,8659,4341,4318,19,1434,2792,2250,1425,739,3,410,1401,1322,808,397,16,1024,1391,928,617,342
2019,1,A,골목상권,1000771,여의대방로22나길,8048,4140,3908,48,1054,1936,2125,1857,1028,16,526,1103,998,919,578,32,528,833,1127,938,450
2019,1,A,골목상권,1000770,여의대방로22길,4322,2129,2193,14,502,802,975,1044,985,7,192,420,488,486,536,7,310,382,487,558,449
2019,1,A,골목상권,1000769,양녕로26길,984,430,554,0,125,203,264,266,126,0,42,84,112,115,77,0,83,119,152,151,49
2019,1,A,골목상권,1000768,신대방길,4775,2481,2294,8,1122,1217,1128,816,484,7,394,694,636,447,303,1,728,523,492,369,181
2019,1,A,골목상권,1000767,성대로29길,2336,905,1431,15,299,448,602,585,387,6,111,179,242,204,163,9,188,269,360,381,224
2019,1,A,골목상권,1000766,성대로1길,2198,827,1371,16,312,435,549,521,365,6,104,181,213,173,150,10,208,254,336,348,215
2019,1,A,골목상권,1000765,서달로8가길,5225,2325,2900,6,1087,1438,1251,1017,426,3,276,528,636,598,284,3,811,910,615,419,142
2019,1,A,골목상권,1000764,서달로15길,2985,937,2048,5,794,868,643,457,218,3,175,249,224,185,101,2,619,619,419,272,117
2019,1,A,골목상권,1000763,서달로14길,2905,909,1996,2,748,848,639,454,214,1,157,237,220,181,113,1,591,611,419,273,101
2019,1,A,골목상권,1000762,서달로10길,2767,914,1853,3,735,803,580,438,208,1,153,228,205,208,119,2,582,575,375,230,89
2019,1,A,골목상권,1000761,상도로62길,3077,1585,1492,14,382,737,821,705,418,5,153,345,410,408,264,9,229,392,411,297,154
2019,1,A,골목상권,1000760,상도로61길,2666,1309,1357,10,358,644,708,625,321,4,129,277,324,350,225,6,229,367,384,275,96
2019,1,A,골목상권,1000759,상도로47길,4437,2423,2014,6,712,1037,1138,982,562,2,283,506,657,621,354,4,429,531,481,361,208
2019,1,A,골목상권,1000758,상도로37길,1753,852,901,6,339,381,439,349,239,2,150,179,216,179,126,4,189,202,223,170,113
2019,1,A,골목상권,1000757,상도로15길,3144,1245,1899,15,458,593,743,757,578,6,171,274,286,270,238,9,287,319,457,487,340
2019,1,A,골목상권,1000756,사당로8길,2137,1059,1078,4,247,414,467,454,551,2,97,184,220,204,352,2,150,230,247,250,199
2019,1,A,골목상권,1000755,사당로30길,5738,3375,2363,11,913,1487,1554,1114,659,6,408,894,1007,670,390,5,505,593,547,444,269
2019,1,A,골목상권,1000754,사당로2차길,1432,692,740,4,197,303,361,377,190,2,71,121,168,195,135,2,126,182,193,182,55
2019,1,A,골목상권,1000753,사당로29길,4611,2180,2431,25,643,936,1111,1008,888,12,215,468,544,441,500,13,428,468,567,567,388
2019,1,A,골목상권,1000752,사당로26길,3337,1786,1551,6,466,781,925,715,444,1,179,434,522,368,282,5,287,347,403,347,162
2019,1,A,골목상권,1000751,사당로23나길,1543,670,873,3,95,244,329,410,462,1,41,107,135,157,229,2,54,137,194,253,233
2019,1,A,골목상권,1000750,사당로23길,872,377,495,3,74,162,218,239,176,1,28,65,72,103,108,2,46,97,146,136,68
2019,1,A,골목상권,1000749,사당로20길,2778,1429,1349,1,315,525,709,591,637,1,120,259,367,298,384,0,195,266,342,293,253
2019,1,A,골목상권,1000748,사당로16길,2527,1311,1216,1,213,388,502,508,915,0,80,180,236,242,573,1,133,208,266,266,342
2019,1,A,골목상권,1000747,사당로16가길,2629,1295,1334,3,244,427,544,550,861,1,93,177,244,249,531,2,151,250,300,301,330
2019,1,A,골목상권,1000746,만양로8길,1965,846,1119,15,283,393,464,471,339,7,113,201,204,173,148,8,170,192,260,298,191
2019,1,A,골목상권,1000745,만양로14길,2545,1474,1071,17,358,601,604,639,326,7,168,374,379,381,165,10,190,227,225,258,161
2019,1,A,골목상권,1000744,등용로14길,7920,4565,3355,26,980,2341,2053,1673,847,10,455,1265,1228,1039,568,16,525,1076,825,634,279
2019,1,A,골목상권,1000743,동작대로7길,6622,3687,2935,18,1152,1546,1651,1452,803,8,491,907,999,781,501,10,661,639,652,671,302
2019,1,A,골목상권,1000742,동작대로35길,3055,1457,1598,9,317,625,795,875,434,6,120,362,390,347,232,3,197,263,405,528,202
2019,1,A,골목상권,1000741,동작대로33길,4384,1729,2655,24,771,912,1012,1077,588,14,247,419,422,369,258,10,524,493,590,708,330
2019,1,A,골목상권,1000740,동작대로29길,1969,900,1069,19,280,401,485,484,300,11,97,188,224,217,163,8,183,213,261,267,137
2019,1,A,골목상권,1000739,동작대로17길,6906,3711,3195,13,1030,1669,1814,1337,1043,4,416,917,1043,717,614,9,614,752,771,620,429
2019,1,A,골목상권,1000738,대방동2길,3084,1436,1648,20,407,715,780,728,434,7,162,354,372,317,224,13,245,361,408,411,210
2019,1,A,골목상권,1000737,대방동27길,4436,2349,2087,46,563,1002,1066,1139,620,7,209,552,566,612,403,39,354,450,500,527,217
2019,1,A,골목상권,1000736,노량진로6길,6775,3779,2996,14,850,2148,1757,1400,606,5,395,1125,1002,862,390,9,455,1023,755,538,216
2019,1,A,골목상권,1000735,국사봉길,1406,530,876,11,193,299,353,365,185,4,69,117,141,116,83,7,124,182,212,249,102
2019,1,A,골목상권,1000734,국사봉2길,2320,1020,1300,14,317,477,573,559,380,5,113,226,270,224,182,9,204,251,303,335,198
2019,1,A,골목상권,1000733,국사봉1길,2681,1073,1608,17,371,523,649,661,460,5,123,226,291,230,198,12,248,297,358,431,262
2019,1,A,골목상권,1000732,영신로9길,2781,1404,1377,15,308,420,535,802,701,6,130,240,296,353,379,9,178,180,239,449,322
2019,1,A,골목상권,1000731,영등포로84길,3856,2022,1834,12,609,812,811,898,714,4,202,407,455,488,466,8,407,405,356,410,248
2019,1,A,골목상권,1000730,영등포로80길,4030,1961,2069,14,621,796,909,940,750,7,173,351,477,472,481,7,448,445,432,468,269
2019,1,A,골목상권,1000729,영등포로62길,2870,1399,1471,28,500,584,571,624,563,16,226,310,261,260,326,12,274,274,310,364,237
2019,1,A,골목상권,1000728,영등포로35길,7506,3614,3892,23,1108,1808,2012,1558,997,5,377,861,1010,768,593,18,731,947,1002,790,404
2019,1,A,골목상권,1000727,영등포로27길,8617,4214,4403,25,1179,1900,2113,1762,1638,6,443,975,1088,832,870,19,736,925,1025,930,768
2019,1,A,골목상권,1000726,영등포로25길,11000,5464,5536,26,1391,2468,2713,2463,1939,10,526,1172,1379,1304,1073,16,865,1296,1334,1159,866
2019,1,A,골목상권,1000725,여의대방로61길,3359,1704,1655,5,629,799,780,630,516,1,207,371,438,337,350,4,422,428,342,293,166
2019,1,A,골목상권,1000724,여의대방로43나길,3342,1876,1466,5,352,613,723,929,720,4,170,367,405,476,454,1,182,246,318,453,266
2019,1,A,골목상권,1000723,여의대방로39길,2791,1527,1264,38,433,627,678,690,325,4,163,371,394,378,217,34,270,256,284,312,108
2019,1,A,골목상권,1000722,여의대방로35길,4563,2645,1918,47,615,913,978,977,1033,10,245,537,560,588,705,37,370,376,418,389,328
2019,1,A,골목상권,1000721,양평로28길,14456,9236,5220,51,2430,4563,4441,2317,654,29,1187,2838,2993,1679,510,22,1243,1725,1448,638,144
2019,1,A,골목상권,1000720,양평로22라길,19202,12418,6784,62,3416,6488,5796,2716,724,23,1627,4320,4068,1862,518,39,1789,2168,1728,854,206
2019,1,A,골목상권,1000719,양평로19길,33984,18252,15732,131,6192,11498,10084,4467,1612,49,2748,6446,5293,2562,1154,82,3444,5052,4791,1905,458
2019,1,A,골목상권,1000718,신길로60길,2773,1300,1473,6,315,608,680,667,497,4,109,312,316,313,246,2,206,296,364,354,251
2019,1,A,골목상권,1000717,신길로42길,1593,783,810,1,234,354,400,363,241,1,114,183,198,158,129,0,120,171,202,205,112
2019,1,A,골목상권,1000716,신길로42가길,2267,968,1299,3,248,480,553,564,419,2,80,230,243,245,168,1,168,250,310,319,251
2019,1,A,골목상권,1000715,신길로39길,2369,1045,1324,2,237,530,584,605,411,1,76,234,272,254,208,1,161,296,312,351,203
2019,1,A,골목상권,1000714,신길로17길,1730,767,963,9,245,320,421,426,309,4,94,151,173,178,167,5,151,169,248,248,142
2019,1,A,골목상권,1000713,선유서로28길,13989,7829,6160,74,2747,3421,3406,2638,1703,34,1272,2132,1894,1307,1190,40,1475,1289,1512,1331,513
2019,1,A,골목상권,1000712,선유서로25길,8231,5170,3061,37,1181,2088,2054,1599,1272,21,621,1422,1251,907,948,16,560,666,803,692,324
2019,1,A,골목상권,1000711,선유서로24길,21865,12921,8944,88,4613,5563,5173,3687,2741,36,2329,3577,2942,2030,2007,52,2284,1986,2231,1657,734
2019,1,A,골목상권,1000710,선유로55길,30189,15693,14496,130,5492,10097,9239,3921,1310,52,2328,5441,4739,2215,918,78,3164,4656,4500,1706,392
2019,1,A,골목상권,1000709,디지털로74길,2528,932,1596,2,654,573,548,496,255,0,125,216,197,237,157,2,529,357,351,259,98
2019,1,A,골목상권,1000708,디지털로57길,2911,1494,1417,1,260,538,741,786,585,1,99,265,380,410,339,0,161,273,361,376,246
2019,1,A,골목상권,1000707,디지털로37길,2418,1261,1157,0,248,501,653,589,427,0,87,238,311,323,302,0,161,263,342,266,125
2019,1,A,골목상권,1000706,도신로62길,2799,1400,1399,9,281,488,610,761,650,6,89,237,319,370,379,3,192,251,291,391,271
2019,1,A,골목상권,1000705,도신로60길,1343,612,731,3,171,284,341,339,205,3,69,140,152,144,104,0,102,144,189,195,101
2019,1,A,골목상권,1000704,도신로29길,1208,523,685,2,132,252,316,286,220,1,26,101,149,114,132,1,106,151,167,172,88
2019,1,A,골목상권,1000703,도신로15길,5323,2158,3165,18,1000,1865,1119,762,559,9,237,528,556,450,378,9,763,1337,563,312,181
2019,1,A,골목상권,1000702,도림천로21길,14752,8688,6064,60,3572,4815,3397,1718,1190,36,1459,3128,2251,1043,771,24,2113,1687,1146,675,419
2019,1,A,골목상권,1000701,도림로63길,1802,959,843,10,241,353,456,446,296,5,126,202,244,219,163,5,115,151,212,227,133
2019,1,A,골목상권,1000700,도림로147길,9735,5971,3764,34,1825,2346,2352,2008,1170,10,884,1487,1506,1260,824,24,941,859,846,748,346
2019,1,A,골목상권,1000699,도림로112길,1619,788,831,4,178,352,436,385,264,2,42,150,235,190,169,2,136,202,201,195,95
2019,1,A,골목상권,1000698,대림로8길,3608,1358,2250,2,843,800,781,729,453,1,162,312,330,326,227,1,681,488,451,403,226
2019,1,A,골목상권,1000697,대림로7길,3029,1257,1772,4,393,631,873,653,475,1,87,266,329,310,264,3,306,365,544,343,211
2019,1,A,골목상권,1000696,대림로44길,4573,2911,1662,23,637,1210,1273,950,480,11,325,821,878,557,319,12,312,389,395,393,161
2019,1,A,골목상권,1000695,대림로34길,5805,3457,2348,28,821,1439,1603,1230,684,15,401,929,1005,672,435,13,420,510,598,558,249
2019,1,A,골목상권,1000694,대림로31길,14545,9584,4961,30,1972,3528,3480,3211,2324,17,1330,2690,2468,1787,1292,13,642,838,1012,1424,1032
2019,1,A,골목상권,1000693,대림로29길,4339,2213,2126,2,468,884,1198,1101,686,2,165,451,600,560,435,0,303,433,598,541,251
2019,1,A,골목상권,1000692,대림로22길,2540,1220,1320,9,277,504,669,639,442,5,87,239,317,315,257,4,190,265,352,324,185
2019,1,A,골목상권,1000691,당산로46길,11671,7186,4485,59,1487,2120,2558,2719,2728,24,781,1448,1621,1538,1774,35,706,672,937,1181,954
2019,1,A,골목상권,1000690,당산로38길,22555,11767,10788,138,5425,6516,5129,3322,2025,51,1968,3433,2702,2089,1524,87,3457,3083,2427,1233,501
2019,1,A,골목상권,1000689,당산로37길,34091,14986,19105,202,7430,10220,8744,4951,2544,81,2604,4414,3372,2689,1826,121,4826,5806,5372,2262,718
2019,1,A,골목상권,1000688,당산로31길,21931,11386,10545,107,3995,5327,4456,4531,3515,56,1569,2735,2412,2443,2171,51,2426,2592,2044,2088,1344
2019,1,A,골목상권,1000687,국회대로56길,11445,7706,3739,26,1400,2279,2397,2324,3019,18,620,1383,1602,1622,2461,8,780,896,795,702,558
2019,1,A,골목상권,1000686,경인로90길,19805,9848,9957,170,4167,5462,4931,3024,2051,61,1646,2782,2499,1562,1298,109,2521,2680,2432,1462,753
2019,1,A,골목상권,1000685,경인로80길,21754,10671,11083,119,4464,6326,5311,3319,2215,47,1651,2840,2753,1900,1480,72,2813,3486,2558,1419,735
2019,1,A,골목상권,1000684,경인로77길,24252,11856,12396,121,5085,6945,5876,3800,2425,47,1892,3152,3031,2112,1622,74,3193,3793,2845,1688,803
2019,1,A,골목상권,1000683,가마산로61길,1670,762,908,4,158,373,421,428,286,3,43,139,206,193,178,1,115,234,215,235,108
2019,1,A,골목상권,1000682,시흥대로94길,4127,2348,1779,11,437,757,992,1153,777,8,231,433,555,613,508,3,206,324,437,540,269
2019,1,A,골목상권,1000681,시흥대로84길,2704,1039,1665,2,229,392,575,628,878,2,103,198,238,207,291,0,126,194,337,421,587
2019,1,A,골목상권,1000680,시흥대로68길,5701,2428,3273,35,1197,1375,1077,943,1074,13,528,726,424,328,409,22,669,649,653,615,665
2019,1,A,골목상권,1000679,시흥대로63길,7583,3376,4207,41,1365,1927,1470,1455,1325,15,575,908,593,707,578,26,790,1019,877,748,747
2019,1,A,골목상권,1000678,시흥대로62가길,3187,948,2239,4,425,453,574,756,975,3,103,178,196,179,289,1,322,275,378,577,686
2019,1,A,골목상권,1000677,시흥대로36길,7697,4550,3147,5,666,1342,2385,2250,1049,1,335,822,1322,1281,789,4,331,520,1063,969,260
2019,1,A,골목상권,1000676,시흥대로22길,8190,5143,3047,7,649,1320,2497,2486,1231,0,355,845,1459,1518,966,7,294,475,1038,968,265
2019,1,A,골목상권,1000675,시흥대로153길,3354,1752,1602,5,436,653,818,899,543,3,227,377,417,429,299,2,209,276,401,470,244
2019,1,A,골목상권,1000674,시흥대로150길,3660,1914,1746,6,414,745,921,968,606,4,148,372,479,513,398,2,266,373,442,455,208
2019,1,A,골목상권,1000673,시흥대로141길,5546,3244,2302,8,755,1143,1274,1457,909,5,383,712,724,811,609,3,372,431,550,646,300
2019,1,A,골목상권,1000672,시흥대로138길,3589,1923,1666,13,500,742,893,932,509,6,232,379,481,486,339,7,268,363,412,446,170
2019,1,A,골목상권,1000671,시흥대로120길,4216,2269,1947,26,546,802,1066,1099,677,10,246,440,563,565,445,16,300,362,503,534,232
2019,1,A,골목상권,1000670,벚꽃로56길,73061,45471,27590,366,17322,23192,17466,9259,5456,186,8056,15201,12272,5976,3780,180,9266,7991,5194,3283,1676
2019,1,A,골목상권,1000669,범안로17길,11239,7660,3579,43,1392,2685,2890,2774,1455,20,845,1918,1955,1811,1111,23,547,767,935,963,344
2019,1,A,골목상권,1000668,범안로11길,34744,23080,11664,173,5771,9567,9071,6507,3655,98,3177,6726,6250,4211,2618,75,2594,2841,2821,2296,1037
2019,1,A,골목상권,1000667,문성로5길,4161,2650,1511,3,300,628,743,843,1644,2,109,300,374,414,1451,1,191,328,369,429,193
2019,1,A,골목상권,1000666,독산로85길,1509,703,806,4,185,272,395,428,225,2,79,142,166,187,127,2,106,130,229,241,98
2019,1,A,골목상권,1000665,독산로78다길,1200,445,755,2,131,204,336,340,187,1,39,73,103,121,108,1,92,131,233,219,79
2019,1,A,골목상권,1000664,독산로70길,1657,672,985,2,170,244,443,478,320,0,52,100,150,175,195,2,118,144,293,303,125
2019,1,A,골목상권,1000663,독산로64길,1453,523,930,2,141,227,386,430,267,1,31,69,115,159,148,1,110,158,271,271,119
2019,1,A,골목상권,1000662,독산로50길,499,164,335,0,33,109,146,156,55,0,9,39,34,50,32,0,24,70,112,106,23
2019,1,A,골목상권,1000661,독산로40길,1008,368,640,0,95,197,287,307,122,0,30,74,89,106,69,0,65,123,198,201,53
2019,1,A,골목상권,1000660,독산로108길,5093,3346,1747,3,430,921,975,1080,1684,2,202,522,549,599,1472,1,228,399,426,481,212
2019,1,A,골목상권,1000659,남부순환로112길,5498,3316,2182,20,890,1342,1374,1102,770,12,449,828,890,626,511,8,441,514,484,476,259
2019,1,A,골목상권,1000658,금하로24길,2422,1212,1210,8,193,397,657,785,382,3,61,158,313,437,240,5,132,239,344,348,142
2019,1,A,골목상권,1000657,금하로1길,418,194,224,1,43,66,119,100,89,0,18,33,52,45,46,1,25,33,67,55,43
2019,1,A,골목상권,1000656,금하로14길,2701,1234,1467,8,366,517,692,709,409,5,141,257,338,293,200,3,225,260,354,416,209
2019,1,A,골목상권,1000655,가산로5길,18750,12558,6192,46,3608,5860,4832,3109,1295,25,2266,4094,3235,1940,998,21,1342,1766,1597,1169,297
2019,1,A,골목상권,1000654,가산로3길,43301,29212,14089,191,8314,12729,11168,7142,3757,108,4833,9104,7801,4658,2708,83,3481,3625,3367,2484,1049
2019,1,A,골목상권,1000653,중앙로1길,4511,2593,1918,11,535,836,1086,1134,909,5,230,467,601,601,689,6,305,369,485,533,220
2019,1,A,골목상권,1000652,중앙로15길,1374,661,713,3,146,252,343,361,269,0,65,126,140,172,158,3,81,126,203,189,111
2019,1,A,골목상권,1000651,우마길,8893,5338,3555,31,1665,2435,2206,1616,940,16,781,1564,1408,968,601,15,884,871,798,648,339
2019,1,A,골목상권,1000650,오류로8길,3182,1370,1812,12,337,516,770,897,650,7,108,215,287,342,411,5,229,301,483,555,239
2019,1,A,골목상권,1000649,신도림로13길,2789,1756,1033,7,280,539,670,760,533,7,156,308,404,499,382,0,124,231,266,261,151
2019,1,A,골목상권,1000648,새말로18길,7253,3334,3919,24,1403,2510,1638,1072,606,10,473,969,907,594,381,14,930,1541,731,478,225
2019,1,A,골목상권,1000647,부일로1길,2231,1584,647,7,257,464,472,601,430,7,140,298,308,440,391,0,117,166,164,161,39
2019,1,A,골목상권,1000646,부일로15길,1558,1058,500,1,141,267,395,407,347,0,72,154,266,290,276,1,69,113,129,117,71
2019,1,A,골목상권,1000645,부일로11길,1723,935,788,2,146,349,446,497,283,1,49,179,243,272,191,1,97,170,203,225,92
2019,1,A,골목상권,1000644,디지털로32길,44001,26720,17281,153,10019,15944,10652,4670,2563,86,4517,10506,6976,2819,1816,67,5502,5438,3676,1851,747
2019,1,A,골목상권,1000643,디지털로32가길,46190,28360,17830,155,10421,16521,11026,5086,2981,89,4757,10929,7382,3095,2108,66,5664,5592,3644,1991,873
2019,1,A,골목상권,1000642,디지털로27길,40121,24051,16070,263,8530,11676,9358,6598,3696,163,4173,7900,6355,3271,2189,100,4357,3776,3003,3327,1507
2019,1,A,골목상권,1000641,도림로6길,11464,6808,4656,38,2272,3287,2843,1899,1125,22,1041,2064,1810,1136,735,16,1231,1223,1033,763,390
2019,1,A,골목상권,1000640,도림로12길,11359,5384,5975,151,2094,2409,2409,2735,1561,101,1137,1555,1310,759,522,50,957,854,1099,1976,1039
2019,1,A,골목상권,1000639,남부순환로97길,2053,1021,1032,6,263,355,550,509,370,4,99,164,254,259,241,2,164,191,296,250,129
2019,1,A,골목상권,1000638,구로중앙로8길,3908,2177,1731,10,421,768,1050,1046,613,9,143,355,548,681,441,1,278,413,502,365,172
2019,1,A,골목상권,1000637,구로중앙로7길,2343,1233,1110,1,210,375,617,717,423,0,57,141,289,440,306,1,153,234,328,277,117
2019,1,A,골목상권,1000636,구로중앙로42길,10057,6601,3456,21,1001,2110,2677,2549,1699,17,551,1352,1684,1723,1274,4,450,758,993,826,425
2019,1,A,골목상권,1000635,구로중앙로34길,5179,2864,2315,23,731,1074,1285,1262,804,19,309,595,727,701,513,4,422,479,558,561,291
2019,1,A,골목상권,1000634,구로중앙로28길,15388,10099,5289,43,2210,3711,3643,3437,2344,29,1416,2733,2513,1990,1418,14,794,978,1130,1447,926
2019,1,A,골목상권,1000633,구로중앙로19길,8154,3667,4487,12,1512,2248,1780,1790,812,10,398,951,836,1033,439,2,1114,1297,944,757,373
2019,1,A,골목상권,1000632,구로동로8길,2198,878,1320,4,261,417,596,526,394,3,77,180,227,199,192,1,184,237,369,327,202
2019,1,A,골목상권,1000631,구로동로7길,19295,12940,6355,62,4352,6276,4802,2638,1165,36,2380,4322,3552,1803,847,26,1972,1954,1250,835,318
2019,1,A,골목상권,1000630,구로동로42길,4859,2309,2550,22,604,1052,1108,1244,829,20,250,450,485,667,437,2,354,602,623,577,392
2019,1,A,골목상권,1000629,구로동로41길,3852,1157,2695,1,1062,1111,711,634,333,0,199,355,260,191,152,1,863,756,451,443,181
2019,1,A,골목상권,1000628,구로동로38길,7125,3097,4028,4,1383,2013,1467,1562,696,2,359,822,679,873,362,2,1024,1191,788,689,334
2019,1,A,골목상권,1000627,구로동로28길,7572,3327,4245,8,1441,2097,1651,1635,740,6,364,849,717,943,448,2,1077,1248,934,692,292
2019,1,A,골목상권,1000626,구로동로15길,18927,12698,6229,62,4348,6236,4720,2497,1064,35,2377,4311,3495,1692,788,27,1971,1925,1225,805,276
2019,1,A,골목상권,1000625,공원로6가길,9060,4430,4630,27,1574,2805,2080,1640,934,11,545,1121,1175,966,612,16,1029,1684,905,674,322
2019,1,A,골목상권,1000624,고척로52길,2922,1661,1261,3,241,478,769,835,596,1,125,260,410,472,393,2,116,218,359,363,203
2019,1,A,골목상권,1000623,고척로27다길,1205,461,744,4,113,227,345,376,140,4,31,80,104,162,80,0,82,147,241,214,60
2019,1,A,골목상권,1000622,고척로27길,1223,489,734,2,116,228,333,391,153,2,40,89,106,169,83,0,76,139,227,222,70
2019,1,A,골목상권,1000621,고척로21나길,1453,487,966,3,190,250,350,435,225,2,51,104,101,130,99,1,139,146,249,305,126
2019,1,A,골목상권,1000620,경인로47길,4608,2738,1870,7,530,843,1088,1109,1031,3,222,483,647,638,745,4,308,360,441,471,286
2019,1,A,골목상권,1000619,경인로35길,2407,1170,1237,10,235,392,669,656,445,8,101,196,300,299,266,2,134,196,369,357,179
2019,1,A,골목상권,1000618,경인로31길,1433,621,812,4,110,216,409,451,243,4,43,103,164,186,121,0,67,113,245,265,122
2019,1,A,골목상권,1000617,경인로15길,2475,1504,971,5,285,456,613,643,473,3,125,257,368,390,361,2,160,199,245,253,112
2019,1,A,골목상권,1000616,개봉로3길,4709,2543,2166,2,153,273,416,744,3121,1,46,113,150,314,1919,1,107,160,266,430,1202
2019,1,A,골목상권,1000615,개봉로2길,5376,2739,2637,3,264,391,616,875,3227,0,61,139,226,366,1947,3,203,252,390,509,1280
2019,1,A,골목상권,1000614,개봉로23가길,4807,2723,2084,15,529,932,1305,1312,714,9,245,531,703,757,478,6,284,401,602,555,236
2019,1,A,골목상권,1000613,개봉로20길,2166,977,1189,8,273,380,590,533,382,4,89,143,248,246,247,4,184,237,342,287,135
2019,1,A,골목상권,1000612,개봉로1길,877,452,425,1,86,214,243,211,122,1,33,141,122,89,66,0,53,73,121,122,56
2019,1,A,골목상권,1000611,개봉로17다길,2184,978,1206,8,304,369,523,581,399,4,91,136,224,272,251,4,213,233,299,309,148
2019,1,A,골목상권,1000610,개봉로17길,1249,451,798,2,175,229,309,344,190,0,38,77,111,130,95,2,137,152,198,214,95
2019,1,A,골목상권,1000609,개봉로11길,5057,2646,2411,4,205,339,495,826,3188,1,54,133,182,337,1939,3,151,206,313,489,1249
2019,1,A,골목상권,1000608,화곡로64길,35534,15198,20336,213,4604,7886,10274,10470,2087,132,2545,5108,4112,2140,1161,81,2059,2778,6162,8330,926
2019,1,A,골목상권,1000607,화곡로59길,14558,8259,6299,50,1999,3048,3261,4105,2095,31,1122,1892,2014,2074,1126,19,877,1156,1247,2031,969
2019,1,A,골목상권,1000606,화곡로44나길,6307,3720,2587,7,613,1456,1564,1728,939,5,278,785,918,1116,618,2,335,671,646,612,321
2019,1,A,골목상권,1000605,화곡로31길,4101,1584,2517,12,694,879,949,888,679,3,164,372,384,342,319,9,530,507,565,546,360
2019,1,A,골목상권,1000604,화곡로20길,2982,1424,1558,12,355,580,772,811,452,7,127,277,359,374,280,5,228,303,413,437,172
2019,1,A,골목상권,1000603,화곡로13길,1958,914,1044,9,241,365,516,533,294,5,90,167,215,254,183,4,151,198,301,279,111
2019,1,A,골목상권,1000602,초원로16길,3509,1831,1678,8,475,845,907,791,483,1,147,404,494,447,338,7,328,441,413,344,145
2019,1,A,골목상권,1000601,초록마을로8길,830,208,622,2,117,173,245,181,112,0,17,39,66,43,43,2,100,134,179,138,69
2019,1,A,골목상권,1000600,초록마을로3길,2654,1529,1125,3,210,462,631,738,610,2,71,241,362,440,413,1,139,221,269,298,197
2019,1,A,골목상권,1000599,월정로20길,2006,1134,872,3,191,332,455,646,379,2,98,192,278,353,211,1,93,140,177,293,168
2019,1,A,골목상권,1000598,우장산로6길,2451,962,1489,7,382,546,615,609,292,6,82,206,228,271,169,1,300,340,387,338,123
2019,1,A,골목상권,1000597,양천로73가길,4584,2971,1613,15,601,1203,1052,939,774,12,301,763,690,615,590,3,300,440,362,324,184
2019,1,A,골목상권,1000596,양천로71길,2748,1469,1279,3,290,602,677,708,468,3,99,260,313,419,375,0,191,342,364,289,93
2019,1,A,골목상권,1000595,양천로49길,6966,3821,3145,26,802,1465,1647,1953,1073,14,410,824,979,895,699,12,392,641,668,1058,374
2019,1,A,골목상권,1000594,양천로26길,7874,4101,3773,53,1865,1968,1891,1207,890,35,694,1151,1095,678,448,18,1171,817,796,529,442
2019,1,A,골목상권,1000593,양천로24길,3652,1779,1873,9,478,865,902,840,558,3,186,455,457,379,299,6,292,410,445,461,259
2019,1,A,골목상권,1000592,양천로24가길,3730,1789,1941,7,423,713,913,956,718,1,187,398,471,382,350,6,236,315,442,574,368
2019,1,A,골목상권,1000591,양천로14길,4034,2009,2025,7,441,781,1025,1051,729,0,198,419,499,471,422,7,243,362,526,580,307
2019,1,A,골목상권,1000590,방화대로6라길,3479,2171,1308,6,326,707,1095,880,465,1,164,462,702,523,319,5,162,245,393,357,146
2019,1,A,골목상권,1000589,방화대로21길,2587,1383,1204,7,338,545,665,599,433,0,113,264,375,331,300,7,225,281,290,268,133
2019,1,A,골목상권,1000588,등촌로5길,2451,1147,1304,3,260,472,572,621,523,3,105,230,278,252,279,0,155,242,294,369,244
2019,1,A,골목상권,1000587,등촌로55길,4290,2307,1983,12,595,994,1014,916,759,9,221,556,587,492,442,3,374,438,427,424,317
2019,1,A,골목상권,1000586,등촌로51길,3334,1622,1712,9,437,724,772,734,658,6,152,355,396,351,362,3,285,369,376,383,296
2019,1,A,골목상권,1000585,등촌로39길,1626,667,959,7,199,320,449,438,213,5,49,121,192,179,121,2,150,199,257,259,92
2019,1,A,골목상권,1000584,등촌로13길,1795,744,1051,1,184,348,511,499,252,1,64,161,192,183,143,0,120,187,319,316,109
2019,1,A,골목상권,1000583,남부순환로11길,2517,1644,873,2,225,490,710,664,426,0,102,294,469,444,335,2,123,196,241,220,91
2019,1,A,골목상권,1000582,까치산로4길,2193,771,1422,8,324,504,598,454,305,2,76,191,225,147,130,6,248,313,373,307,175
2019,1,A,골목상권,1000581,국회대로7길,2892,1525,1367,8,346,604,736,770,428,6,161,368,410,345,235,2,185,236,326,425,193
2019,1,A,골목상권,1000580,공항대로8길,3249,1946,1303,8,356,597,767,868,653,1,136,309,454,543,503,7,220,288,313,325,150
2019,1,A,골목상권,1000579,공항대로61길,5631,3083,2548,12,816,1335,1292,1126,1050,8,301,695,744,666,669,4,515,640,548,460,381
2019,1,A,골목상권,1000578,공항대로59다길,6315,3404,2911,12,811,1512,1651,1408,921,5,276,762,1011,810,540,7,535,750,640,598,381
2019,1,A,골목상권,1000577,공항대로59길,5653,3160,2493,16,821,1405,1289,1125,997,12,326,754,757,681,630,4,495,651,532,444,367
2019,1,A,골목상권,1000576,공항대로55길,16672,9772,6900,114,3640,4723,4057,2651,1487,72,1482,2841,2688,1714,975,42,2158,1882,1369,937,512
2019,1,A,골목상권,1000575,공항대로42길,5217,2421,2796,23,720,1081,1141,1192,1060,12,268,568,623,502,448,11,452,513,518,690,612
2019,1,A,골목상권,1000574,공항대로38길,5875,2921,2954,70,1186,1315,1299,1098,907,32,520,710,711,482,466,38,666,605,588,616,441
2019,1,A,골목상권,1000573,곰달래로60길,3422,1485,1937,10,447,718,821,814,612,6,135,330,387,308,319,4,312,388,434,506,293
2019,1,A,골목상권,1000572,곰달래로53길,1015,410,605,0,124,215,292,274,110,0,28,85,104,122,71,0,96,130,188,152,39
2019,1,A,골목상권,1000571,곰달래로47길,1245,464,781,1,138,266,368,344,128,1,33,109,121,118,82,0,105,157,247,226,46
2019,1,A,골목상권,1000570,곰달래로31길,1945,720,1225,4,232,364,459,538,348,2,90,180,170,139,139,2,142,184,289,399,209
2019,1,A,골목상권,1000569,곰달래로25길,2681,957,1724,11,333,481,662,715,479,6,107,215,247,179,203,5,226,266,415,536,276
2019,1,A,골목상권,1000568,개화동로25길,40321,23200,17121,32,7837,12837,10958,7184,1473,15,2332,5989,7235,6332,1297,17,5505,6848,3723,852,176
2019,1,A,골목상권,1000567,개화동로23길,39856,22883,16973,34,7855,12826,10856,6969,1316,15,2322,5963,7177,6222,1184,19,5533,6863,3679,747,132
2019,1,A,골목상권,1000566,강서로8길,3851,1897,1954,14,550,887,879,915,606,8,234,486,430,397,342,6,316,401,449,518,264
2019,1,A,골목상권,1000565,강서로5라길,2754,1453,1301,6,402,702,703,615,326,2,181,401,355,286,228,4,221,301,348,329,98
2019,1,A,골목상권,1000564,강서로5나길,2865,1760,1105,9,273,536,668,864,515,6,156,336,414,505,343,3,117,200,254,359,172
2019,1,A,골목상권,1000563,강서로5가길,2721,1393,1328,12,366,538,580,717,508,7,163,299,294,334,296,5,203,239,286,383,212
2019,1,A,골목상권,1000562,강서로47라길,3113,1099,2014,8,473,754,774,803,301,3,86,264,248,322,176,5,387,490,526,481,125
2019,1,A,골목상권,1000561,강서로47길,3332,1134,2198,11,482,770,871,847,351,5,91,272,269,314,183,6,391,498,602,533,168
2019,1,A,골목상권,1000560,강서로45다길,2508,978,1530,5,376,478,574,655,420,1,91,187,223,269,207,4,285,291,351,386,213
2019,1,A,골목상권,1000559,강서로45길,2116,730,1386,5,307,425,516,586,277,0,72,159,183,192,124,5,235,266,333,394,153
2019,1,A,골목상권,1000558,강서로35길,2936,1250,1686,14,473,602,701,646,500,6,124,266,309,274,271,8,349,336,392,372,229
2019,1,A,골목상권,1000557,강서로29길,3641,1463,2178,17,559,820,940,782,523,7,134,352,415,302,253,10,425,468,525,480,270
2019,1,A,골목상권,1000556,강서로18길,1685,602,1083,6,210,317,439,449,264,3,70,137,154,124,114,3,140,180,285,325,150
2019,1,A,골목상권,1000555,강서로17가길,1768,653,1115,8,243,338,447,450,282,4,79,135,176,133,126,4,164,203,271,317,156
2019,1,A,골목상권,1000554,강서로15길,3170,1523,1647,17,362,567,771,892,561,10,139,263,379,411,321,7,223,304,392,481,240
2019,1,A,골목상권,1000553,가로공원로80길,1833,749,1084,6,197,393,501,444,292,4,66,165,211,169,134,2,131,228,290,275,158
2019,1,A,골목상권,1000552,가로공원로76가길,2437,1210,1227,9,220,438,638,687,445,5,84,207,320,354,240,4,136,231,318,333,205
2019,1,A,골목상권,1000551,화곡로4길,3083,1658,1425,0,282,492,629,638,1042,0,82,188,236,249,903,0,200,304,393,389,139
2019,1,A,골목상권,1000550,화곡로3길,1504,506,998,0,201,323,431,397,152,0,49,95,128,145,89,0,152,228,303,252,63
2019,1,A,골목상권,1000549,지양로7길,1897,1188,709,2,97,209,431,673,485,1,29,100,233,450,375,1,68,109,198,223,110
2019,1,A,골목상권,1000548,중앙로55길,2824,1420,1404,3,308,566,658,829,460,1,157,317,310,374,261,2,151,249,348,455,199
2019,1,A,골목상권,1000547,중앙로51길,2203,1035,1168,3,186,399,559,631,425,1,78,176,211,300,269,2,108,223,348,331,156
2019,1,A,골목상권,1000546,중앙로47길,2188,936,1252,8,283,422,579,564,332,4,107,210,242,197,176,4,176,212,337,367,156
2019,1,A,골목상권,1000545,중앙로45길,2314,1037,1277,5,276,424,605,594,410,2,87,186,249,274,239,3,189,238,356,320,171
2019,1,A,골목상권,1000544,중앙로36길,2431,1116,1315,10,347,457,578,589,450,1,144,246,264,254,207,9,203,211,314,335,243
2019,1,A,골목상권,1000543,중앙로32길,3963,2005,1958,12,437,821,1054,951,688,1,165,400,546,474,419,11,272,421,508,477,269
2019,1,A,골목상권,1000542,중앙로25길,1994,859,1135,4,210,398,535,549,298,2,86,198,226,185,162,2,124,200,309,364,136
2019,1,A,골목상권,1000541,은행정로7길,3745,1691,2054,18,459,735,870,968,695,7,169,374,392,416,333,11,290,361,478,552,362
2019,1,A,골목상권,1000540,은행정로5길,2810,1225,1585,9,346,559,651,730,515,1,134,287,279,290,234,8,212,272,372,440,281
2019,1,A,골목상권,1000539,오목로5길,2734,1594,1140,2,207,452,657,828,588,0,105,250,324,480,435,2,102,202,333,348,153
2019,1,A,골목상권,1000538,오목로3길,3112,2075,1037,6,216,436,672,1021,761,3,111,261,370,683,647,3,105,175,302,338,114
2019,1,A,골목상권,1000537,오목로30길,3399,1586,1813,13,381,669,822,893,621,8,152,327,372,416,311,5,229,342,450,477,310
2019,1,A,골목상권,1000536,오목로23길,3228,1713,1515,5,399,707,733,856,528,3,197,399,385,427,302,2,202,308,348,429,226
2019,1,A,골목상권,1000535,신월로20길,1490,666,824,2,182,264,393,393,256,2,61,128,154,170,151,0,121,136,239,223,105
2019,1,A,골목상권,1000534,신월로15길,3102,1818,1284,8,226,422,680,989,777,5,86,227,317,582,601,3,140,195,363,407,176
2019,1,A,골목상권,1000533,신목로6길,3332,1349,1983,13,596,741,820,719,443,3,166,321,328,271,260,10,430,420,492,448,183
2019,1,A,골목상권,1000532,신목로5길,3233,1670,1563,38,597,834,733,678,353,32,330,465,338,312,193,6,267,369,395,366,160
2019,1,A,골목상권,1000531,신목로2길,1889,839,1050,3,262,364,499,428,333,1,84,157,211,186,200,2,178,207,288,242,133
2019,1,A,골목상권,1000530,목동중앙서로8가길,2456,1071,1385,5,334,513,585,558,461,3,91,215,273,224,265,2,243,298,312,334,196
2019,1,A,골목상권,1000529,목동중앙서로7길,2513,1195,1318,4,268,447,617,652,525,4,114,218,294,269,296,0,154,229,323,383,229
2019,1,A,골목상권,1000528,목동중앙북로8길,2966,1375,1591,12,463,715,740,671,365,6,148,332,371,308,210,6,315,383,369,363,155
2019,1,A,골목상권,1000527,목동중앙북로16길,3014,1697,1317,5,314,681,915,664,435,2,110,356,570,394,265,3,204,325,345,270,170
2019,1,A,골목상권,1000526,목동중앙본로7길,1719,711,1008,2,180,366,468,474,229,1,79,150,146,195,140,1,101,216,322,279,89
2019,1,A,골목상권,1000525,목동중앙로3길,1397,532,865,2,144,309,403,367,172,2,48,103,134,126,119,0,96,206,269,241,53
2019,1,A,골목상권,1000524,목동중앙로13나길,1571,1007,564,3,238,550,453,208,119,1,94,354,311,155,92,2,144,196,142,53,27
2019,1,A,골목상권,1000523,목동중앙남로3가길,1769,801,968,2,185,381,466,467,268,1,75,177,179,206,163,1,110,204,287,261,105
2019,1,A,골목상권,1000522,목동로9길,5490,2511,2979,17,756,1165,1419,1289,844,5,250,530,710,578,438,12,506,635,709,711,406
2019,1,A,골목상권,1000521,목동로19길,5437,2412,3025,18,788,1153,1354,1253,871,8,217,482,650,544,511,10,571,671,704,709,360
2019,1,A,골목상권,1000520,목동동로8길,2359,946,1413,11,266,532,627,636,287,6,79,185,241,284,151,5,187,347,386,352,136
2019,1,A,골목상권,1000519,목동동로12길,7956,3930,4026,56,1617,2166,1798,1459,860,39,655,1097,913,728,498,17,962,1069,885,731,362
2019,1,A,골목상권,1000518,목동남로4길,1098,547,551,2,107,229,304,305,151,1,41,119,125,153,108,1,66,110,179,152,43
2019,1,A,골목상권,1000517,남부순환로88길,3013,2188,825,3,163,356,664,952,875,1,68,201,442,692,784,2,95,155,222,260,91
2019,1,A,골목상권,1000516,남부순환로79길,2667,1501,1166,7,233,367,594,647,819,5,83,192,247,304,670,2,150,175,347,343,149
2019,1,A,골목상권,1000515,남부순환로70길,3324,2288,1036,2,182,344,712,1164,920,2,76,203,412,848,747,0,106,141,300,316,173
2019,1,A,골목상권,1000514,남부순환로58길,1624,722,902,3,151,292,452,465,261,2,64,133,183,210,130,1,87,159,269,255,131
2019,1,A,골목상권,1000513,남부순환로40길,3235,2092,1143,1,203,403,612,717,1299,0,64,170,294,421,1143,1,139,233,318,296,156
2019,1,A,골목상권,1000512,남부순환로33길,3650,2102,1548,6,316,562,778,818,1170,4,113,250,333,389,1013,2,203,312,445,429,157
2019,1,A,골목상권,1000511,곰달래로5길,3869,2214,1655,4,304,578,811,890,1282,3,108,267,352,424,1060,1,196,311,459,466,222
2019,1,A,골목상권,1000510,곰달래로3길,2731,1397,1334,3,209,446,744,838,491,2,90,215,365,442,283,1,119,231,379,396,208
2019,1,A,골목상권,1000509,곰달래로2길,2485,1551,934,3,205,362,617,792,506,3,103,219,371,511,344,0,102,143,246,281,162
2019,1,A,골목상권,1000508,곰달래로10길,2927,1737,1190,6,266,481,705,904,565,4,131,291,406,536,369,2,135,190,299,368,196
2019,1,A,골목상권,1000507,가로공원로58길,1562,927,635,1,102,208,354,474,423,0,32,94,183,296,322,1,70,114,171,178,101
2019,1,A,골목상권,1000506,효창원로93길,4712,2204,2508,18,910,1121,1267,986,410,5,307,501,576,563,252,13,603,620,691,423,158
2019,1,A,골목상권,1000505,토정로37길,19313,11467,7846,98,3293,4734,4536,3836,2816,37,1521,2936,2983,2167,1823,61,1772,1798,1553,1669,993
2019,1,A,골목상권,1000504,월드컵로8길,15904,8137,7767,74,3860,4570,3398,1871,2131,19,1440,2511,2139,1064,964,55,2420,2059,1259,807,1167
2019,1,A,골목상권,1000503,월드컵로7길,7140,3910,3230,28,1650,2224,1722,940,576,10,674,1251,1117,514,344,18,976,973,605,426,232
2019,1,A,골목상권,1000502,월드컵로36길,8254,3407,4847,11,818,1382,1613,2471,1959,5,290,552,819,986,755,6,528,830,794,1485,1204
2019,1,A,골목상권,1000501,월드컵로25길,2313,1250,1063,0,334,539,628,512,300,0,165,303,331,245,206,0,169,236,297,267,94
2019,1,A,골목상권,1000500,월드컵로19길,7247,3898,3349,41,1445,1710,1630,1286,1135,23,613,916,904,587,855,18,832,794,726,699,280
2019,1,A,골목상권,1000499,월드컵로16길,8954,4663,4291,39,1794,2262,2050,1527,1282,21,730,1177,1132,697,906,18,1064,1085,918,830,376
2019,1,A,골목상권,1000498,월드컵로11길,6592,3155,3437,41,1519,1696,1534,1172,630,21,636,886,816,461,335,20,883,810,718,711,295
2019,1,A,골목상권,1000497,월드컵로10길,12090,5773,6317,65,2622,3086,2499,1774,2044,30,1110,1625,1444,755,809,35,1512,1461,1055,1019,1235
2019,1,A,골목상권,1000496,와우산로3길,6207,3604,2603,42,1940,1896,1245,704,380,31,855,1155,827,485,251,11,1085,741,418,219,129
2019,1,A,골목상권,1000495,와우산로29길,9758,5155,4603,61,2379,2608,2484,1672,554,17,1173,1611,1326,729,299,44,1206,997,1158,943,255
2019,1,A,골목상권,1000494,와우산로29가길,7546,4678,2868,43,1934,2032,1600,1126,811,15,893,1288,1117,785,580,28,1041,744,483,341,231
2019,1,A,골목상권,1000493,양화진길,10152,5309,4843,46,2417,3425,2572,1222,470,12,773,1758,1612,837,317,34,1644,1667,960,385,153
2019,1,A,골목상권,1000492,양화로1길,9172,4769,4403,33,2148,3105,2355,1003,528,9,722,1601,1469,627,341,24,1426,1504,886,376,187
2019,1,A,골목상권,1000491,양화로11길,15439,7711,7728,89,3931,4402,3170,1757,2090,28,1423,2420,1968,958,914,61,2508,1982,1202,799,1176
2019,1,A,골목상권,1000490,신촌로30길,1656,629,1027,10,267,466,434,287,192,1,54,144,167,132,131,9,213,322,267,155,61
2019,1,A,골목상권,1000489,신촌로28가길,1065,385,680,8,164,295,282,193,123,1,35,95,94,80,80,7,129,200,188,113,43
2019,1,A,골목상권,1000488,신촌로12길,9488,4764,4724,53,2142,2243,2380,1785,885,28,1037,1279,1216,743,461,25,1105,964,1164,1042,424
2019,1,A,골목상권,1000487,숭문길,11314,7256,4058,102,1923,3223,2878,2024,1164,41,1070,2047,2034,1266,798,61,853,1176,844,758,366
2019,1,A,골목상권,1000486,숭문8길,6219,4024,2195,7,744,1427,1596,1487,958,3,462,913,1096,888,662,4,282,514,500,599,296
2019,1,A,골목상권,1000485,성지3길,6176,3478,2698,39,1420,1775,1477,982,483,21,526,1002,939,658,332,18,894,773,538,324,151
2019,1,A,골목상권,1000484,성산로4길,8114,3885,4229,22,963,1447,1649,2144,1889,13,370,793,1008,884,817,9,593,654,641,1260,1072
2019,1,A,골목상권,1000483,성미산로32길,3803,2062,1741,21,1059,1143,801,471,308,13,504,664,470,235,176,8,555,479,331,236,132
2019,1,A,골목상권,1000482,성미산로1길,7594,4150,3444,44,1378,1600,1765,1510,1297,30,591,849,970,741,969,14,787,751,795,769,328
2019,1,A,골목상권,1000481,성미산로11길,6590,4122,2468,19,996,1487,1413,1115,1560,10,406,835,851,678,1342,9,590,652,562,437,218
2019,1,A,골목상권,1000480,백범로16길,16851,10466,6385,122,3104,4877,4231,2771,1746,50,1528,3139,2933,1671,1145,72,1576,1738,1298,1100,601
2019,1,A,골목상권,1000479,방울내로9안길,4032,2245,1787,9,569,785,980,951,738,4,223,425,571,535,487,5,346,360,409,416,251
2019,1,A,골목상권,1000478,모래내로7길,3546,2261,1285,10,389,549,686,758,1154,5,116,276,387,483,994,5,273,273,299,275,160
2019,1,A,골목상권,1000477,매봉산로2길,17750,9941,7809,40,4343,6110,4701,1801,755,22,1597,3412,3218,1166,526,18,2746,2698,1483,635,229
2019,1,A,골목상권,1000476,망원로2길,2820,1480,1340,2,433,694,741,575,375,0,190,382,407,274,227,2,243,312,334,301,148
2019,1,A,골목상권,1000475,망원로11길,6720,3775,2945,36,1183,1335,1504,1400,1262,27,537,751,835,683,942,9,646,584,669,717,320
2019,1,A,골목상권,1000474,만리재옛길,13649,7519,6130,37,2291,3577,3254,3098,1392,8,1011,2121,1960,1680,739,29,1280,1456,1294,1418,653
2019,1,A,골목상권,1000473,마포대로4길,18376,10766,7610,86,3162,4348,4181,3765,2834,31,1427,2602,2774,2116,1816,55,1735,1746,1407,1649,1018
2019,1,A,골목상권,1000472,마포대로20길,8436,4406,4030,28,1613,2481,2129,1365,820,6,752,1373,1109,731,435,22,861,1108,1020,634,385
2019,1,A,골목상권,1000471,마포대로12길,20035,11048,8987,90,3890,5635,4853,4055,1512,29,1575,3316,2944,2238,946,61,2315,2319,1909,1817,566
2019,1,A,골목상권,1000470,동교로38길,6660,3556,3104,33,1570,1920,1641,985,511,13,716,1090,939,477,321,20,854,830,702,508,190
2019,1,A,골목상권,1000469,동교로27길,13228,6293,6935,84,3746,3907,2699,1680,1112,43,1267,2042,1583,802,556,41,2479,1865,1116,878,556
2019,1,A,골목상권,1000468,동교로25길,12470,6412,6058,53,2810,3551,2835,2024,1197,24,1006,1905,1751,1104,622,29,1804,1646,1084,920,575
2019,1,A,골목상권,1000467,동교로19길,14225,7970,6255,32,2722,3767,3104,2277,2323,14,959,2000,1998,1334,1665,18,1763,1767,1106,943,658
2019,1,A,골목상권,1000466,동교로17길,15639,8061,7578,53,3067,4095,3353,2359,2712,18,1094,2112,2042,1350,1445,35,1973,1983,1311,1009,1267
2019,1,A,골목상권,1000465,독막로8길,6944,3785,3159,42,2087,2108,1441,843,423,19,825,1214,905,552,270,23,1262,894,536,291,153
2019,1,A,골목상권,1000464,독막로32길,4840,2656,2184,10,643,1239,1348,915,685,0,270,678,759,501,448,10,373,561,589,414,237
2019,1,A,골목상권,1000463,독막로22길,5337,2619,2718,23,917,1100,1122,932,1243,6,293,495,677,542,606,17,624,605,445,390,637
2019,1,A,골목상권,1000462,도화길,31337,18021,13316,156,5897,7740,7519,6480,3545,65,2831,4735,4742,3397,2251,91,3066,3005,2777,3083,1294
2019,1,A,골목상권,1000461,도화4길,21909,12497,9412,127,4157,4976,5077,4989,2583,54,2155,3070,3114,2472,1632,73,2002,1906,1963,2517,951
2019,1,A,골목상권,1000460,대흥로28길,1769,715,1054,13,321,470,428,313,224,3,85,172,177,147,131,10,236,298,251,166,93
2019,1,A,골목상권,1000459,대흥로21길,6556,3160,3396,32,1167,1772,1500,1294,791,11,373,804,797,710,465,21,794,968,703,584,326
2019,1,A,골목상권,1000458,광성로6길,4449,2444,2005,8,585,1111,1232,988,525,1,228,520,706,622,367,7,357,591,526,366,158
2019,1,A,골목상권,1000457,홍제내길,1237,532,705,1,156,240,321,347,172,0,38,99,149,160,86,1,118,141,172,187,86
2019,1,A,골목상권,1000456,홍연길,1461,789,672,0,128,229,343,472,289,0,49,122,181,265,172,0,79,107,162,207,117
2019,1,A,골목상권,1000455,통일로39길,2092,762,1330,10,338,496,539,440,269,5,100,181,184,169,123,5,238,315,355,271,146
2019,1,A,골목상권,1000454,통일로37길,2084,773,1311,5,310,450,535,476,308,3,77,166,185,178,164,2,233,284,350,298,144
2019,1,A,골목상권,1000453,통일로11길,1390,631,759,5,184,297,370,364,170,2,75,111,152,181,110,3,109,186,218,183,60
2019,1,A,골목상권,1000452,충정로6길,59195,33776,25419,115,10118,19199,16732,10629,2402,23,3796,10356,9994,7949,1658,92,6322,8843,6738,2680,744
2019,1,A,골목상권,1000451,충정로4길,22633,13565,9068,39,3903,7062,5763,3855,2011,16,1738,4128,3787,2499,1397,23,2165,2934,1976,1356,614
2019,1,A,골목상권,1000450,증가로6길,1991,1067,924,2,234,357,480,593,325,1,88,183,259,329,207,1,146,174,221,264,118
2019,1,A,골목상권,1000449,증가로23나길,2934,1333,1601,8,293,516,760,799,558,3,91,202,306,389,342,5,202,314,454,410,216
2019,1,A,골목상권,1000448,증가로20가길,1276,495,781,5,155,273,397,302,144,3,44,98,135,125,90,2,111,175,262,177,54
2019,1,A,골목상권,1000447,증가로10길,1927,893,1034,4,281,466,486,472,218,2,98,219,227,214,133,2,183,247,259,258,85
2019,1,A,골목상권,1000446,응암로1길,2762,1312,1450,11,330,535,727,721,438,5,127,265,356,328,231,6,203,270,371,393,207
2019,1,A,골목상권,1000445,연희로10길,14872,5908,8964,9,3827,4624,3401,2223,788,3,994,1590,1402,1333,586,6,2833,3034,1999,890,202
2019,1,A,골목상권,1000444,신촌로37길,7562,4672,2890,11,1458,2295,1580,1244,974,2,798,1354,1042,780,696,9,660,941,538,464,278
2019,1,A,골목상권,1000443,수색로8길,3128,2132,996,8,192,377,575,859,1117,6,69,184,317,582,974,2,123,193,258,277,143
2019,1,A,골목상권,1000442,세무서길,2353,891,1462,10,349,502,622,532,338,5,106,172,210,221,177,5,243,330,412,311,161
2019,1,A,골목상권,1000441,세무서2길,2195,813,1382,6,302,404,572,554,357,4,75,144,195,201,194,2,227,260,377,353,163
2019,1,A,골목상권,1000440,세검정로1길,2205,876,1329,7,254,398,539,507,500,3,85,150,179,204,255,4,169,248,360,303,245
2019,1,A,골목상권,1000439,북아현로4길,7975,4956,3019,10,1520,2355,1727,1362,1001,2,823,1422,1149,844,716,8,697,933,578,518,285
2019,1,A,골목상권,1000438,모래내로15길,2144,1047,1097,12,345,469,548,489,281,5,96,201,278,285,182,7,249,268,270,204,99
2019,1,A,골목상권,1000437,명지대길,2438,1275,1163,7,371,511,575,641,333,4,146,244,282,361,238,3,225,267,293,280,95
2019,1,A,골목상권,1000436,독립문로8길,3344,1644,1700,7,463,771,889,802,412,3,163,348,446,434,250,4,300,423,443,368,162
2019,1,A,골목상권,1000435,가재울로6길,1546,819,727,3,217,307,412,377,230,1,69,145,224,214,166,2,148,162,188,163,64
2019,1,A,골목상권,1000434,통일로92길,2300,1049,1251,10,376,512,609,541,252,5,151,243,239,264,147,5,225,269,370,277,105
2019,1,A,골목상권,1000433,통일로87길,2025,868,1157,9,341,415,520,461,279,2,127,193,194,202,150,7,214,222,326,259,129
2019,1,A,골목상권,1000432,통일로78길,2128,853,1275,14,309,406,548,501,350,5,86,162,218,197,185,9,223,244,330,304,165
2019,1,A,골목상권,1000431,통일로69길,2391,912,1479,9,304,469,618,600,391,2,113,199,243,189,166,7,191,270,375,411,225
2019,1,A,골목상권,1000430,진흥로1길,3828,1866,1962,13,470,706,901,933,805,6,160,368,461,427,444,7,310,338,440,506,361
2019,1,A,골목상권,1000429,진흥로12길,5253,2218,3035,14,836,1329,1333,1125,616,7,280,555,617,463,296,7,556,774,716,662,320
2019,1,A,골목상권,1000428,증산서길,2846,1634,1212,12,339,510,584,660,741,5,76,207,299,411,636,7,263,303,285,249,105
2019,1,A,골목상권,1000427,증산로9길,1371,740,631,1,152,273,371,339,235,1,62,126,197,188,166,0,90,147,174,151,69
2019,1,A,골목상권,1000426,증산로5길,1473,781,692,4,163,295,386,373,252,3,67,143,190,206,172,1,96,152,196,167,80
2019,1,A,골목상권,1000425,증산로21길,2315,1028,1287,3,293,448,554,597,420,3,92,208,252,260,213,0,201,240,302,337,207
2019,1,A,골목상권,1000424,증산로17길,2202,1064,1138,4,259,371,471,535,562,2,104,177,225,261,295,2,155,194,246,274,267
2019,1,A,골목상권,1000423,증산로15길,1752,902,850,1,144,263,394,446,504,0,60,127,196,238,281,1,84,136,198,208,223
2019,1,A,골목상권,1000422,증산로13길,1878,935,943,3,160,278,428,476,533,1,71,138,228,230,267,2,89,140,200,246,266
2019,1,A,골목상권,1000421,응암로34길,2396,1029,1367,14,335,507,640,532,368,6,122,235,277,203,186,8,213,272,363,329,182
2019,1,A,골목상권,1000420,응암로22길,1782,817,965,3,246,356,426,461,290,1,98,136,168,234,180,2,148,220,258,227,110
2019,1,A,골목상권,1000419,응암로14길,1669,693,976,4,230,329,463,410,233,2,84,140,178,170,119,2,146,189,285,240,114
2019,1,A,골목상권,1000418,응암로13길,2333,1040,1293,5,299,435,557,581,456,2,114,184,227,257,256,3,185,251,330,324,200
2019,1,A,골목상권,1000417,응암로12길,1786,712,1074,4,199,342,487,475,279,1,65,141,188,177,140,3,134,201,299,298,139
2019,1,A,골목상권,1000416,은평로8길,2908,1279,1629,15,469,620,720,637,447,8,167,300,317,247,240,7,302,320,403,390,207
2019,1,A,골목상권,1000415,은평로3길,3035,1417,1618,5,403,639,739,708,541,5,136,312,337,323,304,0,267,327,402,385,237
2019,1,A,골목상권,1000414,은평로20길,3585,1680,1905,8,385,840,962,908,482,4,133,293,400,520,330,4,252,547,562,388,152
2019,1,A,골목상권,1000413,은평로13길,7151,3405,3746,27,791,1403,1836,1862,1232,11,287,606,842,935,724,16,504,797,994,927,508
2019,1,A,골목상권,1000412,은평로10길,3809,1669,2140,18,438,698,975,957,723,6,153,316,444,362,388,12,285,382,531,595,335
2019,1,A,골목상권,1000411,연서로5길,2341,1209,1132,6,250,456,544,596,489,3,111,236,270,283,306,3,139,220,274,313,183
2019,1,A,골목상권,1000410,연서로41길,1549,818,731,2,171,384,472,393,127,1,76,229,239,211,62,1,95,155,233,182,65
2019,1,A,골목상권,1000409,연서로3길,2221,1040,1181,7,263,394,550,558,449,4,98,207,252,240,239,3,165,187,298,318,210
2019,1,A,골목상권,1000408,연서로34길,1417,476,941,4,175,292,390,379,177,3,43,109,123,118,80,1,132,183,267,261,97
2019,1,A,골목상권,1000407,연서로33길,1742,674,1068,6,250,323,455,396,312,4,65,130,190,146,139,2,185,193,265,250,173
2019,1,A,골목상권,1000406,연서로29길,2881,1090,1791,20,546,659,688,603,365,8,176,290,235,209,172,12,370,369,453,394,193
2019,1,A,골목상권,1000405,연서로28길,3929,1484,2445,31,793,815,965,781,544,15,230,335,381,275,248,16,563,480,584,506,296
2019,1,A,골목상권,1000404,연서로27길,3472,1316,2156,19,630,785,879,743,416,10,179,348,316,267,196,9,451,437,563,476,220
2019,1,A,골목상권,1000403,연서로21길,4240,2004,2236,13,464,681,1015,1353,714,8,137,310,465,720,364,5,327,371,550,633,350
2019,1,A,골목상권,1000402,연서로17길,4227,1925,2302,11,457,678,1031,1354,696,4,116,276,459,719,351,7,341,402,572,635,345
2019,1,A,골목상권,1000401,연서로16길,3407,1345,2062,12,434,661,883,859,558,6,124,265,366,282,302,6,310,396,517,577,256
2019,1,A,골목상권,1000400,연서로13길,4175,2025,2150,12,423,674,996,1362,708,4,122,277,460,737,425,8,301,397,536,625,283
2019,1,A,골목상권,1000399,연서로11길,1791,751,1040,7,189,332,447,485,331,1,68,126,194,180,182,6,121,206,253,305,149
2019,1,A,골목상권,1000398,역말로9길,2285,905,1380,8,316,456,583,553,369,3,91,181,250,205,175,5,225,275,333,348,194
2019,1,A,골목상권,1000397,수색로18길,1468,751,717,7,216,254,257,275,459,3,37,78,134,144,355,4,179,176,123,131,104
2019,1,A,골목상권,1000396,서오릉로8길,2059,871,1188,7,237,349,567,572,327,6,90,145,239,217,174,1,147,204,328,355,153
2019,1,A,골목상권,1000395,서오릉로21길,2364,1441,923,2,136,264,526,912,524,0,46,108,292,658,337,2,90,156,234,254,187
2019,1,A,골목상권,1000394,불광천길,2324,1044,1280,8,344,495,557,580,340,6,165,230,237,232,174,2,179,265,320,348,166
2019,1,A,골목상권,1000393,갈현로7길,2720,1020,1700,4,388,592,683,705,348,1,126,237,279,225,152,3,262,355,404,480,196
2019,1,A,골목상권,1000392,갈현로41길,898,420,478,4,111,172,209,252,150,0,62,89,73,110,86,4,49,83,136,142,64
2019,1,A,골목상권,1000391,갈현로33길,1585,632,953,3,193,403,394,385,207,0,72,191,137,128,104,3,121,212,257,257,103
2019,1,A,골목상권,1000390,갈현로1길,1905,773,1132,1,236,414,505,458,291,0,49,164,209,186,165,1,187,250,296,272,126
2019,1,A,골목상권,1000389,가좌로7길,2464,1265,1199,5,229,401,622,711,496,2,76,163,265,397,362,3,153,238,357,314,134
2019,1,A,골목상권,1000388,한글비석로44길,2289,1158,1131,4,220,320,477,573,695,1,99,181,215,264,398,3,121,139,262,309,297
2019,1,A,골목상권,1000387,한글비석로24길,2538,1140,1398,4,263,379,626,738,528,0,103,214,284,308,231,4,160,165,342,430,297
2019,1,A,골목상권,1000386,한글비석로22길,2498,941,1557,6,264,426,601,697,504,1,90,194,229,225,202,5,174,232,372,472,302
2019,1,A,골목상권,1000385,석계로1길,2119,1100,1019,9,281,318,534,558,419,2,98,151,268,291,290,7,183,167,266,267,129
2019,1,A,골목상권,1000384,상계로9가길,3297,1204,2093,6,425,595,857,912,502,3,128,258,312,304,199,3,297,337,545,608,303
2019,1,A,골목상권,1000383,상계로1길,3131,1164,1967,29,556,582,725,810,429,12,204,256,250,256,186,17,352,326,475,554,243
2019,1,A,골목상권,1000382,상계로12길,3410,1385,2025,7,434,623,834,943,569,5,141,259,317,359,304,2,293,364,517,584,265
2019,1,A,골목상권,1000381,동일로242길,3250,1937,1313,14,274,482,686,711,1083,7,131,286,343,384,786,7,143,196,343,327,297
2019,1,A,골목상권,1000380,동일로192길,5554,3162,2392,20,537,871,1188,1271,1667,14,273,553,680,684,958,6,264,318,508,587,709
2019,1,A,골목상권,1000379,동일로173가길,8070,4082,3988,28,878,1346,1698,1963,2157,14,385,801,924,897,1061,14,493,545,774,1066,1096
2019,1,A,골목상권,1000378,공릉로58길,5242,2698,2544,17,1042,1325,1152,1165,541,13,387,625,621,697,355,4,655,700,531,468,186
2019,1,A,골목상권,1000377,해등로16길,4681,2265,2416,13,606,1145,1147,1197,573,9,189,548,560,637,322,4,417,597,587,560,251
2019,1,A,골목상권,1000376,우이천로4다길,1549,772,777,4,150,261,390,504,240,4,51,108,181,274,154,0,99,153,209,230,86
2019,1,A,골목상권,1000375,우이천로32길,1811,781,1030,3,341,406,450,406,205,0,80,177,211,177,136,3,261,229,239,229,69
2019,1,A,골목상권,1000374,시루봉로23길,3367,1869,1498,12,313,622,774,915,731,9,106,279,399,558,518,3,207,343,375,357,213
2019,1,A,골목상권,1000373,삼양로144길,1599,553,1046,5,291,294,404,404,201,1,48,117,163,131,93,4,243,177,241,273,108
2019,1,A,골목상권,1000372,방학로6가길,1759,701,1058,4,230,292,431,466,336,2,81,137,185,164,132,2,149,155,246,302,204
2019,1,A,골목상권,1000371,방학로5길,3573,1502,2071,16,506,678,827,893,653,10,160,334,351,339,308,6,346,344,476,554,345
2019,1,A,골목상권,1000370,방학로15길,1390,673,717,0,121,243,330,407,289,0,33,84,134,177,245,0,88,159,196,230,44
2019,1,A,골목상권,1000369,방학로10길,1790,701,1089,3,175,324,466,459,363,3,57,141,193,143,164,0,118,183,273,316,199
2019,1,A,골목상권,1000368,도봉산길,1632,1164,468,3,84,172,420,602,351,1,36,95,280,477,275,2,48,77,140,125,76
2019,1,A,골목상권,1000367,도봉산4길,1298,981,317,1,53,117,303,522,302,1,19,71,234,435,221,0,34,46,69,87,81
2019,1,A,골목상권,1000366,도봉로181길,1648,879,769,4,137,230,404,515,358,1,45,107,192,302,232,3,92,123,212,213,126
2019,1,A,골목상권,1000365,도봉로169나길,2020,1155,865,1,124,400,507,575,413,1,47,172,276,372,287,0,77,228,231,203,126
2019,1,A,골목상권,1000364,도봉로156길,2949,1620,1329,8,215,524,710,766,726,4,76,220,364,467,489,4,139,304,346,299,237
2019,1,A,골목상권,1000363,도봉로152가길,2537,1419,1118,2,184,491,610,649,601,1,64,215,341,411,387,1,120,276,269,238,214
2019,1,A,골목상권,1000362,도봉로147길,3136,1562,1574,13,425,590,698,857,553,5,180,338,365,413,261,8,245,252,333,444,292
2019,1,A,골목상권,1000361,도봉로143길,2700,1304,1396,9,323,490,667,751,460,5,129,278,344,341,207,4,194,212,323,410,253
2019,1,A,골목상권,1000360,도봉로114길,2887,1370,1517,12,478,607,682,734,374,8,163,264,320,373,242,4,315,343,362,361,132
2019,1,A,골목상권,1000359,도봉로109길,3434,1534,1900,12,739,747,797,773,366,8,207,310,363,401,245,4,532,437,434,372,121
2019,1,A,골목상권,1000358,도당로29길,3176,1657,1519,22,412,556,724,839,623,11,177,279,354,434,402,11,235,277,370,405,221
2019,1,A,골목상권,1000357,도당로19길,1087,507,580,5,116,174,308,300,184,3,44,90,151,135,84,2,72,84,157,165,100
2019,1,A,골목상권,1000356,도당로13바길,1296,550,746,0,141,261,370,338,186,0,55,126,161,116,92,0,86,135,209,222,94
2019,1,A,골목상권,1000355,도당로13가길,1155,497,658,0,134,196,313,306,206,0,52,105,138,114,88,0,82,91,175,192,118
2019,1,A,골목상권,1000354,덕릉로60길,1361,586,775,3,127,253,368,385,225,3,39,90,159,155,140,0,88,163,209,230,85
2019,1,A,골목상권,1000353,노해로63다길,3882,1946,1936,11,488,994,1019,963,407,6,153,459,501,553,274,5,335,535,518,410,133
2019,1,A,골목상권,1000352,노해로60길,2895,1380,1515,12,487,628,682,716,370,8,168,273,331,363,237,4,319,355,351,353,133
2019,1,A,골목상권,1000351,한천로140길,4166,2026,2140,11,449,955,1046,1142,563,9,146,421,498,627,325,2,303,534,548,515,238
2019,1,A,골목상권,1000350,한천로139가길,4968,2487,2481,23,609,1142,1139,1190,865,14,238,543,585,660,447,9,371,599,554,530,418
2019,1,A,골목상권,1000349,한천로132길,5259,2693,2566,18,594,1241,1262,1456,688,11,222,655,633,814,358,7,372,586,629,642,330
2019,1,A,골목상권,1000348,한천로130길,2136,973,1163,7,262,353,511,612,391,4,75,155,216,287,236,3,187,198,295,325,155
2019,1,A,골목상권,1000347,한천로124나길,2922,1580,1342,7,389,647,653,810,416,3,155,407,336,440,239,4,234,240,317,370,177
2019,1,A,골목상권,1000346,한천로109길,2011,978,1033,12,291,333,482,516,377,7,109,154,229,244,235,5,182,179,253,272,142
2019,1,A,골목상권,1000345,인수봉로79길,2164,973,1191,4,259,421,499,519,462,3,78,172,226,268,226,1,181,249,273,251,236
2019,1,A,골목상권,1000344,인수봉로72길,2235,873,1362,8,261,499,594,543,330,5,71,201,240,198,158,3,190,298,354,345,172
2019,1,A,골목상권,1000343,인수봉로56길,2547,1297,1250,1,240,447,659,806,394,0,67,215,359,433,223,1,173,232,300,373,171
2019,1,A,골목상권,1000342,오패산로67길,5765,3062,2703,20,798,1123,1273,1378,1173,9,309,661,693,745,645,11,489,462,580,633,528
2019,1,A,골목상권,1000341,오패산로52길,1088,430,658,4,142,259,299,297,87,3,42,90,116,130,49,1,100,169,183,167,38
2019,1,A,골목상권,1000340,오패산로30길,1465,634,831,5,169,304,421,317,249,2,68,139,168,121,136,3,101,165,253,196,113
2019,1,A,골목상권,1000339,수유로12길,5147,2380,2767,9,663,873,1143,1303,1156,3,195,418,525,594,645,6,468,455,618,709,511
2019,1,A,골목상권,1000338,솔샘로65길,3095,1422,1673,7,267,509,652,725,935,5,106,223,300,349,439,2,161,286,352,376,496
2019,1,A,골목상권,1000337,솔매로50길,3844,1621,2223,7,437,678,777,897,1048,4,147,273,344,380,473,3,290,405,433,517,575
2019,1,A,골목상권,1000336,솔매로45길,2636,1203,1433,6,365,538,616,612,499,4,114,209,285,284,307,2,251,329,331,328,192
2019,1,A,골목상권,1000335,솔매로41길,2274,1040,1234,6,317,452,558,537,404,4,107,175,252,237,265,2,210,277,306,300,139
2019,1,A,골목상권,1000334,삼양로93길,2326,1006,1320,3,251,486,573,642,371,1,68,216,246,260,215,2,183,270,327,382,156
2019,1,A,골목상권,1000333,삼양로77길,1442,503,939,1,171,321,410,362,177,0,46,108,122,125,102,1,125,213,288,237,75
2019,1,A,골목상권,1000332,삼양로54길,1522,653,869,6,163,289,392,418,254,6,48,128,165,177,129,0,115,161,227,241,125
2019,1,A,골목상권,1000331,삼양로41길,2162,849,1313,6,265,431,581,518,361,4,67,175,217,205,181,2,198,256,364,313,180
2019,1,A,골목상권,1000330,삼양로27길,1707,602,1105,7,250,398,495,342,215,4,70,136,152,128,112,3,180,262,343,214,103
2019,1,A,골목상권,1000329,삼양로24길,1806,839,967,6,215,364,485,424,312,4,70,156,204,204,201,2,145,208,281,220,111
2019,1,A,골목상권,1000328,삼양로20길,1114,440,674,3,161,262,328,276,84,2,49,93,116,122,58,1,112,169,212,154,26
2019,1,A,골목상권,1000327,삼각산로28길,6320,3220,3100,20,743,1237,1381,1567,1372,12,276,591,695,884,762,8,467,646,686,683,610
2019,1,A,골목상권,1000326,도봉로99길,2486,1084,1402,3,490,541,568,594,290,2,118,254,267,275,168,1,372,287,301,319,122
2019,1,A,골목상권,1000325,도봉로8길,2864,1160,1704,16,539,737,664,568,340,7,169,321,277,215,171,9,370,416,387,353,169
2019,1,A,골목상권,1000324,도봉로76길,5726,3093,2633,6,721,1145,1289,1398,1167,2,254,644,712,807,674,4,467,501,577,591,493
2019,1,A,골목상권,1000323,도봉로67길,2058,877,1181,2,278,414,519,503,342,2,76,156,217,226,200,0,202,258,302,277,142
2019,1,A,골목상권,1000322,도봉로45길,2875,1260,1615,7,387,618,688,725,450,5,125,245,296,302,287,2,262,373,392,423,163
2019,1,A,골목상권,1000321,도봉로18길,2885,1303,1582,11,237,435,632,669,901,8,96,186,278,322,413,3,141,249,354,347,488
2019,1,A,골목상권,1000320,도봉로13길,1557,607,950,8,246,298,403,394,208,3,55,106,162,173,108,5,191,192,241,221,100
2019,1,A,골목상권,1000319,덕릉로41길,7030,3606,3424,25,897,1536,1626,1848,1098,13,312,790,819,1058,614,12,585,746,807,790,484
2019,1,A,골목상권,1000318,덕릉로40길,2293,1460,833,6,206,291,540,834,416,5,104,158,327,581,285,1,102,133,213,253,131
2019,1,A,골목상권,1000317,노해로33길,1934,844,1090,3,316,350,497,504,264,1,70,172,247,211,143,2,246,178,250,293,121
2019,1,A,골목상권,1000316,노해로23길,1640,761,879,6,225,337,381,426,265,3,76,169,189,185,139,3,149,168,192,241,126
2019,1,A,골목상권,1000315,노해로17길,4792,2380,2412,17,522,1075,1140,1183,855,11,207,500,572,658,432,6,315,575,568,525,423
2019,1,A,골목상권,1000314,화랑로40길,3635,2270,1365,9,322,432,703,797,1372,2,115,222,374,470,1087,7,207,210,329,327,285
2019,1,A,골목상권,1000313,화랑로32길,2485,1116,1369,7,321,536,688,572,361,3,104,209,333,265,202,4,217,327,355,307,159
2019,1,A,골목상권,1000312,화랑로1길,4370,2308,2062,26,703,968,1154,997,522,4,274,543,645,569,273,22,429,425,509,428,249
2019,1,A,골목상권,1000311,화랑로19길,1967,978,989,5,238,447,587,444,246,1,94,216,288,205,174,4,144,231,299,239,72
2019,1,A,골목상권,1000310,화랑로14길,4281,2397,1884,7,1048,1198,890,723,415,1,503,758,502,381,252,6,545,440,388,342,163
2019,1,A,골목상권,1000309,화랑로13길,5057,2819,2238,7,1180,1334,1048,944,544,1,520,826,612,536,324,6,660,508,436,408,220
2019,1,A,골목상권,1000308,한천로76길,2008,1052,956,8,243,364,519,552,322,2,88,176,273,314,199,6,155,188,246,238,123
2019,1,A,골목상권,1000307,한천로101가길,1300,565,735,12,165,280,337,311,195,9,53,115,119,154,115,3,112,165,218,157,80
2019,1,A,골목상권,1000306,창경궁로43길,3313,1562,1751,34,520,787,898,704,370,15,144,335,416,420,232,19,376,452,482,284,138
2019,1,A,골목상권,1000305,지봉로20길,3415,1841,1574,7,391,565,664,681,1107,1,129,287,326,338,760,6,262,278,338,343,347
2019,1,A,골목상권,1000304,종암로5길,4981,2784,2197,4,706,1436,1297,1083,455,1,250,676,760,755,342,3,456,760,537,328,113
2019,1,A,골목상권,1000303,종암로24가길,2393,1261,1132,8,350,523,619,618,275,2,132,320,362,342,103,6,218,203,257,276,172
2019,1,A,골목상권,1000302,종암로21길,2678,1365,1313,9,345,582,715,685,342,3,127,336,392,375,132,6,218,246,323,310,210
2019,1,A,골목상권,1000301,종암로19길,1605,581,1024,7,262,297,394,384,261,2,79,123,166,119,92,5,183,174,228,265,169
2019,1,A,골목상권,1000300,종암로16길,1923,748,1175,7,313,388,495,460,260,2,91,151,197,169,138,5,222,237,298,291,122
2019,1,A,골목상권,1000299,정릉로8길,2471,1516,955,0,368,481,726,636,260,0,132,235,465,474,210,0,236,246,261,162,50
2019,1,A,골목상권,1000298,정릉로27길,2215,1060,1155,7,288,413,577,580,350,3,91,174,231,315,246,4,197,239,346,265,104
2019,1,A,골목상권,1000297,정릉로26길,1283,541,742,7,185,276,356,296,163,3,74,115,124,124,101,4,111,161,232,172,62
2019,1,A,골목상권,1000296,장위로50길,3081,1958,1123,3,238,332,506,679,1323,0,92,173,256,390,1047,3,146,159,250,289,276
2019,1,A,골목상권,1000295,장월로1길,4477,2498,1979,8,1110,1218,908,803,430,2,501,758,527,453,257,6,609,460,381,350,173
2019,1,A,골목상권,1000294,인촌로6길,3607,2015,1592,14,484,600,704,699,1106,3,167,309,380,378,778,11,317,291,324,321,328
2019,1,A,골목상권,1000293,인촌로5길,9127,4123,5004,23,1796,2543,2238,1903,624,9,435,970,1141,1186,382,14,1361,1573,1097,717,242
2019,1,A,골목상권,1000292,인촌로24길,9372,4693,4679,17,1723,2851,2377,1666,738,2,502,1224,1343,1094,528,15,1221,1627,1034,572,210
2019,1,A,골목상권,1000291,개운사길,8349,4109,4240,14,1610,2648,2076,1457,544,3,443,1112,1165,986,400,11,1167,1536,911,471,144
2019,1,A,골목상권,1000290,인촌로1길,6202,3133,3069,22,905,1487,1516,1546,726,10,342,662,767,945,407,12,563,825,749,601,319
2019,1,A,골목상권,1000289,인촌로17가길,5131,1988,3143,12,1298,1528,1231,823,239,3,232,527,608,464,154,9,1066,1001,623,359,85
2019,1,A,골목상권,1000288,오패산로4길,5981,3349,2632,11,1319,1537,1296,1137,681,2,583,952,763,663,386,9,736,585,533,474,295
2019,1,A,골목상권,1000287,오패산로3길,2879,1453,1426,14,449,651,733,630,402,1,175,330,390,333,224,13,274,321,343,297,178
2019,1,A,골목상권,1000286,오패산로19길,3311,1481,1830,17,612,839,842,640,361,3,223,402,399,263,191,14,389,437,443,377,170
2019,1,A,골목상권,1000285,안암로5길,4496,2418,2078,17,710,994,1110,936,729,3,270,536,634,527,448,14,440,458,476,409,281
2019,1,A,골목상권,1000284,아리랑로4길,3837,1662,2175,15,684,841,871,800,626,2,203,365,411,354,327,13,481,476,460,446,299
2019,1,A,골목상권,1000283,솔샘로6길,1472,827,645,3,174,236,381,418,260,2,65,107,204,260,189,1,109,129,177,158,71
2019,1,A,골목상권,1000282,성북로8길,2892,1262,1630,30,481,759,800,537,285,13,142,330,346,278,153,17,339,429,454,259,132
2019,1,A,골목상권,1000281,삼양로8길,3190,1134,2056,27,498,677,810,703,475,10,123,280,283,214,224,17,375,397,527,489,251
2019,1,A,골목상권,1000280,삼선교로16가길,1692,776,916,1,284,353,451,417,186,1,108,135,203,212,117,0,176,218,248,205,69
2019,1,A,골목상권,1000279,삼선교로10다길,1644,761,883,7,311,354,433,377,162,2,120,140,205,201,93,5,191,214,228,176,69
2019,1,A,골목상권,1000278,삼선교로10길,1906,749,1157,19,267,372,490,450,308,10,76,153,188,189,133,9,191,219,302,261,175
2019,1,A,골목상권,1000277,보문로32길,9280,4213,5067,21,1870,2612,2203,1905,669,8,464,1023,1118,1189,411,13,1406,1589,1085,716,258
2019,1,A,골목상권,1000276,보문로31길,6180,3087,3093,15,744,1392,1495,1670,864,7,277,617,753,972,461,8,467,775,742,698,403
2019,1,A,골목상권,1000275,보문로26길,6229,2500,3729,13,1477,1749,1460,1067,463,4,294,638,717,563,284,9,1183,1111,743,504,179
2019,1,A,골목상권,1000274,보문로13길,4013,2146,1867,11,446,677,785,779,1315,1,161,350,404,389,841,10,285,327,381,390,474
2019,1,A,골목상권,1000273,보국문로16길,2611,1421,1190,4,309,430,632,740,496,1,91,192,334,462,341,3,218,238,298,278,155
2019,1,A,골목상권,1000272,동소문로6길,2376,945,1431,30,335,554,663,473,321,15,93,232,244,213,148,15,242,322,419,260,173
2019,1,A,골목상권,1000271,동소문로2길,2298,1072,1226,18,347,480,578,507,368,9,114,263,275,236,175,9,233,217,303,271,193
2019,1,A,골목상권,1000270,동소문로26가길,7953,3130,4823,17,1867,2178,1789,1381,721,3,405,797,850,670,405,14,1462,1381,939,711,316
2019,1,A,골목상권,1000269,동소문로15길,5509,2336,3173,20,813,913,992,1091,1680,3,238,425,474,471,725,17,575,488,518,620,955
2019,1,A,골목상권,1000268,동소문로13길,6156,2666,3490,17,903,1103,1205,1187,1741,4,272,543,589,516,742,13,631,560,616,671,999
2019,1,A,골목상권,1000267,돌곶이로8길,1521,858,663,3,131,254,349,445,339,1,45,100,163,301,248,2,86,154,186,144,91
2019,1,A,골목상권,1000266,돌곶이로41길,770,354,416,6,114,143,195,180,132,5,37,67,79,84,82,1,77,76,116,96,50
2019,1,A,골목상권,1000265,돌곶이로28길,3461,2193,1268,4,318,435,604,746,1354,0,126,228,326,439,1074,4,192,207,278,307,280
2019,1,A,골목상권,1000264,돌곶이로27길,2485,1178,1307,7,288,545,661,614,370,0,95,231,330,286,236,7,193,314,331,328,134
2019,1,A,골목상권,1000263,돌곶이로22길,3157,1791,1366,5,307,456,577,608,1204,1,109,222,269,292,898,4,198,234,308,316,306
2019,1,A,골목상권,1000262,돌곶이로14길,1731,991,740,2,139,301,436,502,351,1,42,139,224,336,249,1,97,162,212,166,102
2019,1,A,골목상권,1000261,길음로7길,2018,744,1274,16,281,335,483,514,389,7,67,151,173,169,177,9,214,184,310,345,212
2019,1,A,골목상권,1000260,중랑천로10길,4843,3012,1831,20,677,1036,1328,1281,501,12,312,613,847,894,334,8,365,423,481,387,167
2019,1,A,골목상권,1000259,용마산로94길,2120,1216,904,3,252,328,524,614,399,1,96,145,286,399,289,2,156,183,238,215,110
2019,1,A,골목상권,1000258,용마산로118길,3028,1572,1456,4,401,513,720,787,603,0,120,216,323,461,452,4,281,297,397,326,151
2019,1,A,골목상권,1000257,용마산로112길,1987,1051,936,1,254,354,476,500,402,0,89,172,225,281,284,1,165,182,251,219,118
2019,1,A,골목상권,1000256,용마산로100길,1971,998,973,4,223,263,481,572,428,1,78,118,233,313,255,3,145,145,248,259,173
2019,1,A,골목상권,1000255,신내로7가길,2546,1005,1541,6,336,487,626,650,441,2,97,184,235,239,248,4,239,303,391,411,193
2019,1,A,골목상권,1000254,사가정로54길,2371,1300,1071,6,328,412,574,700,351,1,107,176,324,422,270,5,221,236,250,278,81
2019,1,A,골목상권,1000253,사가정로42길,1196,628,568,1,124,257,312,313,189,0,52,128,161,172,115,1,72,129,151,141,74
2019,1,A,골목상권,1000252,봉화산로56길,6060,3035,3025,13,596,1228,1497,1694,1032,8,186,509,664,967,701,5,410,719,833,727,331
2019,1,A,골목상권,1000251,봉화산로4길,1970,944,1026,3,187,363,556,523,338,3,69,181,270,219,202,0,118,182,286,304,136
2019,1,A,골목상권,1000250,봉화산로30길,2337,1157,1180,9,253,366,577,706,426,7,82,154,268,363,283,2,171,212,309,343,143
2019,1,A,골목상권,1000249,봉우재로33길,4722,2691,2031,15,631,1038,1229,1022,787,5,268,657,637,555,569,10,363,381,592,467,218
2019,1,A,골목상권,1000248,면목로78길,4247,2191,2056,13,538,998,1257,950,491,2,240,634,615,409,291,11,298,364,642,541,200
2019,1,A,골목상권,1000247,면목로56길,2652,1306,1346,5,344,483,708,798,314,2,97,208,375,438,186,3,247,275,333,360,128
2019,1,A,골목상권,1000246,면목로55길,2363,1189,1174,4,305,449,579,690,336,1,78,206,305,387,212,3,227,243,274,303,124
2019,1,A,골목상권,1000245,면목로49길,2816,1307,1509,7,423,582,717,739,348,1,104,235,368,390,209,6,319,347,349,349,139
2019,1,A,골목상권,1000244,면목로48길,2824,1327,1497,6,418,545,709,770,376,0,100,202,361,418,246,6,318,343,348,352,130
2019,1,A,골목상권,1000243,면목로45길,2737,1300,1437,9,436,567,686,693,346,1,112,223,371,379,214,8,324,344,315,314,132
2019,1,A,골목상권,1000242,면목로33길,1943,1136,807,1,198,318,498,675,253,0,73,150,278,458,177,1,125,168,220,217,76
2019,1,A,골목상권,1000241,면목로21길,1832,1100,732,2,208,280,464,605,273,0,79,130,274,436,181,2,129,150,190,169,92
2019,1,A,골목상권,1000240,망우로73길,2220,1176,1044,2,243,413,534,597,431,0,78,175,222,360,341,2,165,238,312,237,90
2019,1,A,골목상권,1000239,망우로68길,3300,1586,1714,15,385,571,760,893,676,3,102,241,351,450,439,12,283,330,409,443,237
2019,1,A,골목상권,1000238,동일로163길,2063,1013,1050,5,264,476,530,500,288,2,92,232,260,260,167,3,172,244,270,240,121
2019,1,A,골목상권,1000237,동일로157길,3871,1954,1917,7,482,757,874,850,901,2,166,368,418,406,594,5,316,389,456,444,307
2019,1,A,골목상권,1000236,동일로149길,2168,1179,989,3,233,365,455,451,661,2,88,177,230,224,458,1,145,188,225,227,203
2019,1,A,골목상권,1000235,동일로140길,3178,1565,1613,7,313,547,714,728,869,2,111,221,338,308,585,5,202,326,376,420,284
2019,1,A,골목상권,1000234,동일로139길,2631,1365,1266,6,242,410,571,584,818,4,89,193,296,248,535,2,153,217,275,336,283
2019,1,A,골목상권,1000233,동일로139가길,3257,1692,1565,10,330,544,740,753,880,6,120,253,384,344,585,4,210,291,356,409,295
2019,1,A,골목상권,1000232,동일로130길,2110,849,1261,3,228,374,586,598,321,1,70,147,235,218,178,2,158,227,351,380,143
2019,1,A,골목상권,1000231,동일로123길,3182,1650,1532,6,350,548,789,866,623,4,120,252,379,462,433,2,230,296,410,404,190
2019,1,A,골목상권,1000230,동일로112길,5932,3120,2812,20,862,1346,1629,1309,766,11,334,783,803,680,509,9,528,563,826,629,257
2019,1,A,골목상권,1000229,동일로101길,2256,1082,1174,4,239,413,593,613,394,3,75,182,280,294,248,1,164,231,313,319,146
2019,1,A,골목상권,1000228,동일로100길,4830,2650,2180,11,589,1098,1402,1117,613,4,262,684,712,570,418,7,327,414,690,547,195
2019,1,A,골목상권,1000227,답십리로75길,1786,1050,736,1,183,302,462,602,236,0,61,144,267,421,157,1,122,158,195,181,79
2019,1,A,골목상권,1000226,공릉로2길,2349,1119,1230,6,336,509,585,570,343,2,105,254,273,273,212,4,231,255,312,297,131
2019,1,A,골목상권,1000225,공릉로12가길,1893,785,1108,6,188,404,489,518,288,4,62,175,175,202,167,2,126,229,314,316,121
2019,1,A,골목상권,1000224,겸재로54길,2578,1140,1438,7,257,437,676,783,418,3,89,197,336,319,196,4,168,240,340,464,222
2019,1,A,골목상권,1000223,겸재로36길,2011,981,1030,7,223,338,485,595,363,3,63,162,215,289,249,4,160,176,270,306,114
2019,1,A,골목상권,1000222,겸재로29길,3936,2105,1831,13,514,931,1150,878,450,3,224,590,552,427,309,10,290,341,598,451,141
2019,1,A,골목상권,1000221,휘경로3길,2621,1375,1246,8,285,567,780,672,309,5,95,267,399,413,196,3,190,300,381,259,113
2019,1,A,골목상권,1000220,휘경로2길,2451,1315,1136,6,266,554,713,627,285,4,86,276,377,393,179,2,180,278,336,234,106
2019,1,A,골목상권,1000219,휘경로23길,576,254,322,2,71,114,168,134,87,1,29,42,71,61,50,1,42,72,97,73,37
2019,1,A,골목상권,1000218,휘경로14길,1532,758,774,6,223,271,338,290,404,4,91,143,163,122,235,2,132,128,175,168,169
2019,1,A,골목상권,1000217,한천로46길,2993,1685,1308,4,426,672,831,670,390,3,233,379,446,362,262,1,193,293,385,308,128
2019,1,A,골목상권,1000216,한천로40길,3836,2036,1800,4,524,746,948,980,634,1,276,447,504,470,338,3,248,299,444,510,296
2019,1,A,골목상권,1000215,한천로33길,1948,868,1080,2,214,364,511,564,293,0,90,187,221,238,132,2,124,177,290,326,161
2019,1,A,골목상권,1000214,한천로14길,8920,5286,3634,25,1160,1871,2081,1899,1884,12,529,1109,1304,1094,1238,13,631,762,777,805,646
2019,1,A,골목상권,1000213,천호대로97길,5759,3635,2124,15,685,1346,1343,1250,1120,5,373,888,807,747,815,10,312,458,536,503,305
2019,1,A,골목상권,1000212,천호대로77길,14144,8768,5376,68,2445,3069,2902,2718,2942,22,1211,1991,1888,1653,2003,46,1234,1078,1014,1065,939
2019,1,A,골목상권,1000211,천호대로45길,4559,2481,2078,4,563,1084,1183,1215,510,3,258,568,582,733,337,1,305,516,601,482,173
2019,1,A,골목상권,1000210,천호대로17길,8745,5262,3483,21,1621,2559,2074,1394,1076,3,674,1508,1380,935,762,18,947,1051,694,459,314
2019,1,A,골목상권,1000209,천호대로12길,13309,6843,6466,22,1792,3639,4178,2715,963,4,761,2143,2116,1251,568,18,1031,1496,2062,1464,395
2019,1,A,골목상권,1000208,천장산로7길,7698,3577,4121,4,1272,2142,2052,1629,599,1,309,828,1008,963,468,3,963,1314,1044,666,131
2019,1,A,골목상권,1000207,제기로5길,4836,2844,1992,3,569,1337,1337,1084,506,1,220,673,807,780,363,2,349,664,530,304,143
2019,1,A,골목상권,1000206,제기로21길,2569,1437,1132,2,371,682,560,606,348,2,170,421,327,335,182,0,201,261,233,271,166
2019,1,A,골목상권,1000205,전농로4길,23971,19834,4137,48,2445,4148,7665,7947,1718,37,1648,3153,6574,7051,1371,11,797,995,1091,896,347
2019,1,A,골목상권,1000204,전농로3길,3199,1446,1753,16,455,591,859,763,515,10,194,298,351,313,280,6,261,293,508,450,235
2019,1,A,골목상권,1000203,전농로29길,3197,1676,1521,3,385,804,862,780,363,2,147,343,484,455,245,1,238,461,378,325,118
2019,1,A,골목상권,1000202,장한로8길,10101,6207,3894,45,1355,2363,2390,2058,1890,22,641,1476,1441,1217,1410,23,714,887,949,841,480
2019,1,A,골목상권,1000201,장한로5길,9893,5857,4036,38,1213,1997,2230,2114,2301,20,558,1169,1362,1206,1542,18,655,828,868,908,759
2019,1,A,골목상권,1000200,장한로27길,4746,2111,2635,37,740,1000,1204,1094,671,9,254,464,557,473,354,28,486,536,647,621,317
2019,1,A,골목상권,1000199,장한로27가길,4908,2084,2824,22,704,958,1248,1242,734,5,228,433,547,510,361,17,476,525,701,732,373
2019,1,A,골목상권,1000198,장한로26길,3575,1555,2020,36,560,795,930,768,486,12,172,331,425,349,266,24,388,464,505,419,220
2019,1,A,골목상권,1000197,장한로26가길,5253,2648,2605,34,781,1208,1351,1160,719,11,274,611,719,574,459,23,507,597,632,586,260
2019,1,A,골목상권,1000196,장한로25길,4491,2146,2345,39,747,985,1147,978,595,13,277,477,579,465,335,26,470,508,568,513,260
2019,1,A,골목상권,1000195,장한로14길,4576,2686,1890,4,585,1100,1192,1072,623,3,231,623,725,631,473,1,354,477,467,441,150
2019,1,A,골목상권,1000194,이문로42길,1669,735,934,2,199,349,450,416,253,1,42,128,209,197,158,1,157,221,241,219,95
2019,1,A,골목상권,1000193,왕산로43길,4248,2262,1986,41,822,966,924,908,587,20,393,549,507,452,341,21,429,417,417,456,246
2019,1,A,골목상권,1000192,왕산로33길,2317,1334,983,5,294,419,524,556,519,5,129,235,334,288,343,0,165,184,190,268,176
2019,1,A,골목상권,1000191,왕산로32길,4345,2356,1989,4,523,1013,1100,1161,544,3,233,514,541,704,361,1,290,499,559,457,183
2019,1,A,골목상권,1000190,약령시로17길,3310,1960,1350,6,341,710,801,854,598,5,194,475,501,449,336,1,147,235,300,405,262
2019,1,A,골목상권,1000189,서울시립대로4길,2273,1232,1041,2,324,477,603,515,352,0,142,262,316,286,226,2,182,215,287,229,126
2019,1,A,골목상권,1000188,서울시립대로29길,3731,1932,1799,21,536,932,909,888,445,12,200,404,496,508,312,9,336,528,413,380,133
2019,1,A,골목상권,1000187,서울시립대로16길,1728,798,930,6,235,398,474,415,200,3,86,184,237,191,97,3,149,214,237,224,103
2019,1,A,골목상권,1000186,사가정로2길,5175,2731,2444,13,811,1209,1304,1067,771,4,364,666,662,523,512,9,447,543,642,544,259
2019,1,A,골목상권,1000185,사가정로23가길,3672,1950,1722,3,464,745,988,948,524,2,248,409,514,477,300,1,216,336,474,471,224
2019,1,A,골목상권,1000184,사가정로13길,3283,1574,1709,2,392,840,848,816,385,1,114,326,413,446,274,1,278,514,435,370,111
2019,1,A,골목상권,1000183,무학로45길,4590,2493,2097,9,878,1240,1109,772,582,1,356,625,649,459,403,8,522,615,460,313,179
2019,1,A,골목상권,1000182,무학로16길,11118,7623,3495,31,1445,2642,2724,2843,1433,14,755,1780,2100,2024,950,17,690,862,624,819,483
2019,1,A,골목상권,1000181,망우로21길,2322,1097,1225,23,426,492,525,410,446,10,134,240,262,188,263,13,292,252,263,222,183
2019,1,A,골목상권,1000180,망우로18길,4680,2159,2521,22,856,1112,1033,1007,650,9,233,474,526,510,407,13,623,638,507,497,243
2019,1,A,골목상권,1000179,망우로18가길,4261,1925,2336,22,798,1038,942,925,536,9,205,427,469,460,355,13,593,611,473,465,181
2019,1,A,골목상권,1000178,답십리로72길,4321,2270,2051,23,609,960,1099,954,676,8,216,486,590,515,455,15,393,474,509,439,221
2019,1,A,골목상권,1000177,답십리로69길,4317,2181,2136,14,676,924,1072,1019,612,6,300,465,549,500,361,8,376,459,523,519,251
2019,1,A,골목상권,1000176,답십리로68길,5672,2942,2730,31,906,1316,1450,1214,755,10,352,692,814,616,458,21,554,624,636,598,297
2019,1,A,골목상권,1000175,답십리로64길,4598,2433,2165,14,668,1007,1172,1038,699,4,286,545,649,544,405,10,382,462,523,494,294
2019,1,A,골목상권,1000174,답십리로63길,3256,1438,1818,13,448,617,787,869,522,4,159,323,358,369,225,9,289,294,429,500,297
2019,1,A,골목상권,1000173,답십리로60길,3461,2098,1363,4,442,747,887,818,563,2,257,459,552,467,361,2,185,288,335,351,202
2019,1,A,골목상권,1000172,답십리로56길,2046,1042,1004,9,269,423,523,508,314,8,109,224,280,238,183,1,160,199,243,270,131
2019,1,A,골목상권,1000171,답십리로23길,1192,577,615,4,184,217,333,274,180,1,81,103,174,134,84,3,103,114,159,140,96
2019,1,A,골목상권,1000170,난계로30길,15058,7007,8051,73,1851,3194,4074,3378,2488,50,726,1691,1791,1401,1348,23,1125,1503,2283,1977,1140
2019,1,A,골목상권,1000169,경희대로4길,7141,3071,4070,10,1333,1986,1740,1405,667,2,371,818,787,681,412,8,962,1168,953,724,255
2019,1,A,골목상권,1000168,경희대로3길,4651,1905,2746,10,1129,1412,943,801,356,4,348,663,391,321,178,6,781,749,552,480,178
2019,1,A,골목상권,1000167,천호대로129길,3585,1748,1837,30,476,780,808,864,627,11,198,378,407,395,359,19,278,402,401,469,268
2019,1,A,골목상권,1000166,천호대로123길,4838,2376,2462,17,618,1052,1192,1165,794,6,247,510,574,549,490,11,371,542,618,616,304
2019,1,A,골목상권,1000165,천호대로109길,5742,3224,2518,12,841,1399,1527,1218,745,5,380,783,890,693,473,7,461,616,637,525,272
2019,1,A,골목상권,1000164,자양번영로3길,1786,798,988,4,158,346,505,471,302,3,58,153,211,194,179,1,100,193,294,277,123
2019,1,A,골목상권,1000163,자양로53길,2807,1348,1459,6,317,456,660,787,581,2,115,230,302,353,346,4,202,226,358,434,235
2019,1,A,골목상권,1000162,자양로50길,2824,1318,1506,31,391,656,697,678,371,13,148,308,336,315,198,18,243,348,361,363,173
2019,1,A,골목상권,1000161,자양로45길,4330,2058,2272,28,540,850,1044,1112,756,10,217,410,497,500,424,18,323,440,547,612,332
2019,1,A,골목상권,1000160,자양로26길,5263,3393,1870,4,557,1228,1457,1408,609,3,268,773,987,1009,353,1,289,455,470,399,256
2019,1,A,골목상권,1000159,자양로15길,12753,7413,5340,34,1862,2861,3212,3261,1523,12,587,1340,2074,2239,1161,22,1275,1521,1138,1022,362
2019,1,A,골목상권,1000158,자양로11길,8047,5016,3031,25,960,1518,2091,2086,1367,7,377,871,1429,1350,982,18,583,647,662,736,385
2019,1,A,골목상권,1000157,용마산로3길,5244,2657,2587,9,757,1147,1282,1167,882,3,322,585,648,567,532,6,435,562,634,600,350
2019,1,A,골목상권,1000156,용마산로21길,4152,1889,2263,8,399,851,1052,1145,697,3,119,382,513,517,355,5,280,469,539,628,342
2019,1,A,골목상권,1000155,아차산로78길,4443,2376,2067,17,775,1084,1058,898,611,11,261,553,652,483,416,6,514,531,406,415,195
2019,1,A,골목상권,1000154,아차산로65길,4259,2000,2259,22,581,769,831,984,1072,12,209,372,416,456,535,10,372,397,415,528,537
2019,1,A,골목상권,1000153,아차산로55길,8966,5216,3750,11,681,1560,2669,2939,1106,6,335,948,1677,1577,673,5,346,612,992,1362,433
2019,1,A,골목상권,1000152,아차산로51길,12146,7228,4918,24,1574,2892,3258,3188,1210,10,535,1456,2134,2241,852,14,1039,1436,1124,947,358
2019,1,A,골목상권,1000151,아차산로40길,8136,4004,4132,21,1452,2198,1815,1572,1078,8,451,915,942,888,800,13,1001,1283,873,684,278
2019,1,A,골목상권,1000150,면목로17길,2393,1489,904,1,241,395,585,764,407,0,97,212,342,545,293,1,144,183,243,219,114
2019,1,A,골목상권,1000149,뚝섬로64길,4295,2893,1402,8,346,727,1259,1445,510,3,179,458,938,958,357,5,167,269,321,487,153
2019,1,A,골목상권,1000148,뚝섬로58길,4580,3064,1516,8,348,785,1323,1507,609,3,184,494,967,1003,413,5,164,291,356,504,196
2019,1,A,골목상권,1000147,뚝섬로54길,1566,705,861,1,131,307,404,406,317,0,50,140,161,167,187,1,81,167,243,239,130
2019,1,A,골목상권,1000146,뚝섬로48길,2118,939,1179,6,284,450,572,511,295,3,102,204,243,216,171,3,182,246,329,295,124
2019,1,A,골목상권,1000145,뚝섬로24길,1520,917,603,1,198,295,363,345,318,0,87,198,207,196,229,1,111,97,156,149,89
2019,1,A,골목상권,1000144,뚝섬로23길,3273,1739,1534,22,632,793,773,630,423,10,283,447,402,314,283,12,349,346,371,316,140
2019,1,A,골목상권,1000143,동일로24길,7166,4501,2665,48,1600,1861,1558,1267,832,26,925,1297,1030,676,547,22,675,564,528,591,285
2019,1,A,골목상권,1000142,동일로18길,9072,5783,3289,55,1871,2302,2032,1747,1065,36,1069,1578,1337,1045,718,19,802,724,695,702,347
2019,1,A,골목상권,1000141,능동로4길,1603,719,884,8,178,319,439,399,260,4,56,134,183,172,170,4,122,185,256,227,90
2019,1,A,골목상권,1000140,능동로3길,1612,789,823,6,230,307,397,374,298,2,71,153,182,179,202,4,159,154,215,195,96
2019,1,A,골목상권,1000139,능동로34길,8033,3684,4349,30,1480,1791,1817,1789,1126,12,623,879,844,698,628,18,857,912,973,1091,498
2019,1,A,골목상권,1000138,능동로19길,5593,2554,3039,24,1293,1595,1248,970,463,10,400,663,656,497,328,14,893,932,592,473,135
2019,1,A,골목상권,1000137,능동로13길,9580,4943,4637,74,2470,2817,2028,1434,757,34,1031,1568,1118,683,509,40,1439,1249,910,751,248
2019,1,A,골목상권,1000136,긴고랑로9길,3214,1328,1886,7,344,668,797,848,550,2,101,291,338,338,258,5,243,377,459,510,292
2019,1,A,골목상권,1000135,긴고랑로8길,3969,2085,1884,12,414,798,936,969,840,6,152,469,523,481,454,6,262,329,413,488,386
2019,1,A,골목상권,1000134,긴고랑로7길,3329,1658,1671,9,357,656,753,846,708,4,114,353,351,413,423,5,243,303,402,433,285
2019,1,A,골목상권,1000133,긴고랑로20길,3797,1708,2089,6,383,682,1023,1047,656,3,119,337,481,460,308,3,264,345,542,587,348
2019,1,A,골목상권,1000132,광나루로52길,10178,5587,4591,29,918,1678,2666,3263,1624,17,430,1005,1622,1656,857,12,488,673,1044,1607,767
2019,1,A,골목상권,1000131,광나루로40길,2184,1056,1128,0,244,416,566,586,372,0,66,187,295,309,199,0,178,229,271,277,173
2019,1,A,골목상권,1000130,광나루로37길,2418,1239,1179,9,306,475,546,651,431,3,94,213,282,357,290,6,212,262,264,294,141
2019,1,A,골목상권,1000129,광나루로36길,3597,2179,1418,7,483,906,837,856,508,3,205,576,526,553,316,4,278,330,311,303,192
2019,1,A,골목상권,1000128,광나루로24길,4327,1851,2476,21,1095,1352,955,659,245,8,307,529,491,350,166,13,788,823,464,309,79
2019,1,A,골목상권,1000127,광나루로12길,6290,3755,2535,50,1396,1682,1361,1110,691,28,722,1148,805,579,473,22,674,534,556,531,218
2019,1,A,골목상권,1000126,한림말길,1861,808,1053,7,392,433,446,351,232,2,139,188,182,154,143,5,253,245,264,197,89
2019,1,A,골목상권,1000125,한림말3길,1364,561,803,7,266,316,335,291,149,2,98,128,125,121,87,5,168,188,210,170,62
2019,1,A,골목상권,1000124,청계천로10나길,12953,8082,4871,17,1336,2807,3183,3842,1768,15,684,1725,2046,2483,1129,2,652,1082,1137,1359,639
2019,1,A,골목상권,1000123,장터길,1171,436,735,6,178,286,258,262,181,2,46,107,100,88,93,4,132,179,158,174,88
2019,1,A,골목상권,1000122,용답중앙길,4577,2409,2168,12,686,1078,1115,959,727,5,325,588,571,449,471,7,361,490,544,510,256
2019,1,A,골목상권,1000121,용답29길,25249,20572,4677,69,2581,4298,8129,8301,1871,43,1685,3209,6855,7286,1494,26,896,1089,1274,1015,377
2019,1,A,골목상권,1000120,왕십리로6길,30716,16912,13804,189,7527,9480,7021,4617,1882,87,3335,5817,4243,2172,1258,102,4192,3663,2778,2445,624
2019,1,A,골목상권,1000119,왕십리로31길,4770,2307,2463,12,749,1084,1065,1056,804,4,253,530,591,524,405,8,496,554,474,532,399
2019,1,A,골목상권,1000118,왕십리로26길,11724,6200,5524,52,2001,2685,2868,2620,1498,23,724,1361,1622,1596,874,29,1277,1324,1246,1024,624
2019,1,A,골목상권,1000117,왕십리로21길,2947,1227,1720,13,509,647,748,688,342,7,162,244,297,312,205,6,347,403,451,376,137
2019,1,A,골목상권,1000116,왕십리로14길,16569,9869,6700,51,3733,5344,3632,2311,1498,20,1479,3264,2430,1580,1096,31,2254,2080,1202,731,402
2019,1,A,골목상권,1000115,아차산로5길,33395,18340,15055,189,8114,10128,7863,4980,2121,83,3611,6135,4649,2441,1421,106,4503,3993,3214,2539,700
2019,1,A,골목상권,1000114,아차산로15길,25047,15338,9709,146,5145,6532,5779,4763,2682,89,2660,4367,3727,2708,1787,57,2485,2165,2052,2055,895
2019,1,A,골목상권,1000113,아차산로11길,30097,18222,11875,167,6224,7926,7168,5523,3089,91,2943,5061,4646,3364,2117,76,3281,2865,2522,2159,972
2019,1,A,골목상권,1000112,송정4가길,12547,7636,4911,76,2571,3521,2923,2180,1276,42,1225,2252,1787,1351,979,34,1346,1269,1136,829,297
2019,1,A,골목상권,1000111,송정12라길,1465,717,748,1,194,332,358,325,255,1,89,177,170,131,149,0,105,155,188,194,106
2019,1,A,골목상권,1000110,성수일로6길,44749,24947,19802,280,10837,13298,10255,6783,3296,129,4912,8156,6300,3459,1991,151,5925,5142,3955,3324,1305
2019,1,A,골목상권,1000109,성수이로7길,57714,26163,31551,291,11321,14432,15766,13805,2099,180,6315,9826,6358,2351,1133,111,5006,4606,9408,11454,966
2019,1,A,골목상권,1000108,성수이로18길,27076,16677,10399,112,5358,7026,6464,5114,3002,69,2758,4629,4301,3036,1884,43,2600,2397,2163,2078,1118
2019,1,A,골목상권,1000107,성덕정길,35179,14361,20818,154,5236,8090,10776,10308,615,113,3418,5848,3468,1108,406,41,1818,2242,7308,9200,209
2019,1,A,골목상권,1000106,성덕정17길,37415,15718,21697,144,5760,8639,11381,10621,870,105,3648,6196,3891,1305,573,39,2112,2443,7490,9316,297
2019,1,A,골목상권,1000105,서울숲2길,7418,4488,2930,36,1468,2107,1789,1246,772,17,609,1246,1185,828,603,19,859,861,604,418,169
2019,1,A,골목상권,1000104,상원길,30123,16326,13797,161,7246,9398,7041,4520,1757,71,3220,5726,4113,2072,1124,90,4026,3672,2928,2448,633
2019,1,A,골목상권,1000103,상원12길,15431,9227,6204,48,3566,5142,3402,2019,1254,21,1410,3163,2300,1406,927,27,2156,1979,1102,613,327
2019,1,A,골목상권,1000102,사근동길,7462,3626,3836,7,1642,1742,2013,1498,560,6,483,779,996,929,433,1,1159,963,1017,569,127
2019,1,A,골목상권,1000101,무학봉길,1475,593,882,5,202,313,413,332,210,4,63,118,163,125,120,1,139,195,250,207,90
2019,1,A,골목상권,1000100,무학봉28길,6826,3496,3330,28,1401,1603,1605,1300,889,13,470,817,879,788,529,15,931,786,726,512,360
2019,1,A,골목상권,1000099,무학로6길,9261,5075,4186,42,1540,1960,2199,2161,1359,21,570,1054,1328,1306,796,21,970,906,871,855,563
2019,1,A,골목상권,1000098,무수막길,1218,473,745,3,159,269,297,298,192,1,45,99,108,113,107,2,114,170,189,185,85
2019,1,A,골목상권,1000097,매봉길,1764,750,1014,7,302,458,399,352,246,1,90,200,182,144,133,6,212,258,217,208,113
2019,1,A,골목상권,1000096,마조로1길,11138,5745,5393,30,2135,2551,2964,2501,957,16,671,1146,1550,1659,703,14,1464,1405,1414,842,254
2019,1,A,골목상권,1000095,마조로16길,2806,1716,1090,4,256,576,712,773,485,2,123,324,421,460,386,2,133,252,291,313,99
2019,1,A,골목상권,1000094,마장로39길,3070,1982,1088,4,296,649,814,812,495,2,174,415,526,504,361,2,122,234,288,308,134
2019,1,A,골목상권,1000093,마장로27길,12883,8078,4805,41,1319,2688,3256,3740,1839,25,655,1601,2122,2462,1213,16,664,1087,1134,1278,626
2019,1,A,골목상권,1000092,뚝섬로5길,58712,26727,31985,310,12025,15595,15788,13415,1579,185,6584,10421,6338,2224,975,125,5441,5174,9450,11191,604
2019,1,A,골목상권,1000091,둘레9길,33878,13431,20447,148,4970,7599,10503,10107,551,107,3280,5518,3262,936,328,41,1690,2081,7241,9171,223
2019,1,A,골목상권,1000090,금호산길,1669,663,1006,6,238,392,391,392,250,1,59,154,152,168,129,5,179,238,239,224,121
2019,1,A,골목상권,1000089,금호산2길,1570,613,957,5,237,339,373,335,281,2,67,144,143,110,147,3,170,195,230,225,134
2019,1,A,골목상권,1000088,고산자로6길,9931,4828,5103,31,2123,2244,2560,2022,951,15,663,998,1270,1191,691,16,1460,1246,1290,831,260
2019,1,A,골목상권,1000087,후암로28길,6036,2917,3119,14,549,1050,2071,1792,560,5,199,535,970,903,305,9,350,515,1101,889,255
2019,1,A,골목상권,1000086,효창원로39길,1974,1034,940,2,195,422,558,418,379,0,74,223,311,199,227,2,121,199,247,219,152
2019,1,A,골목상권,1000085,회나무로13길,4972,2552,2420,18,593,926,1531,1180,724,10,289,509,631,667,446,8,304,417,900,513,278
2019,1,A,골목상권,1000084,한남대로20길,8040,4195,3845,26,2044,2534,1784,1082,570,17,744,1410,1039,638,347,9,1300,1124,745,444,223
2019,1,A,골목상권,1000083,한강대로88길,6640,3400,3240,67,1196,1479,1988,1372,538,34,496,782,897,814,377,33,700,697,1091,558,161
2019,1,A,골목상권,1000082,한강대로7길,22178,14586,7592,175,7619,7224,4586,1809,765,59,3593,4993,3891,1542,508,116,4026,2231,695,267,257
2019,1,A,골목상권,1000081,한강대로62길,11320,7804,3516,18,1119,2701,3434,2843,1205,9,528,1756,2602,2074,835,9,591,945,832,769,370
2019,1,A,골목상권,1000080,한강대로52길,33148,15409,17739,156,8109,11311,8284,3869,1419,57,2609,5056,4208,2510,969,99,5500,6255,4076,1359,450
2019,1,A,골목상권,1000079,한강대로43길,46231,23060,23171,366,13928,15679,10347,4148,1763,147,5239,8005,5823,2673,1173,219,8689,7674,4524,1475,590
2019,1,A,골목상권,1000078,한강대로15길,23870,15623,8247,163,7751,7577,4924,2288,1167,56,3645,5177,4094,1809,842,107,4106,2400,830,479,325
2019,1,A,골목상권,1000077,한강대로104길,54025,30252,23773,373,15429,17796,13177,5206,2044,97,5492,10895,9348,3075,1345,276,9937,6901,3829,2131,699
2019,1,A,골목상권,1000076,청파로73길,7644,4456,3188,31,1002,1638,1413,1727,1833,16,371,804,856,958,1451,15,631,834,557,769,382
2019,1,A,골목상권,1000075,청파로71길,10077,4734,5343,31,1495,2351,2140,2378,1682,20,468,1075,1115,963,1093,11,1027,1276,1025,1415,589
2019,1,A,골목상권,1000074,청파로47나길,8965,4855,4110,34,1539,2276,1991,1741,1384,22,536,1105,1184,945,1063,12,1003,1171,807,796,321
2019,1,A,골목상권,1000073,청파로47길,14567,7529,7038,699,5228,4041,2376,1556,667,297,2352,2257,1312,871,440,402,2876,1784,1064,685,227
2019,1,A,골목상권,1000072,장문로45길,1171,625,546,2,144,232,307,281,205,1,55,116,166,151,136,1,89,116,141,130,69
2019,1,A,골목상권,1000071,이태원로54길,10780,5518,5262,43,3019,3762,2274,1141,541,20,1141,1992,1406,676,283,23,1878,1770,868,465,258
2019,1,A,골목상권,1000070,이태원로27길,9790,5390,4400,46,2341,3086,2007,1462,848,20,1163,1666,1166,910,465,26,1178,1420,841,552,383
2019,1,A,골목상권,1000069,이촌로22길,9172,4945,4227,157,4630,2029,1330,628,398,53,1950,1221,1064,480,177,104,2680,808,266,148,221
2019,1,A,골목상권,1000068,원효로89길,26676,12967,13709,784,8518,8620,5543,2365,846,316,3717,4384,2748,1292,510,468,4801,4236,2795,1073,336
2019,1,A,골목상권,1000067,원효로53길,10081,6777,3304,80,1476,3196,2835,1465,1029,52,884,2300,1965,928,648,28,592,896,870,537,381
2019,1,A,골목상권,1000066,원효로41길,15765,9646,6119,206,5614,4276,3307,1554,808,92,2549,2850,2510,1136,509,114,3065,1426,797,418,299
2019,1,A,골목상권,1000065,원효로19길,16922,10437,6485,198,5695,4451,3446,1783,1349,88,2589,2971,2631,1290,868,110,3106,1480,815,493,481
2019,1,A,골목상권,1000064,우사단로4길,1300,746,554,1,214,311,329,252,193,0,97,182,181,156,130,1,117,129,148,96,63
2019,1,A,골목상권,1000063,우사단로14길,5927,3273,2654,26,1458,2177,1259,627,380,10,706,1219,786,356,196,16,752,958,473,271,184
2019,1,A,골목상권,1000062,우사단로10길,6345,2934,3411,17,1490,2044,1493,836,465,6,436,957,831,465,239,11,1054,1087,662,371,226
2019,1,A,골목상권,1000061,신흥로20길,5222,2507,2715,10,490,883,1783,1596,460,4,187,444,812,816,244,6,303,439,971,780,216
2019,1,A,골목상권,1000060,소월로20길,3753,1828,1925,9,342,630,1450,1022,300,3,158,309,610,576,172,6,184,321,840,446,128
2019,1,A,골목상권,1000059,서빙고로71길,3589,1918,1671,9,721,1093,972,570,224,0,245,521,590,390,172,9,476,572,382,180,52
2019,1,A,골목상권,1000058,백범로90길,21952,10470,11482,756,7268,6584,4148,2153,1043,313,3177,3327,1971,1103,579,443,4091,3257,2177,1050,464
2019,1,A,골목상권,1000057,백범로79길,13752,5689,8063,98,3429,4426,3154,1686,959,33,1294,1846,1222,774,520,65,2135,2580,1932,912,439
2019,1,A,골목상권,1000056,두텁바위로1길,12369,6375,5994,82,1748,2545,3403,3113,1478,40,761,1481,1794,1445,854,42,987,1064,1609,1668,624
2019,1,A,골목상권,1000055,대사관로34길,5556,2861,2695,21,1318,1504,1250,941,522,10,485,829,696,531,310,11,833,675,554,410,212
2019,1,A,골목상권,1000054,녹사평대로46길,4204,2064,2140,14,580,831,1428,1048,303,5,277,442,553,577,210,9,303,389,875,471,93
2019,1,A,골목상권,1000053,녹사평대로40나길,6792,3472,3320,25,1152,1479,1984,1615,537,9,595,760,815,969,324,16,557,719,1169,646,213
2019,1,A,골목상권,1000052,녹사평대로32길,5325,2986,2339,28,1288,1542,1048,919,500,13,703,855,544,583,288,15,585,687,504,336,212
2019,1,A,골목상권,1000051,녹사평대로26길,7264,4027,3237,34,1610,2014,1613,1348,645,13,767,1042,902,895,408,21,843,972,711,453,237
2019,1,A,골목상권,1000050,녹사평대로11길,2747,1471,1276,4,451,847,854,467,124,0,137,402,530,313,89,4,314,445,324,154,35
2019,1,A,골목상권,1000049,퇴계로90길,5017,2619,2398,17,836,1242,1136,1108,678,4,361,664,630,566,394,13,475,578,506,542,284
2019,1,A,골목상권,1000048,퇴계로8길,50117,29933,20184,172,7446,17873,16120,7026,1480,44,3142,10045,10344,5370,988,128,4304,7828,5776,1656,492
2019,1,A,골목상권,1000047,퇴계로56길,30673,15330,15343,134,6878,8290,7158,5853,2360,41,3518,5058,3927,1941,845,93,3360,3232,3231,3912,1515
2019,1,A,골목상권,1000046,퇴계로46길,13011,7574,5437,50,1857,3346,3560,2724,1474,24,707,1759,2198,1842,1044,26,1150,1587,1362,882,430
2019,1,A,골목상권,1000045,퇴계로18길,36728,15290,21438,112,6361,12640,10809,5454,1352,35,1904,5076,4316,3189,770,77,4457,7564,6493,2265,582
2019,1,A,골목상권,1000044,퇴계로12길,27804,13761,14043,98,4461,9678,8145,4306,1116,39,1497,4410,4018,3095,702,59,2964,5268,4127,1211,414
2019,1,A,골목상권,1000043,청구로1길,4470,2410,2060,13,1096,1320,986,693,362,6,431,816,596,358,203,7,665,504,390,335,159
2019,1,A,골목상권,1000042,청구로17길,13278,6709,6569,74,4024,3708,2549,1866,1057,32,1533,2038,1559,952,595,42,2491,1670,990,914,462
2019,1,A,골목상권,1000041,장충단로8길,8955,5290,3665,22,1837,2602,2132,1562,800,4,745,1535,1443,1027,536,18,1092,1067,689,535,264
2019,1,A,골목상권,1000040,삼일대로4길,75486,37420,38066,858,16309,23343,20094,10289,4593,370,6478,10754,10646,6268,2904,488,9831,12589,9448,4021,1689
2019,1,A,골목상권,1000039,명동길,159325,79755,79570,780,39434,52745,38177,20502,7687,276,14570,24756,22083,13428,4642,504,24864,27989,16094,7074,3045
2019,1,A,골목상권,1000038,동호로8길,7383,3315,4068,72,2086,1808,1382,1174,861,32,714,853,717,519,480,40,1372,955,665,655,381
2019,1,A,골목상권,1000037,동호로20길,13400,7311,6089,63,3637,3864,2826,1940,1070,26,1448,2253,1862,1091,631,37,2189,1611,964,849,439
2019,1,A,골목상권,1000036,동호로15길,12874,6144,6730,81,3822,3467,2553,1858,1093,37,1397,1655,1420,987,648,44,2425,1812,1133,871,445
2019,1,A,골목상권,1000035,동호로11길,8384,3931,4453,44,2517,2400,1727,1100,596,20,925,1131,929,584,342,24,1592,1269,798,516,254
2019,1,A,골목상권,1000034,동호로10길,9643,4691,4952,76,2514,2576,1962,1557,958,33,947,1392,1077,709,533,43,1567,1184,885,848,425
2019,1,A,골목상권,1000033,다산로39길,8877,4200,4677,29,1887,2713,2072,1404,772,12,691,1329,1041,698,429,17,1196,1384,1031,706,343
2019,1,A,골목상권,1000032,다산로38길,7667,3783,3884,28,1625,2293,1866,1228,627,10,572,1104,1020,677,400,18,1053,1189,846,551,227
2019,1,A,골목상권,1000031,다산로36길,2890,1388,1502,12,490,737,730,598,323,8,170,365,358,286,201,4,320,372,372,312,122
2019,1,A,골목상권,1000030,다산로33길,9534,4463,5071,36,1975,2754,2308,1631,830,11,697,1309,1168,811,467,25,1278,1445,1140,820,363
2019,1,A,골목상권,1000029,난계로21길,5013,2683,2330,52,866,986,961,1039,1109,43,375,564,569,528,604,9,491,422,392,511,505
2019,1,A,골목상권,1000028,난계로11길,4623,2344,2279,14,848,1186,1011,979,585,5,358,635,561,475,310,9,490,551,450,504,275
2019,1,A,골목상권,1000027,필운대로1길,6750,2908,3842,23,897,1110,1251,1789,1680,8,433,572,594,592,709,15,464,538,657,1197,971
2019,1,A,골목상권,1000026,평창길,1182,522,660,2,213,292,248,214,213,1,61,131,128,87,114,1,152,161,120,127,99
2019,1,A,골목상권,1000025,통일로12길,1565,613,952,2,277,356,343,339,248,1,57,112,141,148,154,1,220,244,202,191,94
2019,1,A,골목상권,1000024,창신길,1338,451,887,0,206,295,319,342,176,0,47,99,133,112,60,0,159,196,186,230,116
2019,1,A,골목상권,1000023,창신5길,2536,962,1574,6,307,548,750,568,357,2,87,190,255,236,192,4,220,358,495,332,165
2019,1,A,골목상권,1000022,창신2길,2332,1155,1177,5,298,524,602,541,362,3,101,284,317,253,197,2,197,240,285,288,165
2019,1,A,골목상권,1000021,창경궁로35길,2381,1231,1150,18,395,530,575,526,337,9,126,241,305,310,240,9,269,289,270,216,97
2019,1,A,골목상권,1000020,지봉로8길,3025,1269,1756,12,412,684,843,642,432,4,151,265,304,279,266,8,261,419,539,363,166
2019,1,A,골목상권,1000019,종로65길,5653,2860,2793,12,547,870,1149,1260,1815,5,210,458,570,563,1054,7,337,412,579,697,761
2019,1,A,골목상권,1000018,종로58가길,4398,1862,2536,13,707,1208,1164,790,516,5,269,482,423,379,304,8,438,726,741,411,212
2019,1,A,골목상권,1000017,종로24길,12506,7735,4771,50,1580,2557,3133,2975,2211,14,675,1562,1998,1871,1615,36,905,995,1135,1104,596
2019,1,A,골목상권,1000016,자하문로7길,11104,5822,5282,24,1946,2629,2223,2376,1906,8,1084,1620,1289,983,838,16,862,1009,934,1393,1068
2019,1,A,골목상권,1000015,이화장길,23221,10158,13063,62,5293,7719,5209,3655,1283,24,1482,2960,2683,2183,826,38,3811,4759,2526,1472,457
2019,1,A,골목상권,1000014,율곡로16길,23379,10648,12731,49,4963,7724,5513,3807,1323,20,1378,3027,2916,2396,911,29,3585,4697,2597,1411,412
2019,1,A,골목상권,1000013,율곡로10길,27532,20919,6613,54,4763,9468,6973,4757,1517,16,2332,7458,5804,4137,1172,38,2431,2010,1169,620,345
2019,1,A,골목상권,1000012,옥인길,1899,862,1037,2,374,571,448,340,164,0,135,286,198,158,85,2,239,285,250,182,79
2019,1,A,골목상권,1000011,숭인동길,6847,3368,3479,34,860,1186,1330,1398,2039,10,283,589,680,621,1185,24,577,597,650,777,854
2019,1,A,골목상권,1000010,성균관로5길,14045,4934,9111,15,3495,4890,2902,1963,780,8,846,1502,1116,956,506,7,2649,3388,1786,1007,274
2019,1,A,골목상권,1000009,삼청로5길,5338,3444,1894,4,988,1637,1431,996,282,4,569,1048,996,673,154,0,419,589,435,323,128
2019,1,A,골목상권,1000008,북촌로5나길,5645,3612,2033,3,1012,1805,1516,1032,277,3,587,1122,1039,700,161,0,425,683,477,332,116
2019,1,A,골목상권,1000007,북촌로5길,7360,4379,2981,54,1670,2325,1800,1094,417,22,853,1442,1198,639,225,32,817,883,602,455,192
2019,1,A,골목상권,1000006,북촌로11길,22845,18760,4085,44,3018,8643,6156,4179,805,19,1832,7182,5392,3737,598,25,1186,1461,764,442,207
2019,1,A,골목상권,1000005,백석동길,1820,994,826,5,359,564,456,283,153,5,104,306,309,170,100,0,255,258,147,113,53
2019,1,A,골목상권,1000004,명륜길,2196,1194,1002,5,303,557,549,506,276,3,91,242,312,324,222,2,212,315,237,182,54
2019,1,A,골목상권,1000003,돈화문로11가길,44890,32318,12572,172,7794,14982,11414,7764,2764,90,3651,10986,9214,6404,1973,82,4143,3996,2200,1360,791
2019,1,A,골목상권,1000002,난계로27길,13270,6153,7117,76,1514,2777,3573,3072,2258,51,645,1518,1549,1210,1180,25,869,1259,2024,1862,1078
2019,1,A,골목상권,1000001,계동길,24345,19877,4468,38,2998,9065,6749,4579,916,19,1823,7439,5793,4086,717,19,1175,1626,956,493,199
2018,4,A,골목상권,1001010,풍성로37가길,3706,2049,1657,9,426,729,908,997,637,3,192,402,488,530,434,6,234,327,420,467,203
2018,4,A,골목상권,1001009,천호옛길,3670,1756,1914,10,569,810,856,840,585,3,227,385,408,389,344,7,342,425,448,451,241
2018,4,A,골목상권,1001008,천호옛14길,5097,2584,2513,15,753,1261,1272,993,803,2,273,705,683,468,453,13,480,556,589,525,350
2018,4,A,골목상권,1001007,천호대로219길,2109,1149,960,10,171,412,462,534,520,9,81,281,315,297,166,1,90,131,147,237,354
2018,4,A,골목상권,1001006,천호대로197길,1756,823,933,4,177,363,446,456,310,3,82,173,197,188,180,1,95,190,249,268,130
2018,4,A,골목상권,1001005,천호대로187길,6805,3359,3446,7,993,1608,1502,1554,1141,2,401,867,814,644,631,5,592,741,688,910,510
2018,4,A,골목상권,1001004,천호대로170길,7705,4327,3378,19,1012,1593,1551,1501,2029,11,377,913,907,813,1306,8,635,680,644,688,723
2018,4,A,골목상권,1001003,천호대로162길,4485,2544,1941,14,576,1203,1180,890,622,5,254,801,718,441,325,9,322,402,462,449,297
2018,4,A,골목상권,1001002,천중로51길,4122,2280,1842,10,455,833,1006,1070,748,6,158,487,573,617,439,4,297,346,433,453,309
2018,4,A,골목상권,1001001,천중로39길,5017,2670,2347,14,586,964,1159,1132,1162,7,209,513,617,585,739,7,377,451,542,547,423
2018,4,A,골목상권,1001000,진황도로47길,7227,3596,3631,6,1065,1718,1646,1607,1185,0,425,928,907,683,653,6,640,790,739,924,532
2018,4,A,골목상권,1000999,진황도로27길,7620,4093,3527,12,1025,1749,1664,1358,1812,3,308,891,938,722,1231,9,717,858,726,636,581
2018,4,A,골목상권,1000998,올림픽로98길,2920,1294,1626,3,234,502,626,639,916,3,75,226,303,229,458,0,159,276,323,410,458
2018,4,A,골목상권,1000997,올림픽로80길,2984,1420,1564,7,401,510,614,727,725,2,132,266,268,287,465,5,269,244,346,440,260
2018,4,A,골목상권,1000996,올림픽로78길,4167,1927,2240,10,863,922,837,705,830,1,261,473,390,274,528,9,602,449,447,431,302
2018,4,A,골목상권,1000995,올림픽로77길,5500,2704,2796,14,1043,1280,1160,987,1016,2,318,677,602,439,666,12,725,603,558,548,350
2018,4,A,골목상권,1000994,올림픽로71길,4800,2391,2409,13,914,1151,1022,782,918,1,281,606,538,367,598,12,633,545,484,415,320
2018,4,A,골목상권,1000993,올림픽로48길,15156,9181,5975,51,1819,3677,3678,3416,2515,25,865,2111,2231,2202,1747,26,954,1566,1447,1214,768
2018,4,A,골목상권,1000992,양재대로96길,3966,2313,1653,5,469,893,926,998,675,3,278,534,506,524,468,2,191,359,420,474,207
2018,4,A,골목상권,1000991,양재대로95길,5554,3340,2214,6,627,1163,1223,1384,1151,3,356,749,716,781,735,3,271,414,507,603,416
2018,4,A,골목상권,1000990,양재대로91길,4676,2671,2005,5,459,893,1100,1234,985,1,200,504,623,708,635,4,259,389,477,526,350
2018,4,A,골목상권,1000989,양재대로133길,3802,1636,2166,13,450,697,839,920,883,8,138,312,378,349,451,5,312,385,461,571,432
2018,4,A,골목상권,1000988,양재대로124길,3877,2170,1707,7,400,749,926,917,878,3,171,402,507,500,587,4,229,347,419,417,291
2018,4,A,골목상권,1000987,양재대로116길,2561,1428,1133,3,291,504,621,635,507,1,119,258,319,363,368,2,172,246,302,272,139
2018,4,A,골목상권,1000986,양재대로101길,8647,4540,4107,22,1387,1996,1824,1503,1915,11,460,981,1053,771,1264,11,927,1015,771,732,651
2018,4,A,골목상권,1000985,암사길,1483,787,696,0,129,302,369,399,284,0,46,138,193,234,176,0,83,164,176,165,108
2018,4,A,골목상권,1000984,성안로3길,15210,8890,6320,56,1836,3611,3750,3357,2600,24,835,1906,2179,2124,1822,32,1001,1705,1571,1233,778
2018,4,A,골목상권,1000983,성내로5길,10613,6278,4335,44,1236,2694,2728,2485,1426,20,568,1523,1604,1554,1009,24,668,1171,1124,931,417
2018,4,A,골목상권,1000982,상일로5길,5239,3749,1490,10,903,2139,936,707,544,9,653,1827,633,440,187,1,250,312,303,267,357
2018,4,A,골목상권,1000981,상암로5길,4364,1830,2534,5,320,664,985,1154,1236,2,102,258,396,379,693,3,218,406,589,775,543
2018,4,A,골목상권,1000980,상암로51길,4331,2178,2153,10,434,823,1042,1167,855,6,153,449,571,559,440,4,281,374,471,608,415
2018,4,A,골목상권,1000979,상암로4길,3991,1815,2176,4,449,672,928,884,1054,4,149,321,441,333,567,0,300,351,487,551,487
2018,4,A,골목상권,1000978,상암로14길,3562,1636,1926,2,410,630,822,774,924,2,143,302,411,276,502,0,267,328,411,498,422
2018,4,A,골목상권,1000977,명일로13길,3887,2065,1822,1,595,1051,836,820,584,0,231,560,462,434,378,1,364,491,374,386,206
2018,4,A,골목상권,1000976,동남로85길,885,359,526,1,83,161,187,245,208,0,24,65,74,92,104,1,59,96,113,153,104
2018,4,A,골목상권,1000975,동남로82길,601,224,377,0,48,115,130,204,104,0,14,37,50,75,48,0,34,78,80,129,56
2018,4,A,골목상권,1000974,동남로65길,2695,928,1767,2,555,819,595,496,228,2,108,264,200,216,138,0,447,555,395,280,90
2018,4,A,골목상권,1000973,구천면로42길,2452,1107,1345,5,241,532,617,616,441,2,74,236,270,290,235,3,167,296,347,326,206
2018,4,A,골목상권,1000972,구천면로41길,2294,1036,1258,2,239,505,618,596,334,1,82,206,298,258,191,1,157,299,320,338,143
2018,4,A,골목상권,1000971,구천면로36길,1966,1002,964,2,182,423,477,505,377,0,50,182,224,266,280,2,132,241,253,239,97
2018,4,A,골목상권,1000970,고덕로61길,756,302,454,1,82,114,153,191,215,0,25,52,53,68,104,1,57,62,100,123,111
2018,4,A,골목상권,1000969,고덕로25길,1623,583,1040,3,119,279,381,577,264,0,45,94,120,166,158,3,74,185,261,411,106
2018,4,A,골목상권,1000968,고덕로10길,4162,1746,2416,5,312,613,909,1107,1216,2,103,248,360,358,675,3,209,365,549,749,541
2018,4,A,골목상권,1000967,강동대로53길,8628,5173,3455,18,1121,2193,2123,1850,1323,7,550,1270,1343,1171,832,11,571,923,780,679,491
2018,4,A,골목상권,1000966,풍성로25길,4139,1993,2146,12,646,928,969,910,674,2,225,435,477,441,413,10,421,493,492,469,261
2018,4,A,골목상권,1000965,오금로46길,2558,1233,1325,11,348,549,599,649,402,7,120,271,301,285,249,4,228,278,298,364,153
2018,4,A,골목상권,1000964,오금로36길,10304,6564,3740,18,1629,2830,2468,2132,1227,11,795,1893,1624,1359,882,7,834,937,844,773,345
2018,4,A,골목상권,1000963,오금로11길,22045,13244,8801,57,3134,5774,5279,4639,3162,33,1728,3930,3287,2273,1993,24,1406,1844,1992,2366,1169
2018,4,A,골목상권,1000962,양재대로72길,12078,7591,4487,30,1287,2310,2594,2393,3464,18,598,1362,1693,1488,2432,12,689,948,901,905,1032
2018,4,A,골목상권,1000961,양재대로71길,9566,6095,3471,33,1383,2240,2135,1858,1917,19,652,1369,1418,1219,1418,14,731,871,717,639,499
2018,4,A,골목상권,1000960,양재대로64길,16135,9826,6309,18,1714,3223,2994,2517,5669,2,750,1904,1939,1454,3777,16,964,1319,1055,1063,1892
2018,4,A,골목상권,1000959,양재대로62길,28305,17169,11136,65,3504,5630,5756,5726,7624,33,1524,3537,3790,3240,5045,32,1980,2093,1966,2486,2579
2018,4,A,골목상권,1000958,송파대로30길,37156,22872,14284,74,4567,8117,8234,7631,8533,39,2018,5025,5494,4564,5732,35,2549,3092,2740,3067,2801
2018,4,A,골목상권,1000957,송이로36길,8777,5495,3282,23,1590,2308,2255,1652,949,12,757,1461,1470,1051,744,11,833,847,785,601,205
2018,4,A,골목상권,1000956,송이로32길,9966,6135,3831,31,1394,1833,2272,2318,2118,15,645,1137,1423,1453,1462,16,749,696,849,865,656
2018,4,A,골목상권,1000955,송이로23길,9178,5199,3979,23,1427,2624,2333,1675,1096,14,528,1457,1407,1018,775,9,899,1167,926,657,321
2018,4,A,골목상권,1000954,삼전로13길,8059,4771,3288,22,1115,1776,1942,1891,1313,8,458,1023,1172,1150,960,14,657,753,770,741,353
2018,4,A,골목상권,1000953,백제고분로50길,18537,10590,7947,54,2656,4733,4182,4056,2856,34,1457,3096,2375,1923,1705,20,1199,1637,1807,2133,1151
2018,4,A,골목상권,1000952,백제고분로46길,5865,3582,2283,9,683,1311,1409,1399,1054,6,312,844,912,776,732,3,371,467,497,623,322
2018,4,A,골목상권,1000951,백제고분로45길,10895,7090,3805,17,1482,2620,2588,2506,1682,12,724,1799,1774,1574,1207,5,758,821,814,932,475
2018,4,A,골목상권,1000950,백제고분로42길,7835,4345,3490,16,890,1579,1724,1886,1740,9,379,870,1005,1007,1075,7,511,709,719,879,665
2018,4,A,골목상권,1000949,백제고분로39길,8532,5416,3116,17,1361,2496,1907,1646,1105,8,668,1807,1249,942,742,9,693,689,658,704,363
2018,4,A,골목상권,1000948,백제고분로34길,5349,3175,2174,16,595,1190,1526,1288,734,10,273,700,939,768,485,6,322,490,587,520,249
2018,4,A,골목상권,1000947,백제고분로33길,7377,5202,2175,16,909,1807,1731,1388,1526,3,486,1351,1205,862,1295,13,423,456,526,526,231
2018,4,A,골목상권,1000946,백제고분로32길,5723,3440,2283,12,635,1250,1449,1494,883,7,295,755,913,873,597,5,340,495,536,621,286
2018,4,A,골목상권,1000945,백제고분로31길,8434,5434,3000,18,1007,1697,1967,1857,1888,4,408,1002,1286,1157,1577,14,599,695,681,700,311
2018,4,A,골목상권,1000944,백제고분로22길,4586,3073,1513,10,554,961,1057,1113,891,4,276,660,734,713,686,6,278,301,323,400,205
2018,4,A,골목상권,1000943,백제고분로21길,5240,3000,2240,11,718,1214,1290,1203,804,4,247,669,791,702,587,7,471,545,499,501,217
2018,4,A,골목상권,1000942,마천로51길,1403,705,698,1,109,221,372,417,283,1,38,88,159,223,196,0,71,133,213,194,87
2018,4,A,골목상권,1000941,동남로20길,4762,2682,2080,81,786,882,1155,1124,734,45,379,517,652,590,499,36,407,365,503,534,235
2018,4,A,골목상권,1000940,거마로20길,2354,1139,1215,1,221,443,642,673,374,1,88,231,292,299,228,0,133,212,350,374,146
2018,4,A,골목상권,1000939,학동로77길,14090,5684,8406,34,2687,4328,3571,2113,1357,8,769,1629,1357,1051,870,26,1918,2699,2214,1062,487
2018,4,A,골목상권,1000938,학동로6길,16219,9337,6882,50,3421,5296,3946,2063,1443,18,1389,3192,2539,1241,958,32,2032,2104,1407,822,485
2018,4,A,골목상권,1000937,학동로56길,21869,12221,9648,106,5166,6932,4954,3264,1447,51,2177,4005,3210,1830,948,55,2989,2927,1744,1434,499
2018,4,A,골목상권,1000936,학동로38길,25282,14643,10639,77,5234,7225,5629,3409,3708,29,1843,4135,3774,2263,2599,48,3391,3090,1855,1146,1109
2018,4,A,골목상권,1000935,테헤란로81길,71886,45562,26324,200,13098,27586,20446,8351,2205,71,5314,17191,15055,6330,1601,129,7784,10395,5391,2021,604
2018,4,A,골목상권,1000934,일원로9길,8245,2229,6016,2,2348,2820,1690,986,399,0,351,727,537,385,229,2,1997,2093,1153,601,170
2018,4,A,골목상권,1000933,일원로3길,3234,1862,1372,4,267,626,802,845,690,2,112,369,490,479,410,2,155,257,312,366,280
2018,4,A,골목상권,1000932,영동대로65길,33327,21206,12121,93,5091,8954,8369,6232,4588,58,2782,6418,5591,3539,2818,35,2309,2536,2778,2693,1770
2018,4,A,골목상권,1000931,영동대로112길,104684,73301,31383,388,20042,31342,25948,19308,7656,240,10561,21149,20139,15854,5358,148,9481,10193,5809,3454,2298
2018,4,A,골목상권,1000930,언주로81길,105329,63767,41562,407,21534,31887,27432,18991,5078,194,11947,21843,17240,9164,3379,213,9587,10044,10192,9827,1699
2018,4,A,골목상권,1000929,압구정로2길,14787,7271,7516,92,3922,4835,3190,1659,1089,39,1247,2510,1847,916,712,53,2675,2325,1343,743,377
2018,4,A,골목상권,1000928,선릉로18길,973,438,535,7,100,241,225,248,152,6,35,97,104,98,98,1,65,144,121,150,54
2018,4,A,골목상권,1000927,선릉로146길,14378,6982,7396,44,3885,4749,2884,1657,1159,7,1173,2252,1719,1032,799,37,2712,2497,1165,625,360
2018,4,A,골목상권,1000926,선릉로133길,23079,13685,9394,95,4782,6634,5557,3970,2041,41,2191,4044,3805,2391,1213,54,2591,2590,1752,1579,828
2018,4,A,골목상권,1000925,선릉로132길,23714,10709,13005,91,5359,7101,5587,3588,1988,37,2003,3241,2521,1692,1215,54,3356,3860,3066,1896,773
2018,4,A,골목상권,1000924,선릉로121길,16727,9812,6915,66,3257,5309,4041,2660,1394,37,1212,2908,2774,1855,1026,29,2045,2401,1267,805,368
2018,4,A,골목상권,1000923,삼성로75길,29081,18565,10516,61,4810,9013,8396,4665,2136,24,2201,5590,5823,3370,1557,37,2609,3423,2573,1295,579
2018,4,A,골목상권,1000922,삼성로69길,8451,4409,4042,29,1590,2299,1952,1579,1002,15,587,1152,1097,861,697,14,1003,1147,855,718,305
2018,4,A,골목상권,1000921,삼성로64길,17925,10803,7122,51,3429,5484,4807,2806,1348,27,1739,3765,2879,1444,949,24,1690,1719,1928,1362,399
2018,4,A,골목상권,1000920,삼성로63길,3354,1441,1913,21,590,901,830,675,337,11,175,363,389,301,202,10,415,538,441,374,135
2018,4,A,골목상권,1000919,삼성로57길,6984,3611,3373,117,2051,2501,1218,741,356,9,791,1495,728,367,221,108,1260,1006,490,374,135
2018,4,A,골목상권,1000918,삼성로147길,11468,5259,6209,34,2984,3759,2539,1319,833,5,903,1762,1333,723,533,29,2081,1997,1206,596,300
2018,4,A,골목상권,1000917,삼성로115길,6446,3652,2794,14,1392,2138,1460,831,611,5,524,1233,930,528,432,9,868,905,530,303,179
2018,4,A,골목상권,1000916,봉은사로68길,42906,28464,14442,58,7377,17662,11616,4525,1668,25,3274,11643,9083,3286,1153,33,4103,6019,2533,1239,515
2018,4,A,골목상권,1000915,봉은사로57길,13361,7768,5593,48,2716,4401,3102,2108,986,22,1009,2438,2093,1457,749,26,1707,1963,1009,651,237
2018,4,A,골목상권,1000914,봉은사로43길,26004,15329,10675,79,5598,8710,5795,3494,2328,41,2137,5089,4026,2345,1691,38,3461,3621,1769,1149,637
2018,4,A,골목상권,1000913,봉은사로29길,27829,16218,11611,62,6081,8651,6256,3889,2890,31,2243,4939,4316,2604,2085,31,3838,3712,1940,1285,805
2018,4,A,골목상권,1000912,봉은사로109길,74278,56459,17819,275,11922,20145,18477,16204,7255,198,7986,15000,14907,13339,5029,77,3936,5145,3570,2865,2226
2018,4,A,골목상권,1000911,도산대로89길,11788,5816,5972,60,2989,4001,2724,1434,580,15,911,2065,1611,834,380,45,2078,1936,1113,600,200
2018,4,A,골목상권,1000910,도산대로81길,16151,5759,10392,83,5638,5999,2816,1059,556,13,1411,2241,1276,489,329,70,4227,3758,1540,570,227
2018,4,A,골목상권,1000909,도산대로50길,27530,15723,11807,107,6019,8010,6113,4719,2562,42,2448,4674,4066,2860,1633,65,3571,3336,2047,1859,929
2018,4,A,골목상권,1000908,도산대로38길,30146,16506,13640,88,6771,9952,7209,4137,1989,22,2398,5511,4629,2580,1366,66,4373,4441,2580,1557,623
2018,4,A,골목상권,1000907,도산대로30길,25809,13220,12589,69,6391,8465,5888,3261,1735,15,2032,4432,3638,1927,1176,54,4359,4033,2250,1334,559
2018,4,A,골목상권,1000906,도산대로23길,23357,11513,11844,92,6175,7977,5002,2605,1506,29,1732,4014,3092,1607,1039,63,4443,3963,1910,998,467
2018,4,A,골목상권,1000905,도산대로15길,20885,9832,11053,103,5666,7166,4394,2196,1360,32,1552,3522,2584,1228,914,71,4114,3644,1810,968,446
2018,4,A,골목상권,1000904,도곡로37길,30855,16506,14349,142,7347,8813,7319,4784,2450,50,2884,4934,4460,2626,1552,92,4463,3879,2859,2158,898
2018,4,A,골목상권,1000903,논현로8길,5798,3784,2014,16,727,1416,1489,1163,987,7,389,997,971,752,668,9,338,419,518,411,319
2018,4,A,골목상권,1000902,논현로63길,31074,21136,9938,91,5024,9263,8178,5436,3082,27,2411,6080,6143,4074,2401,64,2613,3183,2035,1362,681
2018,4,A,골목상권,1000901,논현로28길,41788,22601,19187,157,7408,11049,11570,7161,4443,86,3646,6990,5692,3433,2754,71,3762,4059,5878,3728,1689
2018,4,A,골목상권,1000900,논현로26길,36498,24502,11996,89,5893,10871,9034,5964,4647,55,3117,7632,6660,4117,2921,34,2776,3239,2374,1847,1726
2018,4,A,골목상권,1000899,논현로159길,14893,6190,8703,88,4272,4886,3039,1591,1017,30,1095,2154,1543,750,618,58,3177,2732,1496,841,399
2018,4,A,골목상권,1000898,논현로139길,36040,19551,16489,111,9129,11959,7940,4250,2651,38,3040,6780,5271,2583,1839,73,6089,5179,2669,1667,812
2018,4,A,골목상권,1000897,논현로123길,10035,5818,4217,37,2145,3141,2311,1353,1048,14,888,1913,1511,802,690,23,1257,1228,800,551,358
2018,4,A,골목상권,1000896,논현로115길,22295,12829,9466,94,5536,7263,4856,2543,2003,47,2305,4151,3299,1636,1391,47,3231,3112,1557,907,612
2018,4,A,골목상권,1000895,논현로10길,11741,6986,4755,23,1428,2803,3161,2569,1757,11,657,1732,1809,1466,1311,12,771,1071,1352,1103,446
2018,4,A,골목상권,1000894,논현로106길,21595,12370,9225,58,4240,6336,4680,3198,3083,34,1741,3819,3159,1796,1821,24,2499,2517,1521,1402,1262
2018,4,A,골목상권,1000893,남부순환로365길,18717,10211,8506,97,4373,5517,4028,2988,1714,30,1712,3422,2567,1409,1071,67,2661,2095,1461,1579,643
2018,4,A,골목상권,1000892,개포로82길,788,365,423,0,61,148,208,230,141,0,14,51,89,110,101,0,47,97,119,120,40
2018,4,A,골목상권,1000891,개포로28길,15736,9433,6303,35,1885,4004,4427,3501,1884,12,926,2606,2612,1866,1411,23,959,1398,1815,1635,473
2018,4,A,골목상권,1000890,개포로20길,23510,14894,8616,48,2788,6249,6797,5177,2451,16,1451,4143,4321,3114,1849,32,1337,2106,2476,2063,602
2018,4,A,골목상권,1000889,개포로17길,21773,14054,7719,52,2884,5832,6202,4767,2036,21,1497,3951,4079,2959,1547,31,1387,1881,2123,1808,489
2018,4,A,골목상권,1000888,강남대로140길,24843,13240,11603,82,5604,8384,5725,3223,1825,16,1791,4635,3728,1790,1280,66,3813,3749,1997,1433,545
2018,4,A,골목상권,1000887,강남대로136길,31136,17438,13698,105,6478,10424,7638,4123,2368,21,2356,6130,4916,2404,1611,84,4122,4294,2722,1719,757
2018,4,A,골목상권,1000886,강남대로118길,13508,7161,6347,73,4072,4259,2732,1437,935,34,1545,2291,1818,856,617,39,2527,1968,914,581,318
2018,4,A,골목상권,1000885,서초중앙로8길,26713,16381,10332,65,5419,7867,6711,4457,2194,20,2259,4958,4614,2863,1667,45,3160,2909,2097,1594,527
2018,4,A,골목상권,1000884,방배중앙로21길,6083,3130,2953,18,813,1287,1381,1412,1172,10,328,730,740,620,702,8,485,557,641,792,470
2018,4,A,골목상권,1000883,효령로72길,24157,15963,8194,75,4919,7172,6586,3754,1651,24,2259,4786,4994,2674,1226,51,2660,2386,1592,1080,425
2018,4,A,골목상권,1000882,효령로34길,5635,3382,2253,22,986,1369,1152,1001,1105,7,391,774,752,578,880,15,595,595,400,423,225
2018,4,A,골목상권,1000881,효령로31길,13140,7907,5233,60,2780,3785,3167,1892,1456,36,1253,2321,1987,1161,1149,24,1527,1464,1180,731,307
2018,4,A,골목상권,1000880,효령로23길,10721,6759,3962,52,2367,3046,2489,1490,1277,28,1098,1989,1712,923,1009,24,1269,1057,777,567,268
2018,4,A,골목상권,1000879,청두곶길,15010,8109,6901,45,2173,3595,3339,3569,2289,9,967,2272,2055,1603,1203,36,1206,1323,1284,1966,1086
2018,4,A,골목상권,1000878,주흥길,8019,5885,2134,13,1343,2863,2097,1099,604,8,774,2155,1767,798,383,5,569,708,330,301,221
2018,4,A,골목상권,1000877,주흥15길,9806,5673,4133,31,1966,3374,2523,1181,731,8,731,1983,1704,764,483,23,1235,1391,819,417,248
2018,4,A,골목상권,1000876,언남길,15824,11153,4671,49,2167,4368,4460,3160,1620,28,1206,3056,3310,2312,1241,21,961,1312,1150,848,379
2018,4,A,골목상권,1000875,신반포로45길,11810,6562,5248,27,2377,3756,2947,1672,1031,8,810,2177,1878,1004,685,19,1567,1579,1069,668,346
2018,4,A,골목상권,1000874,서초대로8길,7554,4134,3420,20,939,1844,2041,1527,1183,16,387,992,1095,837,807,4,552,852,946,690,376
2018,4,A,골목상권,1000873,서초대로64길,10593,5662,4931,30,1989,3332,2691,1582,969,12,718,1747,1489,969,727,18,1271,1585,1202,613,242
2018,4,A,골목상권,1000872,서초대로4길,7260,4497,2763,15,903,1675,1870,1582,1215,9,444,1022,1213,993,816,6,459,653,657,589,399
2018,4,A,골목상권,1000871,서초대로25길,14290,8854,5436,59,2725,4397,3485,2197,1427,42,1276,2763,2293,1425,1055,17,1449,1634,1192,772,372
2018,4,A,골목상권,1000870,서초대로23길,15327,9546,5781,67,2575,4533,3878,2561,1713,47,1287,2883,2495,1577,1257,20,1288,1650,1383,984,456
2018,4,A,골목상권,1000869,서초대로15길,13101,7661,5440,45,1891,3379,3327,2486,1973,29,825,1944,1956,1483,1424,16,1066,1435,1371,1003,549
2018,4,A,골목상권,1000868,사평대로57길,14740,8833,5907,59,2681,4699,3870,2253,1178,24,1085,2862,2748,1432,682,35,1596,1837,1122,821,496
2018,4,A,골목상권,1000867,사평대로26길,4399,2345,2054,35,910,1271,1093,728,362,12,366,679,629,436,223,23,544,592,464,292,139
2018,4,A,골목상권,1000866,사평대로22길,4773,2907,1866,43,957,1411,1252,713,397,13,437,897,835,474,251,30,520,514,417,239,146
2018,4,A,골목상권,1000865,사임당로17길,22377,12475,9902,77,3817,7224,5780,3456,2023,27,1307,3939,3512,2202,1488,50,2510,3285,2268,1254,535
2018,4,A,골목상권,1000864,방배로42길,5251,3186,2065,21,756,1317,1212,1043,902,7,304,820,763,626,666,14,452,497,449,417,236
2018,4,A,골목상권,1000863,방배로35길,5910,3550,2360,25,850,1445,1430,1106,1054,10,334,879,902,678,747,15,516,566,528,428,307
2018,4,A,골목상권,1000862,방배로18길,9605,5636,3969,48,2317,2879,2083,1171,1107,27,948,1741,1372,678,870,21,1369,1138,711,493,237
2018,4,A,골목상권,1000861,반포대로9길,3821,2226,1595,9,667,1037,1000,661,447,3,241,610,669,406,297,6,426,427,331,255,150
2018,4,A,골목상권,1000860,바우뫼로39길,36508,23796,12712,79,5660,10460,8619,6538,5152,51,2941,7025,6167,4163,3449,28,2719,3435,2452,2375,1703
2018,4,A,골목상권,1000859,마방로2길,14632,9798,4834,38,2190,3880,3748,3033,1743,23,1187,2590,2691,2019,1288,15,1003,1290,1057,1014,455
2018,4,A,골목상권,1000858,방배천로4안길,7064,4340,2724,15,1043,1749,1773,1377,1107,9,472,1053,1151,870,785,6,571,696,622,507,322
2018,4,A,골목상권,1000857,동산로19길,14981,9535,5446,38,1729,3374,4148,3571,2121,28,870,2164,2651,2260,1562,10,859,1210,1497,1311,559
2018,4,A,골목상권,1000856,동산로10길,8463,5316,3147,28,1027,2028,2122,1919,1339,21,530,1280,1373,1220,892,7,497,748,749,699,447
2018,4,A,골목상권,1000855,동광로39길,5107,2916,2191,42,1063,1501,1236,879,386,12,489,886,745,564,220,30,574,615,491,315,166
2018,4,A,골목상권,1000854,동광로1길,7174,3535,3639,25,1153,1710,1657,1545,1084,19,520,1027,905,542,522,6,633,683,752,1003,562
2018,4,A,골목상권,1000853,동광로12길,12071,6596,5475,48,1614,2634,2794,2554,2427,23,616,1439,1594,1347,1577,25,998,1195,1200,1207,850
2018,4,A,골목상권,1000852,논현로27길,37403,25947,11456,91,6069,11247,9211,6284,4501,55,3272,7817,7047,4646,3110,36,2797,3430,2164,1638,1391
2018,4,A,골목상권,1000851,논현로1길,11399,6922,4477,37,1242,2617,2956,2623,1924,25,618,1596,1813,1582,1288,12,624,1021,1143,1041,636
2018,4,A,골목상권,1000850,남부순환로339길,28797,15829,12968,105,6578,7801,6633,5407,2273,56,2724,4859,4146,2617,1427,49,3854,2942,2487,2790,846
2018,4,A,골목상권,1000849,남부순환로325길,20262,11600,8662,57,3105,6767,4924,3316,2093,15,1330,3556,3084,2079,1536,42,1775,3211,1840,1237,557
2018,4,A,골목상권,1000848,남부순환로317길,11925,7314,4611,41,2203,3895,2972,1757,1057,14,978,2435,2027,1115,745,27,1225,1460,945,642,312
2018,4,A,골목상권,1000847,고무래로8길,32395,13413,18982,35,6927,10393,8438,4834,1768,7,1267,3934,4222,2888,1095,28,5660,6459,4216,1946,673
2018,4,A,골목상권,1000846,강남대로8길,97241,86996,10245,44,8496,19839,27822,37694,3346,32,6613,16996,24730,35830,2795,12,1883,2843,3092,1864,551
2018,4,A,골목상권,1000845,강남대로34길,38304,23607,14697,152,7657,11674,8407,5789,4625,65,3435,7630,5957,3523,2997,87,4222,4044,2450,2266,1628
2018,4,A,골목상권,1000844,강남대로23길,17820,11632,6188,52,2805,4873,4585,3593,1912,32,1525,3284,3254,2255,1282,20,1280,1589,1331,1338,630
2018,4,A,골목상권,1000843,소담길,1325,867,458,0,97,254,340,345,289,0,48,152,200,242,225,0,49,102,140,103,64
2018,4,A,골목상권,1000842,원신길,558,190,368,0,71,146,123,140,78,0,10,44,44,52,40,0,61,102,79,88,38
2018,4,A,골목상권,1000841,양지길,856,583,273,1,67,103,176,251,258,1,24,50,100,178,230,0,43,53,76,73,28
2018,4,A,골목상권,1000840,양산길,881,572,309,1,76,120,184,252,248,1,24,57,105,177,208,0,52,63,79,75,40
2018,4,A,골목상권,1000839,호암로24길,2468,1405,1063,3,182,375,621,778,509,2,63,196,348,457,339,1,119,179,273,321,170
2018,4,A,골목상권,1000838,호암로20길,1348,510,838,2,130,273,308,359,276,1,34,129,137,100,109,1,96,144,171,259,167
2018,4,A,골목상권,1000837,행운길,5137,3308,1829,24,818,1438,1086,880,891,7,408,983,704,520,686,17,410,455,382,360,205
2018,4,A,골목상권,1000836,행운1길,3681,1825,1856,12,598,896,884,741,550,1,211,465,431,369,348,11,387,431,453,372,202
2018,4,A,골목상권,1000835,청림3길,2054,930,1124,6,278,444,561,441,324,3,100,207,248,197,175,3,178,237,313,244,149
2018,4,A,골목상권,1000834,청룡길,5174,3014,2160,8,666,1055,1347,1134,964,4,292,603,807,691,617,4,374,452,540,443,347
2018,4,A,골목상권,1000833,청룡8길,3749,2147,1602,1,433,756,1004,877,678,0,202,430,585,506,424,1,231,326,419,371,254
2018,4,A,골목상권,1000832,중앙길,4127,1863,2264,9,652,905,1018,838,705,6,186,378,490,425,378,3,466,527,528,413,327
2018,4,A,골목상권,1000831,조원중앙로2길,6336,4092,2244,2,504,1031,1029,1210,2560,2,222,640,597,700,1931,0,282,391,432,510,629
2018,4,A,골목상권,1000830,조원로18길,5248,3524,1724,1,392,916,814,871,2254,1,173,568,513,541,1728,0,219,348,301,330,526
2018,4,A,골목상권,1000829,조원로10길,15946,9693,6253,50,2681,4926,4107,2498,1684,28,1152,3083,2605,1620,1205,22,1529,1843,1502,878,479
2018,4,A,골목상권,1000828,장군봉2길,2686,1310,1376,1,349,594,676,600,466,0,121,280,347,297,265,1,228,314,329,303,201
2018,4,A,골목상권,1000827,장군봉1길,3141,1688,1453,1,405,701,865,700,469,0,182,384,497,371,254,1,223,317,368,329,215
2018,4,A,골목상권,1000826,인헌길,1169,553,616,1,120,304,353,254,137,0,30,162,173,109,79,1,90,142,180,145,58
2018,4,A,골목상권,1000825,은천로25길,764,232,532,1,116,169,204,179,95,1,18,47,61,61,44,0,98,122,143,118,51
2018,4,A,골목상권,1000824,양녕로6길,3935,2133,1802,9,584,847,1032,822,641,5,228,438,584,492,386,4,356,409,448,330,255
2018,4,A,골목상권,1000823,신원로3길,1106,471,635,0,126,195,233,279,273,0,42,88,102,107,132,0,84,107,131,172,141
2018,4,A,골목상권,1000822,신사로20길,731,357,374,1,88,160,208,170,104,1,21,73,111,79,72,0,67,87,97,91,32
2018,4,A,골목상권,1000821,신림로65길,3803,1833,1970,19,593,685,750,822,934,8,236,351,389,363,486,11,357,334,361,459,448
2018,4,A,골목상권,1000820,신림로64길,4716,2063,2653,20,891,952,944,921,988,9,298,423,458,373,502,11,593,529,486,548,486
2018,4,A,골목상권,1000819,신림로48길,825,344,481,0,134,171,182,198,140,0,38,72,73,83,78,0,96,99,109,115,62
2018,4,A,골목상권,1000818,신림로38길,584,274,310,0,54,125,148,144,113,0,14,68,69,66,57,0,40,57,79,78,56
2018,4,A,골목상권,1000817,신림로28길,2177,1041,1136,3,194,376,515,599,490,2,59,190,242,261,287,1,135,186,273,338,203
2018,4,A,골목상권,1000816,신림로11길,1297,812,485,1,104,247,354,395,196,0,36,119,213,287,157,1,68,128,141,108,39
2018,4,A,골목상권,1000815,신림동길,2362,1231,1131,7,334,418,538,545,520,3,129,220,306,267,306,4,205,198,232,278,214
2018,4,A,골목상권,1000814,승방길,4663,2234,2429,11,659,972,1226,1376,419,9,330,589,571,456,279,2,329,383,655,920,140
2018,4,A,골목상권,1000813,서림7길,1461,805,656,0,115,278,406,478,184,0,39,122,217,311,116,0,76,156,189,167,68
2018,4,A,골목상권,1000812,봉천로33길,4758,2498,2260,7,594,950,1218,1132,857,5,224,488,693,580,508,2,370,462,525,552,349
2018,4,A,골목상권,1000811,봉천로13길,2107,982,1125,5,253,405,495,539,410,3,99,160,227,225,268,2,154,245,268,314,142
2018,4,A,골목상권,1000810,복은길,945,472,473,0,72,176,231,268,198,0,25,82,97,142,126,0,47,94,134,126,72
2018,4,A,골목상권,1000809,법원단지길,1014,382,632,1,125,199,273,257,159,0,28,83,119,88,64,1,97,116,154,169,95
2018,4,A,골목상권,1000808,법원단지9길,627,221,406,0,70,150,169,179,59,0,10,47,54,75,35,0,60,103,115,104,24
2018,4,A,골목상권,1000807,미성5길,1710,770,940,2,164,295,462,480,307,0,47,115,218,218,172,2,117,180,244,262,135
2018,4,A,골목상권,1000806,대학길,1651,916,735,2,115,248,419,536,331,1,39,141,250,297,188,1,76,107,169,239,143
2018,4,A,골목상권,1000805,대학14길,330,154,176,0,35,63,97,72,63,0,9,30,39,31,45,0,26,33,58,41,18
2018,4,A,골목상권,1000804,당곡길,8367,4315,4052,61,1682,2584,2255,1198,587,26,780,1389,1080,667,373,35,902,1195,1175,531,214
2018,4,A,골목상권,1000803,남현길,2316,1333,983,1,278,569,631,523,314,0,117,361,355,269,231,1,161,208,276,254,83
2018,4,A,골목상권,1000802,남현3길,6490,3040,3450,15,1024,1386,1690,1730,645,12,389,752,814,631,442,3,635,634,876,1099,203
2018,4,A,골목상권,1000801,남현2길,4438,2324,2114,7,852,1127,1040,819,593,4,238,588,596,448,450,3,614,539,444,371,143
2018,4,A,골목상권,1000800,남부순환로248길,2111,914,1197,8,410,593,502,375,223,1,97,262,238,176,140,7,313,331,264,199,83
2018,4,A,골목상권,1000799,남부순환로234길,3083,2018,1065,11,443,784,641,621,583,4,218,538,399,392,467,7,225,246,242,229,116
2018,4,A,골목상권,1000798,남부순환로172길,2729,1484,1245,1,286,641,689,654,458,1,111,349,395,344,284,0,175,292,294,310,174
2018,4,A,골목상권,1000797,남부순환로161길,2836,1575,1261,2,306,675,737,662,454,2,109,364,437,354,309,0,197,311,300,308,145
2018,4,A,골목상권,1000796,남부순환로151길,3720,2045,1675,4,444,908,906,888,570,2,151,511,528,491,362,2,293,397,378,397,208
2018,4,A,골목상권,1000795,남부순환로142길,5732,3829,1903,4,450,985,904,1000,2389,1,198,612,577,625,1816,3,252,373,327,375,573
2018,4,A,골목상권,1000794,난향길,1346,641,705,0,82,177,232,346,509,0,13,65,80,112,371,0,69,112,152,234,138
2018,4,A,골목상권,1000793,난우길,1732,784,948,4,199,322,438,469,300,0,63,145,220,210,146,4,136,177,218,259,154
2018,4,A,골목상권,1000792,난곡로74길,1339,714,625,2,164,307,341,324,201,0,49,166,192,165,142,2,115,141,149,159,59
2018,4,A,골목상권,1000791,난곡로34길,1101,466,635,1,148,220,336,297,99,0,33,97,148,128,60,1,115,123,188,169,39
2018,4,A,골목상권,1000790,난곡로26길,580,257,323,0,68,104,195,162,51,0,12,38,90,85,32,0,56,66,105,77,19
2018,4,A,골목상권,1000789,난곡로24길,631,278,353,0,67,123,212,176,53,0,12,43,96,91,36,0,55,80,116,85,17
2018,4,A,골목상권,1000788,낙성대역길,4958,3022,1936,24,818,1402,1053,784,877,6,360,898,634,464,660,18,458,504,419,320,217
2018,4,A,골목상권,1000787,국회단지길,2117,1069,1048,1,257,387,493,548,431,0,66,184,263,260,296,1,191,203,230,288,135
2018,4,A,골목상권,1000786,구암길,1336,481,855,1,171,263,349,335,217,1,30,85,116,119,130,0,141,178,233,216,87
2018,4,A,골목상권,1000785,관천로22길,15876,8917,6959,71,2713,5386,4430,2255,1021,29,1250,2898,2491,1526,723,42,1463,2488,1939,729,298
2018,4,A,골목상권,1000784,관천로15길,965,527,438,1,98,193,281,237,155,1,29,103,160,126,108,0,69,90,121,111,47
2018,4,A,골목상권,1000783,관악로30길,1944,873,1071,6,265,425,512,398,338,3,99,197,216,184,174,3,166,228,296,214,164
2018,4,A,골목상권,1000782,관악로28길,1574,730,844,6,204,340,420,331,273,3,78,161,180,160,148,3,126,179,240,171,125
2018,4,A,골목상권,1000781,관악로14길,6153,3195,2958,15,825,1496,1483,1443,891,1,308,736,768,820,562,14,517,760,715,623,329
2018,4,A,골목상권,1000780,관악로10길,7007,4260,2747,15,887,1875,1639,1689,902,2,415,1152,997,1103,591,13,472,723,642,586,311
2018,4,A,골목상권,1000779,흑석로9길,5201,2275,2926,3,1009,1516,1250,990,433,1,231,534,613,593,303,2,778,982,637,397,130
2018,4,A,골목상권,1000778,흑석로13길,5542,2485,3057,2,1043,1593,1324,1064,516,1,244,579,657,637,367,1,799,1014,667,427,149
2018,4,A,골목상권,1000777,장승배기로27길,8009,4760,3249,8,896,2445,2097,1785,778,2,378,1339,1346,1216,479,6,518,1106,751,569,299
2018,4,A,골목상권,1000776,장승배기로19길,2195,1192,1003,1,335,452,508,526,373,0,218,264,248,268,194,1,117,188,260,258,179
2018,4,A,골목상권,1000775,장승배기로10길,3208,1710,1498,1,451,644,826,784,502,0,254,353,411,429,263,1,197,291,415,355,239
2018,4,A,골목상권,1000774,여의대방로46길,4908,2668,2240,10,867,1360,1137,827,707,1,379,818,680,415,375,9,488,542,457,412,332
2018,4,A,골목상권,1000773,여의대방로24길,31246,17228,14018,80,5062,6690,6904,7652,4858,41,3316,4681,3735,3220,2235,39,1746,2009,3169,4432,2623
2018,4,A,골목상권,1000772,여의대방로22카길,21911,11810,10101,57,3954,4334,4142,5370,4054,35,2724,3165,2257,1915,1714,22,1230,1169,1885,3455,2340
2018,4,A,골목상권,1000771,여의대방로22나길,29116,15984,13132,77,4879,6316,6452,7120,4272,39,3215,4495,3504,2897,1834,38,1664,1821,2948,4223,2438
2018,4,A,골목상권,1000770,여의대방로22길,21628,11806,9822,57,3918,4277,4038,5279,4059,35,2714,3188,2226,1919,1724,22,1204,1089,1812,3360,2335
2018,4,A,골목상권,1000769,양녕로26길,892,371,521,0,97,176,239,234,146,0,19,65,105,85,97,0,78,111,134,149,49
2018,4,A,골목상권,1000768,신대방길,4986,2708,2278,9,1112,1338,1167,860,500,4,394,767,689,490,364,5,718,571,478,370,136
2018,4,A,골목상권,1000767,성대로29길,1771,664,1107,5,186,332,492,464,292,4,53,129,199,151,128,1,133,203,293,313,164
2018,4,A,골목상권,1000766,성대로1길,2183,918,1265,6,260,442,577,541,357,4,95,211,256,199,153,2,165,231,321,342,204
2018,4,A,골목상권,1000765,서달로8가길,5138,2271,2867,2,960,1477,1261,998,440,1,226,523,619,592,310,1,734,954,642,406,130
2018,4,A,골목상권,1000764,서달로15길,1095,457,638,2,174,239,278,218,184,1,43,84,108,94,127,1,131,155,170,124,57
2018,4,A,골목상권,1000763,서달로14길,1036,469,567,3,125,219,284,219,186,2,39,89,112,94,133,1,86,130,172,125,53
2018,4,A,골목상권,1000762,서달로10길,934,436,498,2,82,156,241,267,186,1,18,56,95,135,131,1,64,100,146,132,55
2018,4,A,골목상권,1000761,상도로62길,2840,1456,1384,9,331,643,799,665,393,3,114,285,406,385,263,6,217,358,393,280,130
2018,4,A,골목상권,1000760,상도로61길,2607,1306,1301,6,294,581,743,633,350,1,98,240,358,364,245,5,196,341,385,269,105
2018,4,A,골목상권,1000759,상도로47길,7362,3472,3890,32,1296,2030,1853,1469,682,0,327,869,995,846,435,32,969,1161,858,623,247
2018,4,A,골목상권,1000758,상도로37길,2513,1244,1269,31,375,588,655,560,304,0,105,334,365,276,164,31,270,254,290,284,140
2018,4,A,골목상권,1000757,상도로15길,4046,2016,2030,6,606,882,1010,901,641,4,341,486,473,406,306,2,265,396,537,495,335
2018,4,A,골목상권,1000756,사당로8길,1834,972,862,4,167,276,357,375,655,3,80,110,184,178,417,1,87,166,173,197,238
2018,4,A,골목상권,1000755,사당로30길,6273,3634,2639,10,1059,1597,1712,1241,654,9,371,905,1100,811,438,1,688,692,612,430,216
2018,4,A,골목상권,1000754,사당로2차길,1313,714,599,4,167,233,333,339,237,3,71,101,174,197,168,1,96,132,159,142,69
2018,4,A,골목상권,1000753,사당로29길,4793,2215,2578,14,594,969,1189,1127,900,6,170,459,617,523,440,8,424,510,572,604,460
2018,4,A,골목상권,1000752,사당로26길,4029,2005,2024,6,730,964,1111,790,428,5,186,455,623,469,267,1,544,509,488,321,161
2018,4,A,골목상권,1000751,사당로23나길,1115,439,676,0,69,160,258,331,297,0,36,71,91,120,121,0,33,89,167,211,176
2018,4,A,골목상권,1000750,사당로23길,1005,372,633,1,66,138,251,262,287,0,22,49,81,91,129,1,44,89,170,171,158
2018,4,A,골목상권,1000749,사당로20길,2397,1339,1058,0,252,483,705,545,412,0,76,229,419,331,284,0,176,254,286,214,128
2018,4,A,골목상권,1000748,사당로16길,2268,1208,1060,0,200,387,513,448,720,0,67,178,279,224,460,0,133,209,234,224,260
2018,4,A,골목상권,1000747,사당로16가길,1971,1016,955,1,158,291,423,408,690,0,55,114,208,203,436,1,103,177,215,205,254
2018,4,A,골목상권,1000746,만양로8길,2587,1348,1239,5,262,513,711,660,436,1,97,283,394,341,232,4,165,230,317,319,204
2018,4,A,골목상권,1000745,만양로14길,1167,563,604,3,135,249,298,263,219,1,47,124,153,111,127,2,88,125,145,152,92
2018,4,A,골목상권,1000744,등용로14길,5664,3567,2097,8,873,1948,1492,908,435,3,436,1239,1036,574,279,5,437,709,456,334,156
2018,4,A,골목상권,1000743,동작대로7길,8087,3985,4102,14,1152,1692,2047,2087,1095,7,430,928,1026,836,758,7,722,764,1021,1251,337
2018,4,A,골목상권,1000742,동작대로35길,3448,1361,2087,6,444,622,760,1010,606,3,146,284,309,324,295,3,298,338,451,686,311
2018,4,A,골목상권,1000741,동작대로33길,5859,2366,3493,23,914,1173,1252,1443,1054,8,266,551,562,477,502,15,648,622,690,966,552
2018,4,A,골목상권,1000740,동작대로29길,3169,1400,1769,12,405,617,672,786,677,4,113,283,322,329,349,8,292,334,350,457,328
2018,4,A,골목상권,1000739,동작대로17길,6383,3493,2890,6,873,1577,1812,1319,796,6,321,872,1083,766,445,0,552,705,729,553,351
2018,4,A,골목상권,1000738,대방동2길,21301,11403,9898,62,3723,3927,3795,5447,4347,39,2653,2914,1948,1942,1907,23,1070,1013,1847,3505,2440
2018,4,A,골목상권,1000737,대방동27길,4334,2353,1981,6,405,860,1015,1198,850,2,162,432,531,663,563,4,243,428,484,535,287
2018,4,A,골목상권,1000736,노량진로6길,4125,2518,1607,5,572,1524,1091,600,333,2,275,927,751,377,186,3,297,597,340,223,147
2018,4,A,골목상권,1000735,국사봉길,570,192,378,0,56,117,159,173,65,0,13,33,54,57,35,0,43,84,105,116,30
2018,4,A,골목상권,1000734,국사봉2길,1344,630,714,0,154,334,374,314,168,0,57,166,188,134,85,0,97,168,186,180,83
2018,4,A,골목상권,1000733,국사봉1길,1625,663,962,4,160,344,427,402,288,4,61,166,187,126,119,0,99,178,240,276,169
2018,4,A,골목상권,1000732,영신로9길,1946,1137,809,2,175,343,470,500,456,0,69,202,267,278,321,2,106,141,203,222,135
2018,4,A,골목상권,1000731,영등포로84길,3869,1970,1899,10,556,787,787,926,803,1,173,404,433,483,476,9,383,383,354,443,327
2018,4,A,골목상권,1000730,영등포로80길,4214,2022,2192,16,590,792,952,992,872,7,166,362,480,499,508,9,424,430,472,493,364
2018,4,A,골목상권,1000729,영등포로62길,2568,1301,1267,9,235,490,585,600,649,7,83,258,293,281,379,2,152,232,292,319,270
2018,4,A,골목상권,1000728,영등포로35길,6446,3711,2735,32,887,1646,1692,1427,762,19,344,899,1046,914,489,13,543,747,646,513,273
2018,4,A,골목상권,1000727,영등포로27길,13211,7892,5319,39,1884,3206,3056,2714,2312,7,832,1925,2009,1697,1422,32,1052,1281,1047,1017,890
2018,4,A,골목상권,1000726,영등포로25길,13194,7931,5263,35,1991,3269,3034,2632,2233,11,884,1952,1997,1690,1397,24,1107,1317,1037,942,836
2018,4,A,골목상권,1000725,여의대방로61길,5080,2561,2519,13,880,1165,1115,921,986,1,338,609,609,461,543,12,542,556,506,460,443
2018,4,A,골목상권,1000724,여의대방로43나길,2450,1405,1045,0,182,337,521,794,616,0,60,177,309,440,419,0,122,160,212,354,197
2018,4,A,골목상권,1000723,여의대방로39길,2492,1307,1185,2,310,477,582,696,425,1,129,237,287,367,286,1,181,240,295,329,139
2018,4,A,골목상권,1000722,여의대방로35길,2843,1665,1178,8,358,651,674,638,514,4,157,361,361,405,377,4,201,290,313,233,137
2018,4,A,골목상권,1000721,양평로28길,13525,9067,4458,31,2095,4497,4080,2211,611,21,1018,2962,2860,1696,510,10,1077,1535,1220,515,101
2018,4,A,골목상권,1000720,양평로22라길,17052,11485,5567,28,2725,5846,5184,2481,788,4,1255,4015,3749,1835,627,24,1470,1831,1435,646,161
2018,4,A,골목상권,1000719,양평로19길,35286,17701,17585,114,6673,11886,10328,4508,1777,46,2608,6226,5005,2539,1277,68,4065,5660,5323,1969,500
2018,4,A,골목상권,1000718,신길로60길,2599,1312,1287,10,265,531,654,657,482,6,104,272,328,309,293,4,161,259,326,348,189
2018,4,A,골목상권,1000717,신길로42길,1034,476,558,2,115,215,265,260,177,0,47,106,124,106,93,2,68,109,141,154,84
2018,4,A,골목상권,1000716,신길로42가길,3641,2058,1583,8,305,632,852,989,855,4,120,324,468,556,586,4,185,308,384,433,269
2018,4,A,골목상권,1000715,신길로39길,1786,943,843,3,149,328,439,444,423,1,51,167,227,211,286,2,98,161,212,233,137
2018,4,A,골목상권,1000714,신길로17길,1717,928,789,6,171,306,409,414,411,1,80,164,206,207,270,5,91,142,203,207,141
2018,4,A,골목상권,1000713,선유서로28길,14871,8724,6147,68,2543,3419,3658,2890,2293,28,1179,2091,2223,1632,1571,40,1364,1328,1435,1258,722
2018,4,A,골목상권,1000712,선유서로25길,5343,3634,1709,25,586,1301,1364,1118,949,10,331,914,911,776,692,15,255,387,453,342,257
2018,4,A,골목상권,1000711,선유서로24길,7984,4606,3378,24,742,1559,2105,1717,1837,11,352,895,1193,1015,1140,13,390,664,912,702,697
2018,4,A,골목상권,1000710,선유로55길,19438,12917,6521,31,3020,6384,5765,2947,1291,5,1393,4379,4059,2081,1000,26,1627,2005,1706,866,291
2018,4,A,골목상권,1000709,디지털로74길,2701,924,1777,4,726,660,572,463,276,1,131,221,212,196,163,3,595,439,360,267,113
2018,4,A,골목상권,1000708,디지털로57길,2799,1415,1384,5,315,515,705,705,554,2,86,242,355,370,360,3,229,273,350,335,194
2018,4,A,골목상권,1000707,디지털로37길,7507,4172,3335,37,1555,2330,1672,1106,807,16,521,1300,1038,695,602,21,1034,1030,634,411,205
2018,4,A,골목상권,1000706,도신로62길,3358,1791,1567,12,401,553,750,879,763,6,158,290,416,465,456,6,243,263,334,414,307
2018,4,A,골목상권,1000705,도신로60길,2377,1347,1030,9,192,407,555,648,566,7,78,209,302,380,371,2,114,198,253,268,195
2018,4,A,골목상권,1000704,도신로29길,1065,525,540,2,111,209,286,260,197,1,34,96,143,125,126,1,77,113,143,135,71
2018,4,A,골목상권,1000703,도신로15길,2703,1678,1025,3,334,533,638,588,607,2,164,323,400,366,423,1,170,210,238,222,184
2018,4,A,골목상권,1000702,도림천로21길,16100,9739,6361,62,3154,5502,3983,2109,1290,28,1284,3411,2615,1486,915,34,1870,2091,1368,623,375
2018,4,A,골목상권,1000701,도림로63길,2734,1696,1038,8,336,531,715,739,405,3,175,333,441,467,277,5,161,198,274,272,128
2018,4,A,골목상권,1000700,도림로147길,17765,10896,6869,44,3450,4284,3961,3696,2330,17,1717,2765,2524,2207,1666,27,1733,1519,1437,1489,664
2018,4,A,골목상권,1000699,도림로112길,1371,705,666,3,147,285,360,334,242,2,49,136,191,168,159,1,98,149,169,166,83
2018,4,A,골목상권,1000698,대림로8길,4338,2144,2194,1,962,1311,977,729,358,0,269,696,543,425,211,1,693,615,434,304,147
2018,4,A,골목상권,1000697,대림로7길,4745,2960,1785,5,777,1614,1229,705,415,1,400,1076,747,466,270,4,377,538,482,239,145
2018,4,A,골목상권,1000696,대림로44길,5890,3613,2277,13,593,1297,1511,1428,1048,8,282,883,1059,841,540,5,311,414,452,587,508
2018,4,A,골목상권,1000695,대림로34길,6711,4011,2700,20,903,1574,1777,1495,942,11,354,980,1134,877,655,9,549,594,643,618,287
2018,4,A,골목상권,1000694,대림로31길,15871,10405,5466,30,2088,3845,3813,3401,2694,16,1269,2913,2747,1901,1559,14,819,932,1066,1500,1135
2018,4,A,골목상권,1000693,대림로29길,4827,2594,2233,15,628,853,1145,1262,924,8,223,414,591,723,635,7,405,439,554,539,289
2018,4,A,골목상권,1000692,대림로22길,2779,1349,1430,9,394,489,643,656,588,3,100,218,314,330,384,6,294,271,329,326,204
2018,4,A,골목상권,1000691,당산로46길,13918,8767,5151,61,1400,2616,3093,3310,3438,33,708,1736,2027,1961,2302,28,692,880,1066,1349,1136
2018,4,A,골목상권,1000690,당산로38길,18438,10776,7662,108,3782,5122,3772,3199,2455,55,1643,2985,2270,1997,1826,53,2139,2137,1502,1202,629
2018,4,A,골목상권,1000689,당산로37길,26435,9717,16718,172,6079,7898,6774,3372,2140,81,2066,2868,1891,1336,1475,91,4013,5030,4883,2036,665
2018,4,A,골목상권,1000688,당산로31길,22391,11393,10998,87,3967,5271,4739,4624,3703,44,1588,2692,2437,2339,2293,43,2379,2579,2302,2285,1410
2018,4,A,골목상권,1000687,국회대로56길,15129,8399,6730,69,2516,3606,4306,2807,1825,22,859,1831,2437,1943,1307,47,1657,1775,1869,864,518
2018,4,A,골목상권,1000686,경인로90길,20982,10921,10061,88,4231,6492,5575,2839,1757,34,1570,3295,3071,1744,1207,54,2661,3197,2504,1095,550
2018,4,A,골목상권,1000685,경인로80길,20596,11489,9107,79,3998,5692,5285,3216,2326,35,1582,3092,3068,2039,1673,44,2416,2600,2217,1177,653
2018,4,A,골목상권,1000684,경인로77길,25247,13604,11643,80,5084,7205,6510,3910,2458,36,1968,3790,3610,2409,1791,44,3116,3415,2900,1501,667
2018,4,A,골목상권,1000683,가마산로61길,1457,701,756,4,127,327,361,367,271,3,43,134,181,168,172,1,84,193,180,199,99
2018,4,A,골목상권,1000682,시흥대로94길,4436,2663,1773,6,401,851,1222,1251,705,6,213,536,748,724,436,0,188,315,474,527,269
2018,4,A,골목상권,1000681,시흥대로84길,1058,487,571,2,118,233,294,270,141,2,50,125,136,102,72,0,68,108,158,168,69
2018,4,A,골목상권,1000680,시흥대로68길,4676,1916,2760,10,783,916,899,947,1121,5,326,474,376,328,407,5,457,442,523,619,714
2018,4,A,골목상권,1000679,시흥대로63길,6463,2930,3533,13,874,1461,1313,1442,1360,3,347,672,598,719,591,10,527,789,715,723,769
2018,4,A,골목상권,1000678,시흥대로62가길,3491,1168,2323,4,405,478,629,868,1107,2,101,189,226,275,375,2,304,289,403,593,732
2018,4,A,골목상권,1000677,시흥대로36길,1854,1006,848,8,191,404,476,479,296,6,77,225,231,260,207,2,114,179,245,219,89
2018,4,A,골목상권,1000676,시흥대로22길,2258,1534,724,2,160,420,604,638,434,0,80,275,374,451,354,2,80,145,230,187,80
2018,4,A,골목상권,1000675,시흥대로153길,3446,2058,1388,10,499,821,910,819,387,8,244,487,585,481,253,2,255,334,325,338,134
2018,4,A,골목상권,1000674,시흥대로150길,3293,1668,1625,4,388,632,825,913,531,3,111,303,432,473,346,1,277,329,393,440,185
2018,4,A,골목상권,1000673,시흥대로141길,4124,2474,1650,9,540,775,1023,1121,656,8,253,442,608,676,487,1,287,333,415,445,169
2018,4,A,골목상권,1000672,시흥대로138길,2997,1709,1288,2,379,587,719,822,488,2,182,327,405,458,335,0,197,260,314,364,153
2018,4,A,골목상권,1000671,시흥대로120길,2683,1526,1157,3,354,471,683,702,470,2,205,285,370,361,303,1,149,186,313,341,167
2018,4,A,골목상권,1000670,벚꽃로56길,88616,53976,34640,1296,22927,27559,20126,10804,5904,560,10774,17863,13940,6569,4270,736,12153,9696,6186,4235,1634
2018,4,A,골목상권,1000669,범안로17길,8943,6095,2848,36,1013,1932,2239,2316,1407,23,620,1368,1514,1485,1085,13,393,564,725,831,322
2018,4,A,골목상권,1000668,범안로11길,30689,20490,10199,128,4726,8752,8160,5962,2961,79,2570,6104,5696,3859,2182,49,2156,2648,2464,2103,779
2018,4,A,골목상권,1000667,문성로5길,2963,1519,1444,1,265,712,751,746,488,1,96,372,377,346,327,0,169,340,374,400,161
2018,4,A,골목상권,1000666,독산로85길,1354,681,673,1,162,240,327,408,216,1,80,118,152,198,132,0,82,122,175,210,84
2018,4,A,골목상권,1000665,독산로78다길,958,373,585,0,101,144,239,299,175,0,30,44,84,113,102,0,71,100,155,186,73
2018,4,A,골목상권,1000664,독산로70길,1600,806,794,0,182,247,446,431,294,0,79,119,216,202,190,0,103,128,230,229,104
2018,4,A,골목상권,1000663,독산로64길,1043,409,634,1,79,155,294,301,213,1,12,51,94,119,132,0,67,104,200,182,81
2018,4,A,골목상권,1000662,독산로50길,724,234,490,0,72,160,217,197,78,0,16,58,50,62,48,0,56,102,167,135,30
2018,4,A,골목상권,1000661,독산로40길,819,241,578,1,83,121,224,277,113,1,22,35,69,74,40,0,61,86,155,203,73
2018,4,A,골목상권,1000660,독산로108길,6379,4072,2307,1,438,1139,1112,1213,2476,1,199,683,631,663,1895,0,239,456,481,550,581
2018,4,A,골목상권,1000659,남부순환로112길,6923,4102,2821,23,1086,2288,1790,1141,595,16,473,1417,1180,649,367,7,613,871,610,492,228
2018,4,A,골목상권,1000658,금하로24길,1889,1017,872,4,122,292,532,646,293,2,37,116,258,399,205,2,85,176,274,247,88
2018,4,A,골목상권,1000657,금하로1길,628,279,349,1,35,74,130,157,231,0,18,41,64,77,79,1,17,33,66,80,152
2018,4,A,골목상권,1000656,금하로14길,2415,1194,1221,3,262,370,566,658,556,2,79,174,296,295,348,1,183,196,270,363,208
2018,4,A,골목상권,1000655,가산로5길,26487,18917,7570,31,4198,8768,8025,4153,1312,17,2455,6040,6290,3127,988,14,1743,2728,1735,1026,324
2018,4,A,골목상권,1000654,가산로3길,31211,20913,10298,132,4840,8893,8209,6057,3080,83,2633,6201,5775,3932,2289,49,2207,2692,2434,2125,791
2018,4,A,골목상권,1000653,중앙로1길,5192,3019,2173,3,591,958,1165,1347,1128,1,246,510,635,773,854,2,345,448,530,574,274
2018,4,A,골목상권,1000652,중앙로15길,1855,992,863,7,192,340,469,472,375,0,83,176,209,253,271,7,109,164,260,219,104
2018,4,A,골목상권,1000651,우마길,16103,10489,5614,53,2832,4987,4250,2589,1392,35,1454,3455,2957,1543,1045,18,1378,1532,1293,1046,347
2018,4,A,골목상권,1000650,오류로8길,2713,1384,1329,13,252,440,649,734,625,3,98,231,290,331,431,10,154,209,359,403,194
2018,4,A,골목상권,1000649,신도림로13길,2580,1783,797,2,224,472,643,770,469,2,118,304,428,549,382,0,106,168,215,221,87
2018,4,A,골목상권,1000648,새말로18길,15305,10093,5212,41,2687,4402,3480,2683,2012,14,1576,3129,2482,1650,1242,27,1111,1273,998,1033,770
2018,4,A,골목상권,1000647,부일로1길,2210,1602,608,34,280,517,451,570,358,31,175,353,301,420,322,3,105,164,150,150,36
2018,4,A,골목상권,1000646,부일로15길,976,614,362,2,84,166,220,267,237,0,30,80,138,175,191,2,54,86,82,92,46
2018,4,A,골목상권,1000645,부일로11길,1687,926,761,0,169,377,429,466,246,0,64,221,236,236,169,0,105,156,193,230,77
2018,4,A,골목상권,1000644,디지털로32길,34622,20868,13754,126,6580,12124,9285,4278,2229,66,2843,7700,5943,2658,1658,60,3737,4424,3342,1620,571
2018,4,A,골목상권,1000643,디지털로32가길,34484,20859,13625,128,6535,12045,9108,4368,2300,67,2831,7677,5919,2701,1664,61,3704,4368,3189,1667,636
2018,4,A,골목상권,1000642,디지털로27길,53978,35022,18956,244,11282,18829,13161,6779,3683,147,5421,12632,9536,4459,2827,97,5861,6197,3625,2320,856
2018,4,A,골목상권,1000641,도림로6길,3827,2301,1526,11,663,1005,964,730,454,5,286,629,589,465,327,6,377,376,375,265,127
2018,4,A,골목상권,1000640,도림로12길,7769,5116,2653,100,1490,2484,2031,1127,537,66,768,1776,1489,685,332,34,722,708,542,442,205
2018,4,A,골목상권,1000639,남부순환로97길,1481,758,723,2,151,241,397,373,317,1,58,113,174,191,221,1,93,128,223,182,96
2018,4,A,골목상권,1000638,구로중앙로8길,2942,1505,1437,2,305,590,804,764,477,1,102,246,382,443,331,1,203,344,422,321,146
2018,4,A,골목상권,1000637,구로중앙로7길,2620,1336,1284,2,268,470,715,718,447,1,88,190,335,412,310,1,180,280,380,306,137
2018,4,A,골목상권,1000636,구로중앙로42길,12969,7846,5123,28,1753,4221,3276,2492,1199,22,791,2168,2030,1855,980,6,962,2053,1246,637,219
2018,4,A,골목상권,1000635,구로중앙로34길,6471,3595,2876,25,666,1145,1431,1382,1822,18,330,733,937,778,799,7,336,412,494,604,1023
2018,4,A,골목상권,1000634,구로중앙로28길,17022,10849,6173,18,1941,4076,4007,3718,3262,9,1204,2938,2807,2225,1666,9,737,1138,1200,1493,1596
2018,4,A,골목상권,1000633,구로중앙로19길,5648,3202,2446,4,643,1516,1431,1380,674,1,259,800,784,934,424,3,384,716,647,446,250
2018,4,A,골목상권,1000632,구로동로8길,5042,2193,2849,1,1186,1840,1175,612,228,0,290,902,630,239,132,1,896,938,545,373,96
2018,4,A,골목상권,1000631,구로동로7길,23289,16606,6683,91,4947,8039,6179,2805,1228,58,2802,5824,4853,2110,959,33,2145,2215,1326,695,269
2018,4,A,골목상권,1000630,구로동로42길,6980,3612,3368,21,751,1558,1451,1513,1686,15,352,857,798,919,671,6,399,701,653,594,1015
2018,4,A,골목상권,1000629,구로동로41길,979,527,452,0,125,234,273,220,127,0,61,130,143,107,86,0,64,104,130,113,41
2018,4,A,골목상권,1000628,구로동로38길,4694,2768,1926,3,529,1324,1158,1160,520,0,238,721,664,805,340,3,291,603,494,355,180
2018,4,A,골목상권,1000627,구로동로28길,6247,2939,3308,6,1297,1848,1390,1189,517,1,327,825,723,716,347,5,970,1023,667,473,170
2018,4,A,골목상권,1000626,구로동로15길,23099,16487,6612,91,4945,8001,6152,2784,1126,58,2793,5796,4842,2095,903,33,2152,2205,1310,689,223
2018,4,A,골목상권,1000625,공원로6가길,16106,10591,5515,43,2745,4522,3724,2984,2088,17,1594,3194,2633,1847,1306,26,1151,1328,1091,1137,782
2018,4,A,골목상권,1000624,고척로52길,2562,1403,1159,1,210,443,633,769,506,1,97,239,321,406,339,0,113,204,312,363,167
2018,4,A,골목상권,1000623,고척로27다길,1208,492,716,1,92,247,348,382,138,1,24,89,113,177,88,0,68,158,235,205,50
2018,4,A,골목상권,1000622,고척로27길,1484,613,871,1,158,269,393,479,184,1,46,113,132,221,100,0,112,156,261,258,84
2018,4,A,골목상권,1000621,고척로21나길,1409,530,879,3,173,240,330,435,228,3,47,98,111,159,112,0,126,142,219,276,116
2018,4,A,골목상권,1000620,경인로47길,3897,2211,1686,2,424,732,855,933,951,1,160,401,479,526,644,1,264,331,376,407,307
2018,4,A,골목상권,1000619,경인로35길,2971,1505,1466,0,244,504,767,852,604,0,106,248,352,422,377,0,138,256,415,430,227
2018,4,A,골목상권,1000618,경인로31길,1060,478,582,1,80,161,324,319,175,1,26,70,126,149,106,0,54,91,198,170,69
2018,4,A,골목상권,1000617,경인로15길,1329,682,647,2,171,276,352,311,217,0,49,142,185,154,152,2,122,134,167,157,65
2018,4,A,골목상권,1000616,개봉로3길,4178,2289,1889,0,134,179,303,538,3024,0,63,75,121,251,1779,0,71,104,182,287,1245
2018,4,A,골목상권,1000615,개봉로2길,4598,2442,2156,0,142,273,457,640,3086,0,41,104,194,287,1816,0,101,169,263,353,1270
2018,4,A,골목상권,1000614,개봉로23가길,2762,1536,1226,2,290,480,674,741,575,1,128,245,331,414,417,1,162,235,343,327,158
2018,4,A,골목상권,1000613,개봉로20길,1660,780,880,1,183,294,468,396,318,1,64,104,185,193,233,0,119,190,283,203,85
2018,4,A,골목상권,1000612,개봉로1길,4250,2403,1847,0,149,237,331,501,3032,0,65,150,167,236,1785,0,84,87,164,265,1247
2018,4,A,골목상권,1000611,개봉로17다길,2152,863,1289,3,256,390,546,595,362,2,70,155,223,208,205,1,186,235,323,387,157
2018,4,A,골목상권,1000610,개봉로17길,1896,721,1175,2,215,369,482,547,281,1,58,142,194,175,151,1,157,227,288,372,130
2018,4,A,골목상권,1000609,개봉로11길,5496,2765,2731,2,296,440,639,912,3207,1,108,178,266,356,1856,1,188,262,373,556,1351
2018,4,A,골목상권,1000608,화곡로64길,17556,9976,7580,93,3483,4339,3883,3810,1948,56,1591,2652,2560,1997,1120,37,1892,1687,1323,1813,828
2018,4,A,골목상권,1000607,화곡로59길,12067,7072,4995,29,1791,2410,2615,3287,1935,20,1035,1626,1752,1599,1040,9,756,784,863,1688,895
2018,4,A,골목상권,1000606,화곡로44나길,6306,3916,2390,6,618,1473,1555,1646,1008,5,276,796,934,1123,782,1,342,677,621,523,226
2018,4,A,골목상권,1000605,화곡로31길,3578,1611,1967,7,483,727,895,855,611,1,131,310,407,389,373,6,352,417,488,466,238
2018,4,A,골목상권,1000604,화곡로20길,2658,1447,1211,2,242,490,656,762,506,2,103,252,339,405,346,0,139,238,317,357,160
2018,4,A,골목상권,1000603,화곡로13길,2230,1169,1061,1,228,371,553,648,429,0,80,163,263,351,312,1,148,208,290,297,117
2018,4,A,골목상권,1000602,초원로16길,3541,1854,1687,12,481,824,812,699,713,2,174,436,496,403,343,10,307,388,316,296,370
2018,4,A,골목상권,1000601,초록마을로8길,888,250,638,1,111,180,249,202,145,0,24,50,66,53,57,1,87,130,183,149,88
2018,4,A,골목상권,1000600,초록마을로3길,2636,1715,921,4,227,443,623,626,713,4,94,247,387,403,580,0,133,196,236,223,133
2018,4,A,골목상권,1000599,월정로20길,1836,1153,683,7,167,276,411,598,377,5,74,165,262,374,273,2,93,111,149,224,104
2018,4,A,골목상권,1000598,우장산로6길,2905,1370,1535,4,400,670,747,709,375,4,104,281,357,376,248,0,296,389,390,333,127
2018,4,A,골목상권,1000597,양천로73가길,4065,2733,1332,11,423,1019,1052,917,643,9,235,677,695,607,510,2,188,342,357,310,133
2018,4,A,골목상권,1000596,양천로71길,3291,1995,1296,3,295,751,894,874,474,3,121,413,535,537,386,0,174,338,359,337,88
2018,4,A,골목상권,1000595,양천로49길,4131,2701,1430,22,348,773,942,1167,879,16,194,490,594,697,710,6,154,283,348,470,169
2018,4,A,골목상권,1000594,양천로26길,1996,1252,744,2,219,426,536,493,320,1,115,269,339,295,233,1,104,157,197,198,87
2018,4,A,골목상권,1000593,양천로24길,2917,1562,1355,6,306,676,758,713,458,2,150,419,405,336,250,4,156,257,353,377,208
2018,4,A,골목상권,1000592,양천로24가길,3211,1727,1484,4,346,746,851,747,517,2,160,457,488,346,274,2,186,289,363,401,243
2018,4,A,골목상권,1000591,양천로14길,8044,5462,2582,15,1194,2128,1925,2011,771,2,543,1564,1375,1468,510,13,651,564,550,543,261
2018,4,A,골목상권,1000590,방화대로6라길,6133,4437,1696,11,797,1289,2046,1328,662,4,575,941,1519,943,455,7,222,348,527,385,207
2018,4,A,골목상권,1000589,방화대로21길,2966,1509,1457,12,395,587,688,584,700,1,138,300,397,332,341,11,257,287,291,252,359
2018,4,A,골목상권,1000588,등촌로5길,1874,961,913,3,179,371,488,494,339,0,61,186,255,253,206,3,118,185,233,241,133
2018,4,A,골목상권,1000587,등촌로55길,3441,1892,1549,10,405,744,792,794,696,9,168,415,463,433,404,1,237,329,329,361,292
2018,4,A,골목상권,1000586,등촌로51길,2622,1388,1234,5,280,520,585,638,594,4,111,294,329,317,333,1,169,226,256,321,261
2018,4,A,골목상권,1000585,등촌로39길,1497,614,883,4,128,249,317,374,425,4,37,100,142,147,184,0,91,149,175,227,241
2018,4,A,골목상권,1000584,등촌로13길,1777,814,963,1,144,358,466,533,275,0,43,173,174,258,166,1,101,185,292,275,109
2018,4,A,골목상권,1000583,남부순환로11길,4330,3480,850,3,563,968,1463,905,428,1,444,752,1216,747,320,2,119,216,247,158,108
2018,4,A,골목상권,1000582,까치산로4길,1967,773,1194,3,276,450,499,449,290,0,69,198,197,170,139,3,207,252,302,279,151
2018,4,A,골목상권,1000581,국회대로7길,3847,1762,2085,7,481,889,1011,899,560,2,154,418,490,374,324,5,327,471,521,525,236
2018,4,A,골목상권,1000580,공항대로8길,5091,3819,1272,15,769,1174,1629,1027,477,2,532,859,1319,773,334,13,237,315,310,254,143
2018,4,A,골목상권,1000579,공항대로61길,5318,3189,2129,12,724,1377,1300,1106,799,7,296,805,801,674,606,5,428,572,499,432,193
2018,4,A,골목상권,1000578,공항대로59다길,7386,4497,2889,13,864,1848,2028,1668,965,8,338,1053,1319,1058,721,5,526,795,709,610,244
2018,4,A,골목상권,1000577,공항대로59길,5087,3043,2044,12,764,1258,1205,1066,782,6,324,755,705,665,588,6,440,503,500,401,194
2018,4,A,골목상권,1000576,공항대로55길,10389,5825,4564,73,2221,2981,2446,1739,929,41,777,1672,1596,1154,585,32,1444,1309,850,585,344
2018,4,A,골목상권,1000575,공항대로42길,5437,2657,2780,19,611,1033,1217,1366,1191,10,269,571,678,587,542,9,342,462,539,779,649
2018,4,A,골목상권,1000574,공항대로38길,3471,1552,1919,36,559,650,849,798,579,18,226,303,397,303,305,18,333,347,452,495,274
2018,4,A,골목상권,1000573,곰달래로60길,3235,1428,1807,9,424,751,824,776,451,1,125,328,396,328,250,8,299,423,428,448,201
2018,4,A,골목상권,1000572,곰달래로53길,1089,443,646,0,102,208,317,313,149,0,22,93,111,135,82,0,80,115,206,178,67
2018,4,A,골목상권,1000571,곰달래로47길,948,399,549,0,87,175,276,267,143,0,21,86,101,114,77,0,66,89,175,153,66
2018,4,A,골목상권,1000570,곰달래로31길,1577,621,956,1,189,316,413,408,250,1,68,139,163,122,128,0,121,177,250,286,122
2018,4,A,골목상권,1000569,곰달래로25길,1944,727,1217,3,232,391,499,500,319,0,70,161,210,138,148,3,162,230,289,362,171
2018,4,A,골목상권,1000568,개화동로25길,13793,9421,4372,23,3350,3704,2899,2500,1317,5,1400,2502,2329,2068,1117,18,1950,1202,570,432,200
2018,4,A,골목상권,1000567,개화동로23길,11116,6913,4203,21,2867,3029,1877,1928,1394,6,972,1920,1414,1563,1038,15,1895,1109,463,365,356
2018,4,A,골목상권,1000566,강서로8길,3988,2029,1959,4,483,894,976,1051,580,1,218,505,510,463,332,3,265,389,466,588,248
2018,4,A,골목상권,1000565,강서로5라길,2875,1508,1367,6,333,715,755,700,366,3,160,435,386,298,226,3,173,280,369,402,140
2018,4,A,골목상권,1000564,강서로5나길,2357,1458,899,6,193,350,527,781,500,3,103,221,347,468,316,3,90,129,180,313,184
2018,4,A,골목상권,1000563,강서로5가길,3034,1488,1546,4,365,653,722,821,469,1,159,373,395,339,221,3,206,280,327,482,248
2018,4,A,골목상권,1000562,강서로47라길,3066,1172,1894,8,384,670,808,853,343,3,69,230,284,375,211,5,315,440,524,478,132
2018,4,A,골목상권,1000561,강서로47길,2931,1108,1823,9,402,665,788,742,325,3,62,224,290,324,205,6,340,441,498,418,120
2018,4,A,골목상권,1000560,강서로45다길,2131,982,1149,3,251,310,477,619,471,1,75,122,217,294,273,2,176,188,260,325,198
2018,4,A,골목상권,1000559,강서로45길,1832,675,1157,5,223,331,443,543,287,1,54,132,162,192,134,4,169,199,281,351,153
2018,4,A,골목상권,1000558,강서로35길,2563,1256,1307,6,338,477,650,623,469,1,101,197,329,317,311,5,237,280,321,306,158
2018,4,A,골목상권,1000557,강서로29길,3418,1627,1791,6,397,688,889,891,547,2,130,314,423,423,335,4,267,374,466,468,212
2018,4,A,골목상권,1000556,강서로18길,1547,604,943,1,160,285,389,399,313,0,53,125,155,127,144,1,107,160,234,272,169
2018,4,A,골목상권,1000555,강서로17가길,1387,550,837,4,153,273,365,365,227,2,56,121,157,109,105,2,97,152,208,256,122
2018,4,A,골목상권,1000554,강서로15길,2418,1236,1182,13,238,438,619,682,428,7,92,209,329,349,250,6,146,229,290,333,178
2018,4,A,골목상권,1000553,가로공원로80길,1657,797,860,3,159,303,438,484,270,2,71,151,206,228,139,1,88,152,232,256,131
2018,4,A,골목상권,1000552,가로공원로76가길,2024,1079,945,10,191,346,523,596,358,6,85,165,273,325,225,4,106,181,250,271,133
2018,4,A,골목상권,1000551,화곡로4길,4025,2621,1404,4,295,628,772,930,1396,3,83,303,410,568,1254,1,212,325,362,362,142
2018,4,A,골목상권,1000550,화곡로3길,1710,767,943,1,199,363,507,457,183,1,53,144,228,209,132,0,146,219,279,248,51
2018,4,A,골목상권,1000549,지양로7길,1576,914,662,1,78,195,413,581,308,1,24,92,203,366,228,0,54,103,210,215,80
2018,4,A,골목상권,1000548,중앙로55길,3903,2122,1781,2,422,842,987,1094,556,1,208,498,529,552,334,1,214,344,458,542,222
2018,4,A,골목상권,1000547,중앙로51길,3015,1505,1510,2,292,572,787,870,492,1,145,297,362,429,271,1,147,275,425,441,221
2018,4,A,골목상권,1000546,중앙로47길,1392,556,836,2,158,221,346,402,263,0,39,88,133,165,131,2,119,133,213,237,132
2018,4,A,골목상권,1000545,중앙로45길,1885,873,1012,2,186,287,469,504,437,0,49,120,212,262,230,2,137,167,257,242,207
2018,4,A,골목상권,1000544,중앙로36길,2066,1052,1014,9,286,412,469,506,384,3,126,210,232,259,222,6,160,202,237,247,162
2018,4,A,골목상권,1000543,중앙로32길,3308,1963,1345,11,316,662,813,765,741,5,125,327,483,468,555,6,191,335,330,297,186
2018,4,A,골목상권,1000542,중앙로25길,1076,432,644,3,121,178,270,295,209,1,31,63,108,122,107,2,90,115,162,173,102
2018,4,A,골목상권,1000541,은행정로7길,3878,2348,1530,9,373,577,629,833,1457,5,154,299,318,419,1153,4,219,278,311,414,304
2018,4,A,골목상권,1000540,은행정로5길,1944,969,975,10,280,402,419,467,366,5,127,209,210,228,190,5,153,193,209,239,176
2018,4,A,골목상권,1000539,오목로5길,2906,1762,1144,3,216,460,664,890,673,2,90,274,333,538,525,1,126,186,331,352,148
2018,4,A,골목상권,1000538,오목로3길,3692,2519,1173,5,234,487,716,1200,1050,3,109,315,395,826,871,2,125,172,321,374,179
2018,4,A,골목상권,1000537,오목로30길,4402,2699,1703,9,336,587,784,1038,1648,8,140,289,402,573,1287,1,196,298,382,465,361
2018,4,A,골목상권,1000536,오목로23길,4013,2367,1646,6,406,833,939,987,842,6,206,510,529,532,584,0,200,323,410,455,258
2018,4,A,골목상권,1000535,신월로20길,1627,719,908,2,192,286,411,413,323,2,69,131,184,161,172,0,123,155,227,252,151
2018,4,A,골목상권,1000534,신월로15길,3158,1811,1347,5,227,422,706,950,848,4,92,206,304,561,644,1,135,216,402,389,204
2018,4,A,골목상권,1000533,신목로6길,2779,1082,1697,12,365,567,742,690,403,4,90,235,286,244,223,8,275,332,456,446,180
2018,4,A,골목상권,1000532,신목로5길,2135,954,1181,9,204,439,611,591,281,5,64,176,255,288,166,4,140,263,356,303,115
2018,4,A,골목상권,1000531,신목로2길,1764,779,985,8,169,323,504,480,280,4,48,145,210,193,179,4,121,178,294,287,101
2018,4,A,골목상권,1000530,목동중앙서로8가길,1563,850,713,5,154,264,376,411,353,1,62,136,200,205,246,4,92,128,176,206,107
2018,4,A,골목상권,1000529,목동중앙서로7길,2330,1212,1118,5,182,411,567,681,484,1,76,209,262,346,318,4,106,202,305,335,166
2018,4,A,골목상권,1000528,목동중앙북로8길,2806,1384,1422,4,300,516,618,652,716,4,114,269,316,289,392,0,186,247,302,363,324
2018,4,A,골목상권,1000527,목동중앙북로16길,2438,1469,969,0,250,532,818,574,264,0,79,310,535,367,178,0,171,222,283,207,86
2018,4,A,골목상권,1000526,목동중앙본로7길,1661,770,891,0,135,338,418,497,273,0,48,169,155,228,170,0,87,169,263,269,103
2018,4,A,골목상권,1000525,목동중앙로3길,1256,493,763,2,119,251,342,331,211,1,33,87,118,124,130,1,86,164,224,207,81
2018,4,A,골목상권,1000524,목동중앙로13나길,1997,1278,719,6,275,547,537,454,178,3,132,365,319,327,132,3,143,182,218,127,46
2018,4,A,골목상권,1000523,목동중앙남로3가길,1500,730,770,1,117,311,374,436,261,0,47,163,153,216,151,1,70,148,221,220,110
2018,4,A,골목상권,1000522,목동로9길,5321,2710,2611,15,567,1059,1322,1298,1060,7,190,480,689,659,685,8,377,579,633,639,375
2018,4,A,골목상권,1000521,목동로19길,7679,4136,3543,18,730,1429,1745,1748,2009,8,202,612,904,894,1516,10,528,817,841,854,493
2018,4,A,골목상권,1000520,목동동로8길,1938,820,1118,8,173,409,544,540,264,4,51,138,216,260,151,4,122,271,328,280,113
2018,4,A,골목상권,1000519,목동동로12길,6463,3616,2847,22,1111,1697,1664,1251,718,8,461,956,1032,732,427,14,650,741,632,519,291
2018,4,A,골목상권,1000518,목동남로4길,1598,850,748,2,203,332,348,353,360,0,103,200,168,180,199,2,100,132,180,173,161
2018,4,A,골목상권,1000517,남부순환로88길,2085,1643,442,0,101,225,432,621,706,0,38,134,317,503,651,0,63,91,115,118,55
2018,4,A,골목상권,1000516,남부순환로79길,1930,999,931,4,172,284,498,518,454,4,62,143,222,268,300,0,110,141,276,250,154
2018,4,A,골목상권,1000515,남부순환로70길,3380,2227,1153,6,192,380,743,1168,891,6,87,231,415,786,702,0,105,149,328,382,189
2018,4,A,골목상권,1000514,남부순환로58길,1595,800,795,7,172,304,443,450,219,6,96,167,207,203,121,1,76,137,236,247,98
2018,4,A,골목상권,1000513,남부순환로40길,3820,2514,1306,4,262,619,739,907,1289,3,78,312,395,565,1161,1,184,307,344,342,128
2018,4,A,골목상권,1000512,남부순환로33길,2978,1889,1089,2,208,434,542,617,1175,2,83,212,255,297,1040,0,125,222,287,320,135
2018,4,A,골목상권,1000511,곰달래로5길,3945,2397,1548,6,284,651,844,903,1257,5,116,347,416,451,1062,1,168,304,428,452,195
2018,4,A,골목상권,1000510,곰달래로3길,2378,1272,1106,6,190,398,638,765,381,3,90,200,326,412,241,3,100,198,312,353,140
2018,4,A,골목상권,1000509,곰달래로2길,3097,2122,975,9,221,384,736,1077,670,8,106,249,478,758,523,1,115,135,258,319,147
2018,4,A,골목상권,1000508,곰달래로10길,2812,1707,1105,9,225,465,686,873,554,6,94,273,399,541,394,3,131,192,287,332,160
2018,4,A,골목상권,1000507,가로공원로58길,2670,1554,1116,4,220,549,636,796,465,3,58,268,345,510,370,1,162,281,291,286,95
2018,4,A,골목상권,1000506,효창원로93길,4594,2134,2460,11,940,1115,1225,932,371,3,341,479,563,528,220,8,599,636,662,404,151
2018,4,A,골목상권,1000505,토정로37길,18387,11082,7305,96,2921,4578,4505,3718,2569,36,1284,2822,3113,2158,1669,60,1637,1756,1392,1560,900
2018,4,A,골목상권,1000504,월드컵로8길,20554,10893,9661,89,4207,6909,5197,2596,1556,26,1402,3400,3205,1784,1076,63,2805,3509,1992,812,480
2018,4,A,골목상권,1000503,월드컵로7길,13233,7584,5649,48,2502,4138,3457,1935,1153,16,873,2200,2329,1374,792,32,1629,1938,1128,561,361
2018,4,A,골목상권,1000502,월드컵로36길,5868,2272,3596,14,526,777,991,1845,1715,9,187,391,521,586,578,5,339,386,470,1259,1137
2018,4,A,골목상권,1000501,월드컵로25길,2094,1101,993,1,258,493,568,486,288,1,107,267,309,231,186,0,151,226,259,255,102
2018,4,A,골목상권,1000500,월드컵로19길,7020,3725,3295,34,1430,1480,1494,1280,1302,21,592,797,822,570,923,13,838,683,672,710,379
2018,4,A,골목상권,1000499,월드컵로16길,10157,5382,4775,37,2033,2494,2307,1733,1553,20,826,1303,1294,842,1097,17,1207,1191,1013,891,456
2018,4,A,골목상권,1000498,월드컵로11길,6101,3166,2935,28,1358,1338,1208,1104,1065,14,568,706,671,463,744,14,790,632,537,641,321
2018,4,A,골목상권,1000497,월드컵로10길,12516,6638,5878,66,2621,3274,2730,1965,1860,28,1072,1707,1591,955,1285,38,1549,1567,1139,1010,575
2018,4,A,골목상권,1000496,와우산로3길,5442,3283,2159,34,1697,1796,1064,552,299,24,827,1202,697,328,205,10,870,594,367,224,94
2018,4,A,골목상권,1000495,와우산로29길,5261,2557,2704,12,1203,1330,1176,894,646,3,570,751,575,356,302,9,633,579,601,538,344
2018,4,A,골목상권,1000494,와우산로29가길,6641,4154,2487,24,1473,1732,1540,1117,755,7,716,1105,1033,734,559,17,757,627,507,383,196
2018,4,A,골목상권,1000493,양화진길,9691,4998,4693,32,2079,3378,2440,1146,616,9,640,1652,1511,766,420,23,1439,1726,929,380,196
2018,4,A,골목상권,1000492,양화로1길,8411,4360,4051,30,1722,2808,2079,985,787,8,548,1351,1260,619,574,22,1174,1457,819,366,213
2018,4,A,골목상권,1000491,양화로11길,14766,8046,6720,60,2983,4817,3632,1997,1277,21,1077,2437,2231,1377,903,39,1906,2380,1401,620,374
2018,4,A,골목상권,1000490,신촌로30길,1026,357,669,7,145,266,268,198,142,6,24,71,90,85,81,1,121,195,178,113,61
2018,4,A,골목상권,1000489,신촌로28가길,765,276,489,8,92,217,214,148,86,6,18,57,70,70,55,2,74,160,144,78,31
2018,4,A,골목상권,1000488,신촌로12길,7231,3341,3890,17,1506,1775,1653,1327,953,4,575,870,841,589,462,13,931,905,812,738,491
2018,4,A,골목상권,1000487,숭문길,29628,17117,12511,188,4711,6095,6830,9771,2033,67,1766,3002,3491,7202,1589,121,2945,3093,3339,2569,444
2018,4,A,골목상권,1000486,숭문8길,10376,6612,3764,27,1245,2307,2737,2625,1435,7,606,1355,1802,1789,1053,20,639,952,935,836,382
2018,4,A,골목상권,1000485,성지3길,3331,1918,1413,5,666,1037,815,522,286,3,233,600,537,351,194,2,433,437,278,171,92
2018,4,A,골목상권,1000484,성산로4길,7318,3363,3955,20,814,1312,1410,2116,1646,12,314,717,841,864,615,8,500,595,569,1252,1031
2018,4,A,골목상권,1000483,성미산로32길,3511,1982,1529,15,738,1020,848,575,315,7,356,603,482,326,208,8,382,417,366,249,107
2018,4,A,골목상권,1000482,성미산로1길,7976,4200,3776,36,1420,1526,1775,1668,1551,24,588,827,971,743,1047,12,832,699,804,925,504
2018,4,A,골목상권,1000481,성미산로11길,5453,3152,2301,12,900,1504,1374,1035,628,6,363,861,848,633,441,6,537,643,526,402,187
2018,4,A,골목상권,1000480,백범로16길,38317,22289,16028,188,5819,8372,8952,11783,3203,68,2377,4620,4978,8017,2229,120,3442,3752,3974,3766,974
2018,4,A,골목상권,1000479,방울내로9안길,6304,2624,3680,17,627,945,1200,1931,1584,10,247,502,673,650,542,7,380,443,527,1281,1042
2018,4,A,골목상권,1000478,모래내로7길,1375,699,676,1,144,268,348,360,254,0,40,117,186,201,155,1,104,151,162,159,99
2018,4,A,골목상권,1000477,매봉산로2길,22115,13829,8286,33,4456,8278,5928,2510,910,14,1830,5118,4316,1830,721,19,2626,3160,1612,680,189
2018,4,A,골목상권,1000476,망원로2길,2741,1520,1221,4,429,727,713,568,300,3,183,415,415,293,211,1,246,312,298,275,89
2018,4,A,골목상권,1000475,망원로11길,4672,2670,2002,20,697,1038,1258,945,714,14,283,580,721,567,505,6,414,458,537,378,209
2018,4,A,골목상권,1000474,만리재옛길,9393,4824,4569,20,1655,2751,2470,1530,967,6,583,1303,1447,946,539,14,1072,1448,1023,584,428
2018,4,A,골목상권,1000473,마포대로4길,18429,10737,7692,97,3069,4460,4409,3751,2643,34,1310,2624,2943,2125,1701,63,1759,1836,1466,1626,942
2018,4,A,골목상권,1000472,마포대로20길,10927,6043,4884,20,2117,3542,2820,1514,914,5,990,1929,1703,905,511,15,1127,1613,1117,609,403
2018,4,A,골목상권,1000471,마포대로12길,23468,13573,9895,68,4692,7350,6379,3856,1123,30,1780,3936,4242,2776,809,38,2912,3414,2137,1080,314
2018,4,A,골목상권,1000470,동교로38길,4280,2480,1800,21,849,1242,1101,678,389,11,391,735,710,383,250,10,458,507,391,295,139
2018,4,A,골목상권,1000469,동교로27길,11433,5402,6031,47,2907,3455,2401,1529,1094,19,868,1748,1473,784,510,28,2039,1707,928,745,584
2018,4,A,골목상권,1000468,동교로25길,17150,8601,8549,62,3915,5008,3806,2689,1670,26,1178,2531,2364,1572,930,36,2737,2477,1442,1117,740
2018,4,A,골목상권,1000467,동교로19길,13036,7177,5859,44,2552,4008,3264,2090,1078,19,914,2066,2036,1364,778,25,1638,1942,1228,726,300
2018,4,A,골목상권,1000466,동교로17길,16994,9191,7803,65,3410,4674,3942,2891,2012,27,1310,2416,2398,1644,1396,38,2100,2258,1544,1247,616
2018,4,A,골목상권,1000465,독막로8길,6895,3868,3027,36,2098,2352,1373,678,358,21,897,1427,869,418,236,15,1201,925,504,260,122
2018,4,A,골목상권,1000464,독막로32길,4166,2306,1860,18,525,1026,1205,801,591,8,224,544,696,428,406,10,301,482,509,373,185
2018,4,A,골목상권,1000463,독막로22길,2683,1427,1256,12,479,792,641,475,284,8,178,401,385,273,182,4,301,391,256,202,102
2018,4,A,골목상권,1000462,도화길,26843,15869,10974,139,4794,6832,6510,5636,2932,50,2300,4174,4297,3168,1880,89,2494,2658,2213,2468,1052
2018,4,A,골목상권,1000461,도화4길,14793,7912,6881,111,2657,3453,3354,3258,1960,44,1220,2035,2000,1439,1174,67,1437,1418,1354,1819,786
2018,4,A,골목상권,1000460,대흥로28길,2344,923,1421,17,358,587,661,466,255,5,100,215,234,210,159,12,258,372,427,256,96
2018,4,A,골목상권,1000459,대흥로21길,6774,3254,3520,47,1116,1854,1657,1309,791,13,378,818,820,730,495,34,738,1036,837,579,296
2018,4,A,골목상권,1000458,광성로6길,3708,1902,1806,8,533,929,964,749,525,0,194,436,527,399,346,8,339,493,437,350,179
2018,4,A,골목상권,1000457,홍제내길,1111,532,579,0,138,210,274,291,198,0,29,95,145,141,122,0,109,115,129,150,76
2018,4,A,골목상권,1000456,홍연길,1502,881,621,0,131,238,354,447,332,0,46,126,188,281,240,0,85,112,166,166,92
2018,4,A,골목상권,1000455,통일로39길,1324,493,831,1,212,278,302,290,241,1,49,103,108,126,106,0,163,175,194,164,135
2018,4,A,골목상권,1000454,통일로37길,1591,599,992,2,255,353,390,348,243,2,53,129,142,149,124,0,202,224,248,199,119
2018,4,A,골목상권,1000453,통일로11길,1322,523,799,2,148,316,370,354,132,1,29,105,152,159,77,1,119,211,218,195,55
2018,4,A,골목상권,1000452,충정로6길,73203,43453,29750,128,11649,24296,21934,12330,2866,38,4894,13672,13741,8946,2162,90,6755,10624,8193,3384,704
2018,4,A,골목상권,1000451,충정로4길,29853,18344,11509,47,4790,10048,8109,4657,2202,21,2142,5962,5450,3182,1587,26,2648,4086,2659,1475,615
2018,4,A,골목상권,1000450,증가로6길,1479,896,583,4,118,230,354,444,329,2,38,116,207,285,248,2,80,114,147,159,81
2018,4,A,골목상권,1000449,증가로23나길,2271,1067,1204,5,238,406,562,637,423,3,88,182,229,303,262,2,150,224,333,334,161
2018,4,A,골목상권,1000448,증가로20가길,1572,738,834,6,177,296,440,394,259,3,56,110,171,205,193,3,121,186,269,189,66
2018,4,A,골목상권,1000447,증가로10길,1871,1030,841,5,207,336,458,496,369,2,76,161,236,292,263,3,131,175,222,204,106
2018,4,A,골목상권,1000446,응암로1길,3364,1951,1413,13,421,780,838,819,493,8,199,494,505,450,295,5,222,286,333,369,198
2018,4,A,골목상권,1000445,연희로10길,2020,1071,949,2,335,388,433,512,350,1,127,199,209,278,257,1,208,189,224,234,93
2018,4,A,골목상권,1000444,신촌로37길,5662,3175,2487,4,945,2002,1320,898,493,0,475,1176,810,458,256,4,470,826,510,440,237
2018,4,A,골목상권,1000443,수색로8길,4447,3641,806,7,229,407,527,817,2460,6,100,232,354,620,2329,1,129,175,173,197,131
2018,4,A,골목상권,1000442,세무서길,1866,666,1200,2,273,395,464,431,301,1,63,115,139,183,165,1,210,280,325,248,136
2018,4,A,골목상권,1000441,세무서2길,1837,685,1152,2,286,354,458,426,311,2,63,123,158,172,167,0,223,231,300,254,144
2018,4,A,골목상권,1000440,세검정로1길,1262,546,716,1,117,226,312,267,339,0,31,75,102,120,218,1,86,151,210,147,121
2018,4,A,골목상권,1000439,북아현로4길,6893,4235,2658,7,1013,2155,1476,1225,1017,1,509,1297,958,736,734,6,504,858,518,489,283
2018,4,A,골목상권,1000438,모래내로15길,1925,756,1169,0,265,407,522,415,316,0,66,140,192,176,182,0,199,267,330,239,134
2018,4,A,골목상권,1000437,명지대길,2195,1146,1049,6,293,450,535,596,315,2,115,205,256,341,227,4,178,245,279,255,88
2018,4,A,골목상권,1000436,독립문로8길,3270,1727,1543,8,417,736,955,784,370,3,154,352,542,442,234,5,263,384,413,342,136
2018,4,A,골목상권,1000435,가재울로6길,1521,797,724,4,199,297,370,388,263,2,50,126,204,227,188,2,149,171,166,161,75
2018,4,A,골목상권,1000434,통일로92길,1762,900,862,6,201,413,473,433,236,2,96,228,216,216,142,4,105,185,257,217,94
2018,4,A,골목상권,1000433,통일로87길,1728,761,967,6,200,347,464,408,303,2,74,169,185,172,159,4,126,178,279,236,144
2018,4,A,골목상권,1000432,통일로78길,2345,969,1376,9,335,444,547,535,475,5,120,184,225,199,236,4,215,260,322,336,239
2018,4,A,골목상권,1000431,통일로69길,1627,666,961,4,219,319,474,389,222,1,85,143,183,140,114,3,134,176,291,249,108
2018,4,A,골목상권,1000430,진흥로1길,5158,2557,2601,4,447,783,1080,1263,1581,1,179,419,568,655,735,3,268,364,512,608,846
2018,4,A,골목상권,1000429,진흥로12길,5070,2295,2775,10,721,1373,1332,1056,578,4,238,583,659,492,319,6,483,790,673,564,259
2018,4,A,골목상권,1000428,증산서길,4194,3434,760,8,198,365,521,781,2321,6,100,216,328,593,2191,2,98,149,193,188,130
2018,4,A,골목상권,1000427,증산로9길,2214,1300,914,8,283,568,579,480,296,5,148,359,343,249,196,3,135,209,236,231,100
2018,4,A,골목상권,1000426,증산로5길,1705,934,771,3,177,299,418,499,309,2,74,146,213,287,212,1,103,153,205,212,97
2018,4,A,골목상권,1000425,증산로21길,2169,1056,1113,3,219,390,540,585,432,2,76,187,250,290,251,1,143,203,290,295,181
2018,4,A,골목상권,1000424,증산로17길,2313,1069,1244,4,290,355,486,596,582,2,123,154,210,278,302,2,167,201,276,318,280
2018,4,A,골목상권,1000423,증산로15길,1568,781,787,2,127,219,312,431,477,2,52,96,152,228,251,0,75,123,160,203,226
2018,4,A,골목상권,1000422,증산로13길,1835,905,930,3,176,268,405,492,491,3,78,122,201,244,257,0,98,146,204,248,234
2018,4,A,골목상권,1000421,응암로34길,3251,1279,1972,7,297,525,636,683,1103,3,116,226,276,257,401,4,181,299,360,426,702
2018,4,A,골목상권,1000420,응암로22길,1259,563,696,2,141,313,333,320,150,2,56,126,146,165,68,0,85,187,187,155,82
2018,4,A,골목상권,1000419,응암로14길,2358,996,1362,4,345,504,669,542,294,3,145,216,261,219,152,1,200,288,408,323,142
2018,4,A,골목상권,1000418,응암로13길,2269,1053,1216,4,302,411,555,593,404,2,136,185,228,264,238,2,166,226,327,329,166
2018,4,A,골목상권,1000417,응암로12길,1610,664,946,3,186,309,467,421,224,3,73,128,184,166,110,0,113,181,283,255,114
2018,4,A,골목상권,1000416,은평로8길,4092,1873,2219,7,418,642,795,909,1321,4,163,325,393,403,585,3,255,317,402,506,736
2018,4,A,골목상권,1000415,은평로3길,2948,1483,1465,3,345,577,746,759,518,1,124,279,352,384,343,2,221,298,394,375,175
2018,4,A,골목상권,1000414,은평로20길,776,299,477,0,132,246,200,113,85,0,32,80,88,44,55,0,100,166,112,69,30
2018,4,A,골목상권,1000413,은평로13길,7999,3879,4120,10,711,1473,1868,2031,1906,5,278,667,898,1079,952,5,433,806,970,952,954
2018,4,A,골목상권,1000412,은평로10길,4092,1725,2367,7,327,588,805,975,1390,3,124,263,367,370,598,4,203,325,438,605,792
2018,4,A,골목상권,1000411,연서로5길,2381,1311,1070,3,210,390,552,638,588,0,90,191,288,351,391,3,120,199,264,287,197
2018,4,A,골목상권,1000410,연서로41길,1381,730,651,3,148,343,417,350,120,3,67,199,202,194,65,0,81,144,215,156,55
2018,4,A,골목상권,1000409,연서로3길,1316,638,678,2,151,256,375,334,198,0,64,128,154,154,138,2,87,128,221,180,60
2018,4,A,골목상권,1000408,연서로34길,1037,371,666,3,104,208,292,252,178,3,28,80,99,80,81,0,76,128,193,172,97
2018,4,A,골목상권,1000407,연서로33길,2063,703,1360,10,357,400,510,413,373,7,84,133,170,143,166,3,273,267,340,270,207
2018,4,A,골목상권,1000406,연서로29길,2118,766,1352,13,387,452,554,415,297,5,102,182,190,152,135,8,285,270,364,263,162
2018,4,A,골목상권,1000405,연서로28길,3322,1321,2001,14,548,677,839,704,540,6,171,287,343,259,255,8,377,390,496,445,285
2018,4,A,골목상권,1000404,연서로27길,2653,1148,1505,7,362,502,708,602,472,4,107,243,292,236,266,3,255,259,416,366,206
2018,4,A,골목상권,1000403,연서로21길,4098,2019,2079,8,407,607,989,1288,799,6,106,288,454,711,454,2,301,319,535,577,345
2018,4,A,골목상권,1000402,연서로17길,4035,1895,2140,8,420,644,980,1294,689,5,110,289,438,692,361,3,310,355,542,602,328
2018,4,A,골목상권,1000401,연서로16길,3899,1691,2208,4,447,667,954,1010,817,2,119,284,415,392,479,2,328,383,539,618,338
2018,4,A,골목상권,1000400,연서로13길,3891,1782,2109,11,437,633,941,1293,576,3,123,254,425,659,318,8,314,379,516,634,258
2018,4,A,골목상권,1000399,연서로11길,2770,1391,1379,6,285,463,641,743,632,0,111,212,324,354,390,6,174,251,317,389,242
2018,4,A,골목상권,1000398,역말로9길,2793,1067,1726,6,388,531,700,668,500,3,124,212,284,225,219,3,264,319,416,443,281
2018,4,A,골목상권,1000397,수색로18길,1148,456,692,9,249,277,246,218,149,4,41,93,107,123,88,5,208,184,139,95,61
2018,4,A,골목상권,1000396,서오릉로8길,1522,662,860,2,144,265,419,430,262,1,55,123,172,170,141,1,89,142,247,260,121
2018,4,A,골목상권,1000395,서오릉로21길,1980,1161,819,2,107,221,418,780,452,0,36,75,225,559,266,2,71,146,193,221,186
2018,4,A,골목상권,1000394,불광천길,2214,1033,1181,5,324,453,511,552,369,3,144,223,226,244,193,2,180,230,285,308,176
2018,4,A,골목상권,1000393,갈현로7길,2256,820,1436,2,319,544,529,591,271,0,90,188,199,196,147,2,229,356,330,395,124
2018,4,A,골목상권,1000392,갈현로41길,1091,506,585,3,102,226,279,277,204,0,39,116,126,125,100,3,63,110,153,152,104
2018,4,A,골목상권,1000391,갈현로33길,1382,492,890,5,152,356,363,337,169,2,30,146,121,110,83,3,122,210,242,227,86
2018,4,A,골목상권,1000390,갈현로1길,1474,635,839,2,170,285,403,355,259,1,46,139,167,134,148,1,124,146,236,221,111
2018,4,A,골목상권,1000389,가좌로7길,2053,1037,1016,3,178,355,538,589,390,2,64,149,227,313,282,1,114,206,311,276,108
2018,4,A,골목상권,1000388,한글비석로44길,1337,590,747,3,112,191,287,399,345,0,31,104,118,162,175,3,81,87,169,237,170
2018,4,A,골목상권,1000387,한글비석로24길,2224,961,1263,4,179,356,517,655,513,1,48,187,225,263,237,3,131,169,292,392,276
2018,4,A,골목상권,1000386,한글비석로22길,2486,963,1523,8,194,391,587,760,546,3,50,179,234,263,234,5,144,212,353,497,312
2018,4,A,골목상권,1000385,석계로1길,2035,1025,1010,6,253,273,483,589,431,2,87,121,245,286,284,4,166,152,238,303,147
2018,4,A,골목상권,1000384,상계로9가길,3119,1115,2004,3,336,511,728,916,625,2,89,234,268,286,236,1,247,277,460,630,389
2018,4,A,골목상권,1000383,상계로1길,2534,948,1586,16,450,487,574,644,363,3,133,219,219,214,160,13,317,268,355,430,203
2018,4,A,골목상권,1000382,상계로12길,3033,1112,1921,5,420,562,723,843,480,3,122,223,252,293,219,2,298,339,471,550,261
2018,4,A,골목상권,1000381,동일로242길,1958,1031,927,2,206,392,484,530,344,2,78,218,221,268,244,0,128,174,263,262,100
2018,4,A,골목상권,1000380,동일로192길,3924,2234,1690,5,316,572,824,1069,1138,3,136,317,430,622,726,2,180,255,394,447,412
2018,4,A,골목상권,1000379,동일로173가길,6738,3776,2962,18,699,1106,1497,1834,1584,11,313,698,830,922,1002,7,386,408,667,912,582
2018,4,A,골목상권,1000378,공릉로58길,4460,2246,2214,5,863,1225,951,956,460,4,285,567,488,584,318,1,578,658,463,372,142
2018,4,A,골목상권,1000377,해등로16길,3373,1631,1742,6,362,724,887,847,547,3,107,365,423,397,336,3,255,359,464,450,211
2018,4,A,골목상권,1000376,우이천로4다길,840,381,459,2,81,149,236,252,120,2,27,57,110,115,70,0,54,92,126,137,50
2018,4,A,골목상권,1000375,우이천로32길,1558,621,937,0,278,304,393,386,197,0,46,120,156,167,132,0,232,184,237,219,65
2018,4,A,골목상권,1000374,시루봉로23길,2060,1085,975,3,161,411,578,558,349,2,59,172,283,337,232,1,102,239,295,221,117
2018,4,A,골목상권,1000373,삼양로144길,1438,519,919,3,237,234,384,375,205,0,33,101,153,136,96,3,204,133,231,239,109
2018,4,A,골목상권,1000372,방학로6가길,2040,922,1118,4,187,352,502,569,426,0,66,203,242,229,182,4,121,149,260,340,244
2018,4,A,골목상권,1000371,방학로5길,3935,2049,1886,7,423,630,844,1020,1011,4,126,318,398,521,682,3,297,312,446,499,329
2018,4,A,골목상권,1000370,방학로15길,1305,621,684,0,135,267,336,356,211,0,37,93,162,163,166,0,98,174,174,193,45
2018,4,A,골목상권,1000369,방학로10길,1670,636,1034,1,151,307,422,462,327,0,43,129,165,149,150,1,108,178,257,313,177
2018,4,A,골목상권,1000368,도봉산길,953,590,363,2,59,105,266,318,203,1,21,61,148,209,150,1,38,44,118,109,53
2018,4,A,골목상권,1000367,도봉산4길,1418,1075,343,1,50,120,357,556,334,1,25,94,256,449,250,0,25,26,101,107,84
2018,4,A,골목상권,1000366,도봉로181길,1252,741,511,2,93,150,313,419,275,1,24,72,158,265,221,1,69,78,155,154,54
2018,4,A,골목상권,1000365,도봉로169나길,1570,889,681,1,109,330,396,447,287,1,30,137,215,298,208,0,79,193,181,149,79
2018,4,A,골목상권,1000364,도봉로156길,2106,1093,1013,3,181,443,599,528,352,2,72,189,296,311,223,1,109,254,303,217,129
2018,4,A,골목상권,1000363,도봉로152가길,2412,1400,1012,5,248,533,644,568,414,2,110,258,363,371,296,3,138,275,281,197,118
2018,4,A,골목상권,1000362,도봉로147길,4034,2297,1737,21,539,880,1028,1002,564,12,257,557,594,546,331,9,282,323,434,456,233
2018,4,A,골목상권,1000361,도봉로143길,2791,1536,1255,7,254,400,643,820,667,2,81,228,365,461,399,5,173,172,278,359,268
2018,4,A,골목상권,1000360,도봉로114길,2424,1072,1352,10,380,554,582,602,296,7,110,253,262,269,171,3,270,301,320,333,125
2018,4,A,골목상권,1000359,도봉로109길,2804,1334,1470,7,555,603,652,653,334,4,140,271,306,369,244,3,415,332,346,284,90
2018,4,A,골목상권,1000358,도당로29길,6893,3901,2992,21,698,1357,1541,1579,1697,15,329,704,780,914,1159,6,369,653,761,665,538
2018,4,A,골목상권,1000357,도당로19길,2478,1392,1086,15,362,542,641,607,311,11,178,316,335,342,210,4,184,226,306,265,101
2018,4,A,골목상권,1000356,도당로13바길,1349,559,790,1,130,284,374,387,173,0,55,131,155,137,81,1,75,153,219,250,92
2018,4,A,골목상권,1000355,도당로13가길,1173,528,645,1,128,202,337,318,187,0,54,108,152,123,91,1,74,94,185,195,96
2018,4,A,골목상권,1000354,덕릉로60길,1563,670,893,16,179,306,436,430,196,10,68,129,183,169,111,6,111,177,253,261,85
2018,4,A,골목상권,1000353,노해로63다길,1758,873,885,3,205,361,446,422,321,0,62,168,213,201,229,3,143,193,233,221,92
2018,4,A,골목상권,1000352,노해로60길,2643,1186,1457,8,417,615,647,655,301,5,135,283,296,298,169,3,282,332,351,357,132
2018,4,A,골목상권,1000351,한천로140길,2834,1363,1471,4,480,582,687,698,383,1,122,274,324,380,262,3,358,308,363,318,121
2018,4,A,골목상권,1000350,한천로139가길,7029,3397,3632,13,732,1394,1533,1587,1770,7,267,647,772,889,815,6,465,747,761,698,955
2018,4,A,골목상권,1000349,한천로132길,5433,3015,2418,11,580,1219,1276,1468,879,6,221,674,679,920,515,5,359,545,597,548,364
2018,4,A,골목상권,1000348,한천로130길,2031,970,1061,4,179,320,516,602,410,1,58,157,204,304,246,3,121,163,312,298,164
2018,4,A,골목상권,1000347,한천로124나길,3125,2028,1097,3,279,554,735,1017,537,1,134,379,449,712,353,2,145,175,286,305,184
2018,4,A,골목상권,1000346,한천로109길,1630,803,827,3,201,278,416,426,306,2,70,124,203,215,189,1,131,154,213,211,117
2018,4,A,골목상권,1000345,인수봉로79길,1473,715,758,2,191,344,395,355,186,2,71,135,189,205,113,0,120,209,206,150,73
2018,4,A,골목상권,1000344,인수봉로72길,1444,701,743,2,141,262,379,396,264,2,53,124,194,178,150,0,88,138,185,218,114
2018,4,A,골목상권,1000343,인수봉로56길,1249,513,736,0,87,138,260,467,297,0,16,66,92,181,158,0,71,72,168,286,139
2018,4,A,골목상권,1000342,오패산로67길,7174,3825,3349,14,827,1561,1620,1844,1308,6,300,821,856,1096,746,8,527,740,764,748,562
2018,4,A,골목상권,1000341,오패산로52길,701,272,429,1,68,174,190,196,72,0,18,60,78,84,32,1,50,114,112,112,40
2018,4,A,골목상권,1000340,오패산로30길,998,394,604,2,130,202,315,221,128,1,46,67,119,94,67,1,84,135,196,127,61
2018,4,A,골목상권,1000339,수유로12길,2936,1375,1561,6,353,478,643,793,663,1,125,241,274,347,387,5,228,237,369,446,276
2018,4,A,골목상권,1000338,솔샘로65길,2183,978,1205,6,208,456,602,589,322,3,72,199,262,258,184,3,136,257,340,331,138
2018,4,A,골목상권,1000337,솔매로50길,2670,1121,1549,7,362,616,687,662,336,3,103,241,298,284,192,4,259,375,389,378,144
2018,4,A,골목상권,1000336,솔매로45길,2160,906,1254,2,359,450,506,486,357,0,103,172,221,205,205,2,256,278,285,281,152
2018,4,A,골목상권,1000335,솔매로41길,1832,770,1062,2,289,372,457,416,296,0,88,142,196,173,171,2,201,230,261,243,125
2018,4,A,골목상권,1000334,삼양로93길,2004,909,1095,0,192,311,433,653,415,0,50,158,188,271,242,0,142,153,245,382,173
2018,4,A,골목상권,1000333,삼양로77길,943,385,558,1,110,182,259,236,155,1,34,76,85,96,93,0,76,106,174,140,62
2018,4,A,골목상권,1000332,삼양로54길,1369,638,731,1,118,224,354,407,265,0,34,101,171,180,152,1,84,123,183,227,113
2018,4,A,골목상권,1000331,삼양로41길,2025,766,1259,0,266,411,535,503,310,0,56,143,203,206,158,0,210,268,332,297,152
2018,4,A,골목상권,1000330,삼양로27길,1295,496,799,3,147,260,397,318,170,1,48,105,152,111,79,2,99,155,245,207,91
2018,4,A,골목상권,1000329,삼양로24길,1669,760,909,3,174,354,475,419,244,0,62,166,199,189,144,3,112,188,276,230,100
2018,4,A,골목상권,1000328,삼양로20길,638,245,393,2,73,141,188,166,68,1,19,47,60,71,47,1,54,94,128,95,21
2018,4,A,골목상권,1000327,삼각산로28길,6880,3532,3348,10,714,1314,1499,1825,1518,7,251,608,735,1033,898,3,463,706,764,792,620
2018,4,A,골목상권,1000326,도봉로99길,2293,1044,1249,3,440,491,556,546,257,0,111,242,272,275,144,3,329,249,284,271,113
2018,4,A,골목상권,1000325,도봉로8길,1719,705,1014,6,331,440,405,328,209,5,112,184,172,122,110,1,219,256,233,206,99
2018,4,A,골목상권,1000324,도봉로76길,4267,2267,2000,6,529,896,954,1102,780,1,201,521,513,586,445,5,328,375,441,516,335
2018,4,A,골목상권,1000323,도봉로67길,1382,594,788,0,190,236,323,345,288,0,58,81,130,149,176,0,132,155,193,196,112
2018,4,A,골목상권,1000322,도봉로45길,1949,820,1129,5,291,450,502,457,244,3,88,169,210,202,148,2,203,281,292,255,96
2018,4,A,골목상권,1000321,도봉로18길,1199,489,710,5,127,260,350,301,156,2,35,101,147,113,91,3,92,159,203,188,65
2018,4,A,골목상권,1000320,도봉로13길,1682,719,963,6,287,373,421,381,214,4,76,161,179,168,131,2,211,212,242,213,83
2018,4,A,골목상권,1000319,덕릉로41길,7281,4068,3213,11,769,1490,1644,2049,1318,6,279,784,899,1323,777,5,490,706,745,726,541
2018,4,A,골목상권,1000318,덕릉로40길,2265,1476,789,2,160,264,558,808,473,1,78,142,332,588,335,1,82,122,226,220,138
2018,4,A,골목상권,1000317,노해로33길,1538,566,972,3,244,274,378,413,226,0,37,103,158,169,99,3,207,171,220,244,127
2018,4,A,골목상권,1000316,노해로23길,2474,1031,1443,7,199,339,473,566,890,1,81,180,245,242,282,6,118,159,228,324,608
2018,4,A,골목상권,1000315,노해로17길,3673,1567,2106,5,376,601,764,783,1144,2,153,304,364,323,421,3,223,297,400,460,723
2018,4,A,골목상권,1000314,화랑로40길,3293,2036,1257,6,296,417,646,715,1213,2,97,222,381,398,936,4,199,195,265,317,277
2018,4,A,골목상권,1000313,화랑로32길,1957,1022,935,9,246,469,499,376,358,2,73,269,254,188,236,7,173,200,245,188,122
2018,4,A,골목상권,1000312,화랑로1길,4826,2962,1864,28,650,976,1141,1055,976,12,292,623,709,642,684,16,358,353,432,413,292
2018,4,A,골목상권,1000311,화랑로19길,1920,1027,893,2,208,434,531,437,308,0,91,204,284,218,230,2,117,230,247,219,78
2018,4,A,골목상권,1000310,화랑로14길,3515,2039,1476,10,686,1043,787,614,375,2,330,673,434,355,245,8,356,370,353,259,130
2018,4,A,골목상권,1000309,화랑로13길,3928,2133,1795,8,831,1094,850,716,429,2,329,676,481,396,249,6,502,418,369,320,180
2018,4,A,골목상권,1000308,한천로76길,2890,1692,1198,5,218,373,569,613,1112,2,62,170,306,329,823,3,156,203,263,284,289
2018,4,A,골목상권,1000307,한천로101가길,1065,484,581,4,129,206,275,288,163,3,49,86,115,132,99,1,80,120,160,156,64
2018,4,A,골목상권,1000306,창경궁로43길,4425,1894,2531,26,768,1105,1303,869,354,10,206,478,574,407,219,16,562,627,729,462,135
2018,4,A,골목상권,1000305,지봉로20길,5945,3269,2676,15,638,1031,1208,1267,1786,5,259,598,607,630,1170,10,379,433,601,637,616
2018,4,A,골목상권,1000304,종암로5길,1766,933,833,3,221,529,424,404,185,1,82,290,217,223,120,2,139,239,207,181,65
2018,4,A,골목상권,1000303,종암로24가길,2110,903,1207,7,303,439,535,519,307,1,89,224,253,205,131,6,214,215,282,314,176
2018,4,A,골목상권,1000302,종암로21길,3443,1981,1462,8,369,573,781,815,897,2,158,358,425,444,594,6,211,215,356,371,303
2018,4,A,골목상권,1000301,종암로19길,1812,659,1153,8,300,347,438,453,266,2,85,148,176,144,104,6,215,199,262,309,162
2018,4,A,골목상권,1000300,종암로16길,1826,699,1127,6,284,409,470,439,218,2,80,160,178,167,112,4,204,249,292,272,106
2018,4,A,골목상권,1000299,정릉로8길,2446,1489,957,0,278,491,736,653,288,0,78,230,464,484,233,0,200,261,272,169,55
2018,4,A,골목상권,1000298,정릉로27길,2107,1051,1056,10,218,337,552,620,370,5,71,140,239,338,258,5,147,197,313,282,112
2018,4,A,골목상권,1000297,정릉로26길,1449,633,816,6,189,373,393,315,173,3,66,144,164,144,112,3,123,229,229,171,61
2018,4,A,골목상권,1000296,장위로50길,1686,1011,675,1,195,272,380,482,356,0,72,162,225,279,273,1,123,110,155,203,83
2018,4,A,골목상권,1000295,장월로1길,3631,2144,1487,7,735,1068,750,656,415,2,352,680,447,376,287,5,383,388,303,280,128
2018,4,A,골목상권,1000294,인촌로6길,5558,3116,2442,13,624,946,1099,1167,1709,4,254,559,563,601,1135,9,370,387,536,566,574
2018,4,A,골목상권,1000293,인촌로5길,3841,2030,1811,15,747,696,888,885,610,5,213,354,475,555,428,10,534,342,413,330,182
2018,4,A,골목상권,1000292,인촌로24길,2079,1153,926,15,350,484,569,382,279,3,154,296,320,204,176,12,196,188,249,178,103
2018,4,A,골목상권,1000291,개운사길,7671,3753,3918,15,1363,2431,1958,1404,500,4,356,966,1116,938,373,11,1007,1465,842,466,127
2018,4,A,골목상권,1000290,인촌로1길,7054,4045,3009,17,800,1520,1687,1826,1204,5,346,810,973,1161,750,12,454,710,714,665,454
2018,4,A,골목상권,1000289,인촌로17가길,4175,1660,2515,6,999,1335,1022,637,176,2,226,446,516,349,121,4,773,889,506,288,55
2018,4,A,골목상권,1000288,오패산로4길,5387,3029,2358,15,1072,1455,1253,1022,570,3,435,908,770,580,333,12,637,547,483,442,237
2018,4,A,골목상권,1000287,오패산로3길,2268,1117,1151,10,371,523,606,509,249,3,125,267,343,245,134,7,246,256,263,264,115
2018,4,A,골목상권,1000286,오패산로19길,2849,1316,1533,8,505,713,763,568,292,3,194,337,387,251,144,5,311,376,376,317,148
2018,4,A,골목상권,1000285,안암로5길,6898,3968,2930,20,797,1195,1501,1451,1934,6,341,713,838,795,1275,14,456,482,663,656,659
2018,4,A,골목상권,1000284,아리랑로4길,4867,2178,2689,20,686,860,951,981,1369,10,254,387,466,466,595,10,432,473,485,515,774
2018,4,A,골목상권,1000283,솔샘로6길,1204,668,536,2,139,182,289,346,246,1,43,101,151,207,165,1,96,81,138,139,81
2018,4,A,골목상권,1000282,성북로8길,3554,1692,1862,24,566,850,1019,762,333,10,200,424,497,370,191,14,366,426,522,392,142
2018,4,A,골목상권,1000281,삼양로8길,2150,853,1297,18,354,536,582,416,244,11,107,216,230,168,121,7,247,320,352,248,123
2018,4,A,골목상권,1000280,삼선교로16가길,1510,780,730,1,262,296,390,366,195,1,114,135,197,207,126,0,148,161,193,159,69
2018,4,A,골목상권,1000279,삼선교로10다길,2218,1094,1124,7,470,503,542,451,245,3,168,233,282,244,164,4,302,270,260,207,81
2018,4,A,골목상권,1000278,삼선교로10길,1466,729,737,2,198,331,379,328,228,2,77,182,181,150,137,0,121,149,198,178,91
2018,4,A,골목상권,1000277,보문로32길,6772,3819,2953,20,1053,1480,1598,1752,869,7,328,699,898,1264,623,13,725,781,700,488,246
2018,4,A,골목상권,1000276,보문로31길,5849,3030,2819,8,638,1326,1422,1613,842,1,229,609,741,968,482,7,409,717,681,645,360
2018,4,A,골목상권,1000275,보문로26길,6733,3252,3481,11,1272,1737,1510,1272,931,4,380,741,852,697,578,7,892,996,658,575,353
2018,4,A,골목상권,1000274,보문로13길,5562,3098,2464,15,598,951,1092,1164,1742,4,248,560,555,588,1143,11,350,391,537,576,599
2018,4,A,골목상권,1000273,보국문로16길,2346,1315,1031,5,273,408,542,660,458,2,69,182,291,434,337,3,204,226,251,226,121
2018,4,A,골목상권,1000272,동소문로6길,2680,1297,1383,26,409,528,722,654,341,12,140,293,365,300,187,14,269,235,357,354,154
2018,4,A,골목상권,1000271,동소문로2길,2751,1385,1366,26,424,550,740,668,343,12,156,328,393,310,186,14,268,222,347,358,157
2018,4,A,골목상권,1000270,동소문로26가길,5726,2885,2841,24,1146,1131,1236,1285,904,11,365,534,644,747,584,13,781,597,592,538,320
2018,4,A,골목상권,1000269,동소문로15길,8344,4140,4204,20,1036,1645,1758,2034,1851,9,378,739,921,1195,898,11,658,906,837,839,953
2018,4,A,골목상권,1000268,동소문로13길,9236,4623,4613,20,1184,1930,2003,2156,1943,7,430,928,1052,1245,961,13,754,1002,951,911,982
2018,4,A,골목상권,1000267,돌곶이로8길,1584,844,740,7,167,380,408,377,245,1,49,217,219,214,144,6,118,163,189,163,101
2018,4,A,골목상권,1000266,돌곶이로41길,794,388,406,3,90,138,207,207,149,3,30,66,91,103,95,0,60,72,116,104,54
2018,4,A,골목상권,1000265,돌곶이로28길,3257,2065,1192,1,282,431,532,667,1344,0,96,230,292,376,1071,1,186,201,240,291,273
2018,4,A,골목상권,1000264,돌곶이로27길,1831,957,874,2,194,366,453,415,401,0,68,177,210,211,291,2,126,189,243,204,110
2018,4,A,골목상권,1000263,돌곶이로22길,3622,2203,1419,8,349,608,676,659,1322,1,114,360,370,348,1010,7,235,248,306,311,312
2018,4,A,골목상권,1000262,돌곶이로14길,1420,735,685,7,154,371,377,305,206,1,46,218,210,160,100,6,108,153,167,145,106
2018,4,A,골목상권,1000261,길음로7길,1434,523,911,8,158,209,342,391,326,3,44,88,128,115,145,5,114,121,214,276,181
2018,4,A,골목상권,1000260,중랑천로10길,4620,3064,1556,23,511,1004,1309,1267,506,14,251,627,888,930,354,9,260,377,421,337,152
2018,4,A,골목상권,1000259,용마산로94길,1911,1133,778,0,205,241,409,574,482,0,77,101,231,355,369,0,128,140,178,219,113
2018,4,A,골목상권,1000258,용마산로118길,2733,1294,1439,3,348,519,653,724,486,1,97,218,279,359,340,2,251,301,374,365,146
2018,4,A,골목상권,1000257,용마산로112길,1602,741,861,2,196,314,423,398,269,1,70,145,197,181,147,1,126,169,226,217,122
2018,4,A,골목상권,1000256,용마산로100길,1406,722,684,3,116,209,340,382,356,2,27,91,164,208,230,1,89,118,176,174,126
2018,4,A,골목상권,1000255,신내로7가길,3245,1722,1523,6,403,488,717,987,644,2,134,218,344,570,454,4,269,270,373,417,190
2018,4,A,골목상권,1000254,사가정로54길,1483,669,814,3,214,299,339,379,249,0,44,103,154,189,179,3,170,196,185,190,70
2018,4,A,골목상권,1000253,사가정로42길,1857,939,918,3,216,409,477,448,304,0,64,190,235,237,213,3,152,219,242,211,91
2018,4,A,골목상권,1000252,봉화산로56길,2774,1289,1485,2,287,512,681,816,476,1,80,255,318,377,258,1,207,257,363,439,218
2018,4,A,골목상권,1000251,봉화산로4길,1943,975,968,2,177,347,516,502,399,2,67,169,255,232,250,0,110,178,261,270,149
2018,4,A,골목상권,1000250,봉화산로30길,4299,2371,1928,18,541,736,1017,1262,725,13,211,366,524,718,539,5,330,370,493,544,186
2018,4,A,골목상권,1000249,봉우재로33길,4907,2808,2099,16,707,1114,1252,1088,730,4,311,697,642,601,553,12,396,417,610,487,177
2018,4,A,골목상권,1000248,면목로78길,4140,2250,1890,17,528,946,1150,918,581,5,234,606,575,431,399,12,294,340,575,487,182
2018,4,A,골목상권,1000247,면목로56길,1959,1032,927,2,177,320,473,590,397,1,66,153,249,302,261,1,111,167,224,288,136
2018,4,A,골목상권,1000246,면목로55길,1940,872,1068,2,299,465,475,423,276,1,77,199,231,197,167,1,222,266,244,226,109
2018,4,A,골목상권,1000245,면목로49길,2362,946,1416,4,413,601,579,479,286,1,94,243,265,194,149,3,319,358,314,285,137
2018,4,A,골목상권,1000244,면목로48길,1719,833,886,3,197,322,418,470,309,1,58,129,197,242,206,2,139,193,221,228,103
2018,4,A,골목상권,1000243,면목로45길,2323,933,1390,5,400,583,566,476,293,1,95,227,259,201,150,4,305,356,307,275,143
2018,4,A,골목상권,1000242,면목로33길,1910,1137,773,2,177,319,504,650,258,0,55,164,287,448,183,2,122,155,217,202,75
2018,4,A,골목상권,1000241,면목로21길,1514,977,537,1,114,204,374,557,264,0,31,97,238,419,192,1,83,107,136,138,72
2018,4,A,골목상권,1000240,망우로73길,1522,838,684,2,169,290,390,399,272,1,72,144,183,239,199,1,97,146,207,160,73
2018,4,A,골목상권,1000239,망우로68길,3574,1731,1843,9,395,601,792,969,808,2,122,248,362,490,507,7,273,353,430,479,301
2018,4,A,골목상권,1000238,동일로163길,2445,1506,939,3,329,621,632,625,235,1,157,379,393,437,139,2,172,242,239,188,96
2018,4,A,골목상권,1000237,동일로157길,3991,2414,1577,4,449,858,943,901,836,1,211,518,563,562,559,3,238,340,380,339,277
2018,4,A,골목상권,1000236,동일로149길,2820,1802,1018,0,313,619,630,600,658,0,173,391,396,389,453,0,140,228,234,211,205
2018,4,A,골목상권,1000235,동일로140길,3228,1644,1584,4,298,605,747,720,854,2,108,280,375,313,566,2,190,325,372,407,288
2018,4,A,골목상권,1000234,동일로139길,2420,1318,1102,2,187,379,517,517,818,2,69,198,279,228,542,0,118,181,238,289,276
2018,4,A,골목상권,1000233,동일로139가길,3739,2350,1389,5,400,777,851,840,866,3,212,482,545,519,589,2,188,295,306,321,277
2018,4,A,골목상권,1000232,동일로130길,2341,1142,1199,2,255,437,636,609,402,1,95,184,304,289,269,1,160,253,332,320,133
2018,4,A,골목상권,1000231,동일로123길,3046,1685,1361,3,305,532,790,817,599,2,115,261,435,454,418,1,190,271,355,363,181
2018,4,A,골목상권,1000230,동일로112길,6492,3634,2858,19,890,1448,1727,1495,913,7,367,852,927,831,650,12,523,596,800,664,263
2018,4,A,골목상권,1000229,동일로101길,1947,930,1017,3,203,366,538,542,295,2,67,167,251,251,192,1,136,199,287,291,103
2018,4,A,골목상권,1000228,동일로100길,4272,2337,1935,14,564,1051,1257,925,461,5,268,677,664,429,294,9,296,374,593,496,167
2018,4,A,골목상권,1000227,답십리로75길,1868,1223,645,2,152,297,486,636,295,0,52,159,296,480,236,2,100,138,190,156,59
2018,4,A,골목상권,1000226,공릉로2길,1769,886,883,4,210,382,448,442,283,1,55,194,235,234,167,3,155,188,213,208,116
2018,4,A,골목상권,1000225,공릉로12가길,1882,817,1065,2,177,340,470,530,363,0,74,147,177,220,199,2,103,193,293,310,164
2018,4,A,골목상권,1000224,겸재로54길,2545,1275,1270,7,233,389,612,765,539,3,76,177,314,371,334,4,157,212,298,394,205
2018,4,A,골목상권,1000223,겸재로36길,2377,1125,1252,5,344,505,566,566,391,2,89,218,276,287,253,3,255,287,290,279,138
2018,4,A,골목상권,1000222,겸재로29길,4122,2325,1797,16,520,978,1200,894,514,5,246,647,635,453,339,11,274,331,565,441,175
2018,4,A,골목상권,1000221,휘경로3길,1078,425,653,4,162,204,281,257,170,3,40,77,108,106,91,1,122,127,173,151,79
2018,4,A,골목상권,1000220,휘경로2길,757,312,445,3,132,143,174,177,128,2,35,70,75,72,58,1,97,73,99,105,70
2018,4,A,골목상권,1000219,휘경로23길,831,370,461,1,91,125,229,212,173,1,23,51,103,100,92,0,68,74,126,112,81
2018,4,A,골목상권,1000218,휘경로14길,1589,730,859,7,245,315,355,339,328,4,68,158,175,159,166,3,177,157,180,180,162
2018,4,A,골목상권,1000217,한천로46길,3490,1963,1527,4,398,867,931,828,462,3,226,451,518,455,310,1,172,416,413,373,152
2018,4,A,골목상권,1000216,한천로40길,2540,1509,1031,3,306,519,616,682,414,2,212,337,357,358,243,1,94,182,259,324,171
2018,4,A,골목상권,1000215,한천로33길,2110,953,1157,2,225,405,525,571,382,2,98,205,215,233,200,0,127,200,310,338,182
2018,4,A,골목상권,1000214,한천로14길,8346,5181,3165,15,1088,1862,1947,1916,1518,3,557,1199,1303,1177,942,12,531,663,644,739,576
2018,4,A,골목상권,1000213,천호대로97길,6423,4162,2261,19,790,1413,1451,1292,1458,7,404,930,899,808,1114,12,386,483,552,484,344
2018,4,A,골목상권,1000212,천호대로77길,13441,8465,4976,61,2259,3010,2642,2689,2780,14,1054,1975,1839,1731,1852,47,1205,1035,803,958,928
2018,4,A,골목상권,1000211,천호대로45길,5812,3649,2163,0,796,1464,1552,1426,574,0,462,925,944,934,384,0,334,539,608,492,190
2018,4,A,골목상권,1000210,천호대로17길,12675,8387,4288,37,1769,3192,2993,2944,1740,18,799,1966,2188,2149,1267,19,970,1226,805,795,473
2018,4,A,골목상권,1000209,천호대로12길,15131,9069,6062,71,1939,3707,4316,3154,1944,40,1017,2457,2576,1752,1227,31,922,1250,1740,1402,717
2018,4,A,골목상권,1000208,천장산로7길,6686,3154,3532,3,1018,1838,1828,1475,524,0,262,720,897,857,418,3,756,1118,931,618,106
2018,4,A,골목상권,1000207,제기로5길,881,468,413,4,71,155,270,228,153,2,22,103,146,112,83,2,49,52,124,116,70
2018,4,A,골목상권,1000206,제기로21길,3163,1780,1383,0,425,917,760,702,359,0,153,507,470,430,220,0,272,410,290,272,139
2018,4,A,골목상권,1000205,전농로4길,9905,6191,3714,17,1813,2456,2045,1914,1660,12,935,1624,1353,1133,1134,5,878,832,692,781,526
2018,4,A,골목상권,1000204,전농로3길,2142,1096,1046,5,250,412,576,480,419,5,96,210,299,225,261,0,154,202,277,255,158
2018,4,A,골목상권,1000203,전농로29길,5278,3251,2027,2,734,1409,1451,1158,524,0,426,828,939,713,345,2,308,581,512,445,179
2018,4,A,골목상권,1000202,장한로8길,8560,5516,3044,28,1162,1871,1999,1821,1679,7,553,1170,1300,1208,1278,21,609,701,699,613,401
2018,4,A,골목상권,1000201,장한로5길,12058,7551,4507,54,1768,2762,2594,2371,2509,11,882,1750,1734,1512,1662,43,886,1012,860,859,847
2018,4,A,골목상권,1000200,장한로27길,4947,2261,2686,15,691,974,1243,1253,771,9,235,470,568,556,423,6,456,504,675,697,348
2018,4,A,골목상권,1000199,장한로27가길,4264,1937,2327,13,599,840,1093,1110,609,8,205,400,498,497,329,5,394,440,595,613,280
2018,4,A,골목상권,1000198,장한로26길,2135,1077,1058,8,309,455,532,480,351,3,88,220,277,257,232,5,221,235,255,223,119
2018,4,A,골목상권,1000197,장한로26가길,3316,1759,1557,7,464,750,860,784,451,1,168,408,491,389,302,6,296,342,369,395,149
2018,4,A,골목상권,1000196,장한로25길,3682,1751,1931,15,550,773,910,858,576,7,177,377,447,417,326,8,373,396,463,441,250
2018,4,A,골목상권,1000195,장한로14길,5777,3757,2020,13,885,1381,1411,1330,757,2,434,892,952,876,601,11,451,489,459,454,156
2018,4,A,골목상권,1000194,이문로42길,990,401,589,2,129,171,263,241,184,2,30,67,100,101,101,0,99,104,163,140,83
2018,4,A,골목상권,1000193,왕산로43길,5807,3819,1988,18,1048,1479,1414,1157,691,10,626,1063,968,710,442,8,422,416,446,447,249
2018,4,A,골목상권,1000192,왕산로33길,3090,2056,1034,17,486,701,666,683,537,11,283,488,463,440,371,6,203,213,203,243,166
2018,4,A,골목상권,1000191,왕산로32길,6421,4005,2416,0,872,1583,1680,1578,708,0,496,1000,1028,1018,463,0,376,583,652,560,245
2018,4,A,골목상권,1000190,약령시로17길,3412,2142,1270,17,485,720,781,803,606,11,274,488,510,475,384,6,211,232,271,328,222
2018,4,A,골목상권,1000189,서울시립대로4길,4559,3083,1476,3,708,1055,1249,943,601,2,461,777,831,587,425,1,247,278,418,356,176
2018,4,A,골목상권,1000188,서울시립대로29길,1702,846,856,5,242,409,429,416,201,2,94,202,238,192,118,3,148,207,191,224,83
2018,4,A,골목상권,1000187,서울시립대로16길,3632,2389,1243,2,575,990,1028,706,331,0,375,695,702,424,193,2,200,295,326,282,138
2018,4,A,골목상권,1000186,사가정로2길,3860,2144,1716,7,428,803,1011,824,787,5,204,460,509,430,536,2,224,343,502,394,251
2018,4,A,골목상권,1000185,사가정로23가길,3117,1755,1362,4,370,714,775,739,515,3,221,394,425,392,320,1,149,320,350,347,195
2018,4,A,골목상권,1000184,사가정로13길,2759,1315,1444,2,299,705,733,698,322,0,89,242,377,390,217,2,210,463,356,308,105
2018,4,A,골목상권,1000183,무학로45길,4250,2454,1796,9,689,1103,1097,769,583,4,281,589,687,490,403,5,408,514,410,279,180
2018,4,A,골목상권,1000182,무학로16길,12958,8898,4060,44,1779,3215,3204,3117,1599,19,893,2130,2483,2269,1104,25,886,1085,721,848,495
2018,4,A,골목상권,1000181,망우로21길,2511,1145,1366,8,353,552,613,513,472,2,110,269,277,209,278,6,243,283,336,304,194
2018,4,A,골목상권,1000180,망우로18길,3031,1241,1790,8,600,743,673,617,390,2,161,334,282,214,248,6,439,409,391,403,142
2018,4,A,골목상권,1000179,망우로18가길,3095,1239,1856,8,614,769,691,633,380,2,163,336,282,211,245,6,451,433,409,422,135
2018,4,A,골목상권,1000178,답십리로72길,3092,1688,1404,5,404,646,802,768,467,1,137,346,460,400,344,4,267,300,342,368,123
2018,4,A,골목상권,1000177,답십리로69길,4094,2261,1833,5,567,851,996,1025,650,4,283,450,543,553,428,1,284,401,453,472,222
2018,4,A,골목상권,1000176,답십리로68길,3833,1994,1839,8,528,843,999,914,541,4,195,459,563,450,323,4,333,384,436,464,218
2018,4,A,골목상권,1000175,답십리로64길,4157,2206,1951,8,518,827,1031,1019,754,5,202,446,571,528,454,3,316,381,460,491,300
2018,4,A,골목상권,1000174,답십리로63길,2630,1226,1404,6,304,461,629,755,475,3,116,244,291,333,239,3,188,217,338,422,236
2018,4,A,골목상권,1000173,답십리로60길,3359,1924,1435,3,384,687,825,822,638,2,177,400,502,451,392,1,207,287,323,371,246
2018,4,A,골목상권,1000172,답십리로56길,3206,1698,1508,3,357,620,822,772,632,2,141,327,447,389,392,1,216,293,375,383,240
2018,4,A,골목상권,1000171,답십리로23길,2952,2076,876,0,492,795,842,569,254,0,345,608,603,372,148,0,147,187,239,197,106
2018,4,A,골목상권,1000170,난계로30길,15916,8172,7744,77,1757,3154,4038,3891,2999,46,777,1856,2004,1769,1720,31,980,1298,2034,2122,1279
2018,4,A,골목상권,1000169,경희대로4길,6578,2967,3611,9,1117,1873,1712,1341,526,0,311,785,823,677,371,9,806,1088,889,664,155
2018,4,A,골목상권,1000168,경희대로3길,7076,3327,3749,12,1281,2108,1786,1370,519,1,376,922,896,750,382,11,905,1186,890,620,137
2018,4,A,골목상권,1000167,천호대로129길,2933,1409,1524,24,414,681,753,646,415,5,156,309,378,307,254,19,258,372,375,339,161
2018,4,A,골목상권,1000166,천호대로123길,4232,2156,2076,18,516,968,1089,1009,632,5,186,470,532,523,440,13,330,498,557,486,192
2018,4,A,골목상권,1000165,천호대로109길,5217,3130,2087,19,716,1271,1408,1099,704,10,334,754,880,671,481,9,382,517,528,428,223
2018,4,A,골목상권,1000164,자양번영로3길,1972,1043,929,5,191,344,541,569,322,4,75,144,289,315,216,1,116,200,252,254,106
2018,4,A,골목상권,1000163,자양로53길,2146,1014,1132,3,221,382,601,578,361,1,75,183,278,267,210,2,146,199,323,311,151
2018,4,A,골목상권,1000162,자양로50길,2594,1197,1397,21,359,602,654,610,348,6,138,261,329,270,193,15,221,341,325,340,155
2018,4,A,골목상권,1000161,자양로45길,3515,1707,1808,21,445,751,908,869,521,2,163,360,443,417,322,19,282,391,465,452,199
2018,4,A,골목상권,1000160,자양로26길,16464,12369,4095,11,821,2456,4779,6602,1795,6,448,1777,3696,5138,1304,5,373,679,1083,1464,491
2018,4,A,골목상권,1000159,자양로15길,6423,4133,2290,20,800,1191,1760,1817,835,10,310,702,1241,1269,601,10,490,489,519,548,234
2018,4,A,골목상권,1000158,자양로11길,5958,3766,2192,15,664,1163,1650,1729,737,8,256,684,1168,1171,479,7,408,479,482,558,258
2018,4,A,골목상권,1000157,용마산로3길,4209,2280,1929,18,554,941,1060,957,679,8,228,502,540,515,487,10,326,439,520,442,192
2018,4,A,골목상권,1000156,용마산로21길,3130,1561,1569,5,310,625,776,917,497,2,85,299,374,486,315,3,225,326,402,431,182
2018,4,A,골목상권,1000155,아차산로78길,4627,2594,2033,14,699,1273,1104,935,602,6,231,669,704,565,419,8,468,604,400,370,183
2018,4,A,골목상권,1000154,아차산로65길,4610,2405,2205,12,621,902,991,988,1096,8,271,519,571,485,551,4,350,383,420,503,545
2018,4,A,골목상권,1000153,아차산로55길,8570,5008,3562,10,544,1549,2587,2893,987,7,277,937,1622,1592,573,3,267,612,965,1301,414
2018,4,A,골목상권,1000152,아차산로51길,16900,13324,3576,14,906,2516,4953,6726,1785,7,459,1694,4013,5694,1457,7,447,822,940,1032,328
2018,4,A,골목상권,1000151,아차산로40길,5109,2903,2206,8,723,1177,1275,1229,697,5,270,575,748,791,514,3,453,602,527,438,183
2018,4,A,골목상권,1000150,면목로17길,2158,1284,874,4,254,424,490,555,431,0,107,231,275,358,313,4,147,193,215,197,118
2018,4,A,골목상권,1000149,뚝섬로64길,6393,4438,1955,19,524,1236,1832,1957,825,9,316,819,1338,1362,594,10,208,417,494,595,231
2018,4,A,골목상권,1000148,뚝섬로58길,4088,2716,1372,4,253,677,1196,1403,555,2,139,423,879,923,350,2,114,254,317,480,205
2018,4,A,골목상권,1000147,뚝섬로54길,1273,600,673,0,92,249,336,322,274,0,32,109,147,147,165,0,60,140,189,175,109
2018,4,A,골목상권,1000146,뚝섬로48길,2207,1188,1019,4,282,398,545,571,407,2,99,187,309,328,263,2,183,211,236,243,144
2018,4,A,골목상권,1000145,뚝섬로24길,1847,1248,599,3,198,351,400,397,498,3,101,251,233,246,414,0,97,100,167,151,84
2018,4,A,골목상권,1000144,뚝섬로23길,3797,2204,1593,15,661,888,850,736,647,8,305,536,456,396,503,7,356,352,394,340,144
2018,4,A,골목상권,1000143,동일로24길,5726,3578,2148,20,925,1331,1465,1243,742,6,444,898,981,734,515,14,481,433,484,509,227
2018,4,A,골목상권,1000142,동일로18길,7899,4996,2903,35,1203,1864,2055,1762,980,23,589,1246,1368,1080,690,12,614,618,687,682,290
2018,4,A,골목상권,1000141,능동로4길,1499,855,644,8,161,269,307,314,440,4,57,130,147,157,360,4,104,139,160,157,80
2018,4,A,골목상권,1000140,능동로3길,1716,922,794,8,194,290,350,385,489,4,69,133,143,186,387,4,125,157,207,199,102
2018,4,A,골목상권,1000139,능동로34길,6533,3440,3093,28,916,1645,1653,1410,881,11,377,832,850,738,632,17,539,813,803,672,249
2018,4,A,골목상권,1000138,능동로19길,3392,1653,1739,12,679,872,857,673,299,4,280,397,427,339,206,8,399,475,430,334,93
2018,4,A,골목상권,1000137,능동로13길,6722,3336,3386,16,1472,1936,1535,1164,599,7,485,924,892,597,431,9,987,1012,643,567,168
2018,4,A,골목상권,1000136,긴고랑로9길,2786,1397,1389,7,332,564,708,748,427,2,110,296,340,402,247,5,222,268,368,346,180
2018,4,A,골목상권,1000135,긴고랑로8길,6324,3786,2538,22,988,1363,1247,1390,1314,10,516,957,724,640,939,12,472,406,523,750,375
2018,4,A,골목상권,1000134,긴고랑로7길,3583,2206,1377,13,386,698,737,799,950,5,141,382,398,493,787,8,245,316,339,306,163
2018,4,A,골목상권,1000133,긴고랑로20길,3154,1584,1570,5,376,699,809,810,455,1,142,358,402,408,273,4,234,341,407,402,182
2018,4,A,골목상권,1000132,광나루로52길,10878,6083,4795,16,940,1969,2969,3347,1637,10,465,1189,1822,1757,840,6,475,780,1147,1590,797
2018,4,A,골목상권,1000131,광나루로40길,2479,1494,985,1,250,452,598,711,467,0,89,248,367,463,327,1,161,204,231,248,140
2018,4,A,골목상권,1000130,광나루로37길,3178,1732,1446,5,355,672,780,854,512,2,127,302,421,518,362,3,228,370,359,336,150
2018,4,A,골목상권,1000129,광나루로36길,4547,2755,1792,6,533,1155,1106,1123,624,3,236,685,669,730,432,3,297,470,437,393,192
2018,4,A,골목상권,1000128,광나루로24길,3067,1465,1602,9,623,823,775,594,243,4,244,353,376,314,174,5,379,470,399,280,69
2018,4,A,골목상권,1000127,광나루로12길,2562,1398,1164,9,402,582,605,567,397,7,197,344,340,243,267,2,205,238,265,324,130
2018,4,A,골목상권,1000126,한림말길,1715,761,954,5,343,399,405,345,218,0,112,151,174,181,143,5,231,248,231,164,75
2018,4,A,골목상권,1000125,한림말3길,1436,624,812,4,218,308,386,327,193,2,76,120,156,143,127,2,142,188,230,184,66
2018,4,A,골목상권,1000124,청계천로10나길,12220,8079,4141,23,1309,2643,3036,3389,1820,17,713,1759,2179,2228,1183,6,596,884,857,1161,637
2018,4,A,골목상권,1000123,장터길,1393,550,843,6,228,318,312,312,217,2,71,124,130,110,113,4,157,194,182,202,104
2018,4,A,골목상권,1000122,용답중앙길,3295,1893,1402,7,408,726,812,667,675,5,220,435,406,338,489,2,188,291,406,329,186
2018,4,A,골목상권,1000121,용답29길,10825,6801,4024,25,2006,2719,2413,2003,1659,19,1055,1792,1588,1182,1165,6,951,927,825,821,494
2018,4,A,골목상권,1000120,왕십리로6길,16842,9782,7060,35,2708,4402,4280,3540,1877,22,1523,2950,2347,1645,1295,13,1185,1452,1933,1895,582
2018,4,A,골목상권,1000119,왕십리로31길,4246,2287,1959,10,768,965,979,883,641,5,228,550,646,526,332,5,540,415,333,357,309
2018,4,A,골목상권,1000118,왕십리로26길,11028,6060,4968,27,1662,2454,2695,2655,1535,15,572,1321,1633,1658,861,12,1090,1133,1062,997,674
2018,4,A,골목상권,1000117,왕십리로21길,3584,1947,1637,12,418,781,932,947,494,6,139,355,511,570,366,6,279,426,421,377,128
2018,4,A,골목상권,1000116,왕십리로14길,17720,10481,7239,30,2703,4419,4480,3862,2226,16,1501,2987,2541,1879,1557,14,1202,1432,1939,1983,669
2018,4,A,골목상권,1000115,아차산로5길,25791,14764,11027,60,4195,6920,6687,5024,2905,32,2147,4319,3761,2558,1947,28,2048,2601,2926,2466,958
2018,4,A,골목상권,1000114,아차산로15길,23053,14949,8104,89,3961,6103,5862,4611,2427,59,2031,4124,3995,2883,1857,30,1930,1979,1867,1728,570
2018,4,A,골목상권,1000113,아차산로11길,23838,15471,8367,85,4069,6311,6122,4635,2616,53,2062,4175,4150,3033,1998,32,2007,2136,1972,1602,618
2018,4,A,골목상권,1000112,송정4가길,11738,7450,4288,51,1881,3090,3009,2406,1301,38,925,1955,1979,1520,1033,13,956,1135,1030,886,268
2018,4,A,골목상권,1000111,송정12라길,2163,1164,999,1,372,542,500,426,322,1,179,311,255,206,212,0,193,231,245,220,110
2018,4,A,골목상권,1000110,성수일로6길,33332,19377,13955,77,5966,9108,8261,6272,3648,37,3041,5836,4831,3219,2413,40,2925,3272,3430,3053,1235
2018,4,A,골목상권,1000109,성수이로7길,49655,23085,26570,242,7980,12219,14195,12682,2337,155,4701,8598,5732,2422,1477,87,3279,3621,8463,10260,860
2018,4,A,골목상권,1000108,성수이로18길,18302,11970,6332,59,3059,4786,4552,3677,2169,37,1554,3306,3135,2364,1574,22,1505,1480,1417,1313,595
2018,4,A,골목상권,1000107,성덕정길,36587,15163,21424,110,5152,8509,11191,10675,950,77,3320,6181,3750,1256,579,33,1832,2328,7441,9419,371
2018,4,A,골목상권,1000106,성덕정17길,8513,5446,3067,120,1527,2234,2093,1585,954,62,704,1420,1414,1120,726,58,823,814,679,465,228
2018,4,A,골목상권,1000105,서울숲2길,4850,3184,1666,17,710,1192,1210,998,723,11,327,747,782,713,604,6,383,445,428,285,119
2018,4,A,골목상권,1000104,상원길,19094,11081,8013,39,3035,5055,4916,3993,2056,26,1689,3383,2790,1893,1300,13,1346,1672,2126,2100,756
2018,4,A,골목상권,1000103,상원12길,8451,5478,2973,17,1115,2031,2156,1919,1213,12,508,1332,1445,1259,922,5,607,699,711,660,291
2018,4,A,골목상권,1000102,사근동길,6837,3426,3411,3,1329,1534,1960,1462,549,3,353,745,999,893,433,0,976,789,961,569,116
2018,4,A,골목상권,1000101,무학봉길,967,387,580,2,115,234,239,217,160,2,26,79,104,92,84,0,89,155,135,125,76
2018,4,A,골목상권,1000100,무학봉28길,4790,2380,2410,15,976,1050,1088,937,724,7,261,569,673,514,356,8,715,481,415,423,368
2018,4,A,골목상권,1000099,무학로6길,10605,5919,4686,26,1627,2350,2589,2564,1449,15,569,1302,1592,1624,817,11,1058,1048,997,940,632
2018,4,A,골목상권,1000098,무수막길,1094,435,659,3,150,260,278,261,142,0,42,104,94,108,87,3,108,156,184,153,55
2018,4,A,골목상권,1000097,매봉길,2086,930,1156,9,329,513,515,464,256,2,109,219,229,209,162,7,220,294,286,255,94
2018,4,A,골목상권,1000096,마조로1길,8449,4471,3978,10,1645,1848,2312,1874,760,5,473,949,1261,1193,590,5,1172,899,1051,681,170
2018,4,A,골목상권,1000095,마조로16길,3657,2280,1377,5,364,770,959,1027,532,3,200,491,583,606,397,2,164,279,376,421,135
2018,4,A,골목상권,1000094,마장로39길,3118,2081,1037,5,318,625,796,890,484,3,182,431,523,568,374,2,136,194,273,322,110
2018,4,A,골목상권,1000093,마장로27길,10947,6638,4309,22,1321,2655,2843,2687,1419,16,637,1609,1794,1716,866,6,684,1046,1049,971,553
2018,4,A,골목상권,1000092,뚝섬로5길,45575,19952,25623,137,6736,11035,13589,12487,1591,97,4248,7844,4926,1862,975,40,2488,3191,8663,10625,616
2018,4,A,골목상권,1000091,둘레9길,38192,15964,22228,122,5595,8998,11680,10810,987,86,3491,6437,4062,1307,581,36,2104,2561,7618,9503,406
2018,4,A,골목상권,1000090,금호산길,1286,575,711,3,192,275,324,307,185,0,53,127,123,154,118,3,139,148,201,153,67
2018,4,A,골목상권,1000089,금호산2길,1127,540,587,0,140,235,278,278,196,0,46,116,147,121,110,0,94,119,131,157,86
2018,4,A,골목상권,1000088,고산자로6길,18732,7954,10778,21,2660,3885,5342,5481,1343,10,996,2143,2197,1616,992,11,1664,1742,3145,3865,351
2018,4,A,골목상권,1000087,후암로28길,6395,4040,2355,15,878,1678,1791,1442,591,1,449,1154,1294,790,352,14,429,524,497,652,239
2018,4,A,골목상권,1000086,효창원로39길,1380,704,676,2,143,340,406,306,183,1,47,173,230,148,105,1,96,167,176,158,78
2018,4,A,골목상권,1000085,회나무로13길,5214,3342,1872,20,1192,1633,1273,768,328,4,605,1083,915,507,228,16,587,550,358,261,100
2018,4,A,골목상권,1000084,한남대로20길,6791,3477,3314,23,1626,1985,1471,992,694,14,512,1030,825,588,508,9,1114,955,646,404,186
2018,4,A,골목상권,1000083,한강대로88길,18633,9353,9280,371,4866,5778,4437,2464,717,144,2109,3188,2347,1083,482,227,2757,2590,2090,1381,235
2018,4,A,골목상권,1000082,한강대로7길,11827,6294,5533,44,4918,2588,1825,1260,1192,14,1880,1351,1402,865,782,30,3038,1237,423,395,410
2018,4,A,골목상권,1000081,한강대로62길,16014,10466,5548,17,1888,4101,4912,3721,1375,5,871,2521,3590,2580,899,12,1017,1580,1322,1141,476
2018,4,A,골목상권,1000080,한강대로52길,16379,10697,5682,18,1945,4175,5011,3798,1432,5,888,2570,3652,2640,942,13,1057,1605,1359,1158,490
2018,4,A,골목상권,1000079,한강대로43길,28361,17764,10597,90,8001,9135,6420,3234,1481,37,3552,5967,4909,2314,985,53,4449,3168,1511,920,496
2018,4,A,골목상권,1000078,한강대로15길,13905,7372,6533,46,5237,3067,2301,1750,1504,15,2012,1583,1621,1089,1052,31,3225,1484,680,661,452
2018,4,A,골목상권,1000077,한강대로104길,45435,27496,17939,158,10681,14091,11510,6135,2860,23,2654,9084,8729,4860,2146,135,8027,5007,2781,1275,714
2018,4,A,골목상권,1000076,청파로73길,7404,4526,2878,23,939,1782,1495,1527,1638,11,405,1021,962,839,1288,12,534,761,533,688,350
2018,4,A,골목상권,1000075,청파로71길,8771,4669,4102,19,1444,2243,1986,1706,1373,12,458,1032,1133,964,1070,7,986,1211,853,742,303
2018,4,A,골목상권,1000074,청파로47나길,8895,4655,4240,21,1525,2237,2003,1725,1384,13,487,1039,1165,916,1035,8,1038,1198,838,809,349
2018,4,A,골목상권,1000073,청파로47길,18020,8136,9884,361,4680,5304,4276,2625,774,144,1843,2575,2007,1062,505,217,2837,2729,2269,1563,269
2018,4,A,골목상권,1000072,장문로45길,967,507,460,0,104,176,222,261,204,0,32,71,113,153,138,0,72,105,109,108,66
2018,4,A,골목상권,1000071,이태원로54길,13866,7187,6679,57,3453,5384,2905,1310,757,24,1311,2999,1754,617,482,33,2142,2385,1151,693,275
2018,4,A,골목상권,1000070,이태원로27길,6909,3636,3273,40,1927,2074,1266,1030,572,13,823,1116,666,653,365,27,1104,958,600,377,207
2018,4,A,골목상권,1000069,이촌로22길,8331,4597,3734,31,4281,1753,1280,671,315,9,1776,1043,1050,560,159,22,2505,710,230,111,156
2018,4,A,골목상권,1000068,원효로89길,24009,10247,13762,379,6498,7867,5537,2808,920,145,2623,3603,2299,1046,531,234,3875,4264,3238,1762,389
2018,4,A,골목상권,1000067,원효로53길,7424,4982,2442,45,962,2333,2142,1166,776,28,563,1662,1477,766,486,17,399,671,665,400,290
2018,4,A,골목상권,1000066,원효로41길,15772,10096,5676,94,5410,4239,3440,1858,731,56,2451,2901,2678,1507,503,38,2959,1338,762,351,228
2018,4,A,골목상권,1000065,원효로19길,18748,12036,6712,99,5688,4836,3985,2335,1805,58,2587,3309,3077,1820,1185,41,3101,1527,908,515,620
2018,4,A,골목상권,1000064,우사단로4길,4054,2284,1770,8,575,1382,1044,604,441,3,215,738,662,392,274,5,360,644,382,212,167
2018,4,A,골목상권,1000063,우사단로14길,5950,2862,3088,29,1322,1897,1391,874,437,10,518,1011,738,369,216,19,804,886,653,505,221
2018,4,A,골목상권,1000062,우사단로10길,7643,3687,3956,34,1850,2384,1683,981,711,15,559,1159,940,552,462,19,1291,1225,743,429,249
2018,4,A,골목상권,1000061,신흥로20길,5267,3285,1982,15,770,1403,1412,1199,468,2,402,975,1016,637,253,13,368,428,396,562,215
2018,4,A,골목상권,1000060,소월로20길,4354,2873,1481,15,739,1326,1263,719,292,2,401,928,926,457,159,13,338,398,337,262,133
2018,4,A,골목상권,1000059,서빙고로71길,3102,2052,1050,14,463,860,875,470,420,8,251,523,592,338,340,6,212,337,283,132,80
2018,4,A,골목상권,1000058,백범로90길,21113,11374,9739,94,4421,6843,5232,2955,1568,44,1937,3706,2975,1745,967,50,2484,3137,2257,1210,601
2018,4,A,골목상권,1000057,백범로79길,5822,3535,2287,11,698,1526,1527,1249,811,7,315,971,1002,764,476,4,383,555,525,485,335
2018,4,A,골목상권,1000056,두텁바위로1길,22686,11780,10906,377,5167,6502,5560,3576,1504,147,2247,3650,3146,1661,929,230,2920,2852,2414,1915,575
2018,4,A,골목상권,1000055,대사관로34길,5494,2894,2600,20,1246,1485,1166,881,696,11,409,809,656,520,489,9,837,676,510,361,207
2018,4,A,골목상권,1000054,녹사평대로46길,3795,2584,1211,13,775,1262,962,535,248,1,437,903,717,344,182,12,338,359,245,191,66
2018,4,A,골목상권,1000053,녹사평대로40나길,5937,3696,2241,14,1143,1811,1414,1060,495,1,587,1125,909,737,337,13,556,686,505,323,158
2018,4,A,골목상권,1000052,녹사평대로32길,4251,2328,1923,10,868,1115,902,868,488,2,419,578,442,567,320,8,449,537,460,301,168
2018,4,A,골목상권,1000051,녹사평대로26길,4566,2479,2087,13,833,1181,1058,952,529,5,359,587,538,630,360,8,474,594,520,322,169
2018,4,A,골목상권,1000050,녹사평대로11길,2681,1771,910,11,414,713,730,419,394,8,234,424,478,302,325,3,180,289,252,117,69
2018,4,A,골목상권,1000049,퇴계로90길,4827,2721,2106,12,759,1257,1115,1025,659,5,345,688,692,594,397,7,414,569,423,431,262
2018,4,A,골목상권,1000048,퇴계로8길,68559,43394,25165,207,10467,24221,20297,10758,2609,65,4515,14507,14070,8336,1901,142,5952,9714,6227,2422,708
2018,4,A,골목상권,1000047,퇴계로56길,43522,21590,21932,537,11694,12445,9321,6686,2839,213,5109,7253,5510,2414,1091,324,6585,5192,3811,4272,1748
2018,4,A,골목상권,1000046,퇴계로46길,43644,22045,21599,547,10933,12045,9723,7443,2953,219,5026,6966,5630,2910,1294,328,5907,5079,4093,4533,1659
2018,4,A,골목상권,1000045,퇴계로18길,28227,13126,15101,80,4199,9663,8276,4791,1218,14,1217,4136,3872,3165,722,66,2982,5527,4404,1626,496
2018,4,A,골목상권,1000044,퇴계로12길,31400,15068,16332,129,5528,10477,8863,5265,1138,55,1862,4754,4413,3305,679,74,3666,5723,4450,1960,459
2018,4,A,골목상권,1000043,청구로1길,2590,1150,1440,6,463,671,617,557,276,3,130,284,303,283,147,3,333,387,314,274,129
2018,4,A,골목상권,1000042,청구로17길,13120,6274,6846,54,3963,3851,2557,1773,922,18,1408,1883,1479,928,558,36,2555,1968,1078,845,364
2018,4,A,골목상권,1000041,장충단로8길,11707,5985,5722,33,2685,3481,2614,1762,1132,5,790,1761,1607,1097,725,28,1895,1720,1007,665,407
2018,4,A,골목상권,1000040,삼일대로4길,84234,46155,38079,171,12917,28591,24344,14029,4182,48,5062,15029,14066,9157,2793,123,7855,13562,10278,4872,1389
2018,4,A,골목상권,1000039,명동길,129323,71238,58085,395,21183,44457,37131,20574,5583,94,7528,22394,22739,14617,3866,301,13655,22063,14392,5957,1717
2018,4,A,골목상권,1000038,동호로8길,7420,3516,3904,36,1911,1896,1533,1219,825,14,698,962,830,531,481,22,1213,934,703,688,344
2018,4,A,골목상권,1000037,동호로20길,16936,8229,8707,66,4911,4874,3376,2317,1392,19,1612,2402,2049,1318,829,47,3299,2472,1327,999,563
2018,4,A,골목상권,1000036,동호로15길,14136,6774,7362,56,4102,4052,2824,1989,1113,16,1464,1960,1602,1056,676,40,2638,2092,1222,933,437
2018,4,A,골목상권,1000035,동호로11길,4113,1878,2235,17,737,1069,1038,767,485,5,254,505,493,343,278,12,483,564,545,424,207
2018,4,A,골목상권,1000034,동호로10길,12439,6031,6408,40,3671,3646,2460,1707,915,16,1285,1808,1438,927,557,24,2386,1838,1022,780,358
2018,4,A,골목상권,1000033,다산로39길,8779,4687,4092,23,2029,2377,1868,1608,874,11,859,1360,1035,903,519,12,1170,1017,833,705,355
2018,4,A,골목상권,1000032,다산로38길,7221,3691,3530,19,1659,1745,1567,1453,778,10,651,904,850,799,477,9,1008,841,717,654,301
2018,4,A,골목상권,1000031,다산로36길,3116,1450,1666,10,731,848,712,545,270,5,238,400,359,278,170,5,493,448,353,267,100
2018,4,A,골목상권,1000030,다산로33길,10247,5356,4891,27,2149,2800,2244,1894,1133,9,826,1535,1278,1066,642,18,1323,1265,966,828,491
2018,4,A,골목상권,1000029,난계로21길,3323,1967,1356,5,560,856,793,667,442,1,258,528,507,402,271,4,302,328,286,265,171
2018,4,A,골목상권,1000028,난계로11길,4927,2997,1930,10,721,1248,1183,1114,651,5,338,752,785,703,414,5,383,496,398,411,237
2018,4,A,골목상권,1000027,필운대로1길,4396,2109,2287,15,561,913,980,973,954,10,253,447,502,412,485,5,308,466,478,561,469
2018,4,A,골목상권,1000026,평창길,812,363,449,1,121,152,164,196,178,1,35,72,96,70,89,0,86,80,68,126,89
2018,4,A,골목상권,1000025,통일로12길,1236,625,611,4,144,341,294,300,153,0,53,171,140,144,117,4,91,170,154,156,36
2018,4,A,골목상권,1000024,창신길,1921,867,1054,0,233,416,457,509,306,0,77,180,229,223,158,0,156,236,228,286,148
2018,4,A,골목상권,1000023,창신5길,3331,1551,1780,3,455,792,802,732,547,1,145,358,402,333,312,2,310,434,400,399,235
2018,4,A,골목상권,1000022,창신2길,5751,3450,2301,9,747,1432,1534,1254,775,3,394,903,928,725,497,6,353,529,606,529,278
2018,4,A,골목상권,1000021,창경궁로35길,3045,1228,1817,4,518,823,903,524,273,0,120,308,347,249,204,4,398,515,556,275,69
2018,4,A,골목상권,1000020,지봉로8길,3125,1325,1800,10,430,755,842,646,442,5,127,294,308,309,282,5,303,461,534,337,160
2018,4,A,골목상권,1000019,종로65길,9227,4586,4641,33,966,1554,1802,2168,2704,10,322,766,868,986,1634,23,644,788,934,1182,1070
2018,4,A,골목상권,1000018,종로58가길,6966,3724,3242,13,1404,2186,1704,1040,619,6,746,1138,894,542,398,7,658,1048,810,498,221
2018,4,A,골목상권,1000017,종로24길,11993,7008,4985,37,1382,2534,2794,2876,2370,15,569,1430,1702,1694,1598,22,813,1104,1092,1182,772
2018,4,A,골목상권,1000016,자하문로7길,6622,4140,2482,7,1344,2222,1591,1015,443,1,781,1440,1021,626,271,6,563,782,570,389,172
2018,4,A,골목상권,1000015,이화장길,9945,6208,3737,32,1638,3190,2698,1704,683,12,700,1871,1944,1200,481,20,938,1319,754,504,202
2018,4,A,골목상권,1000014,율곡로16길,17515,12094,5421,44,2378,5902,5214,2805,1172,15,996,3893,4127,2202,861,29,1382,2009,1087,603,311
2018,4,A,골목상권,1000013,율곡로10길,21762,10076,11686,35,4520,7462,5264,3175,1306,6,1273,3133,2908,1802,954,29,3247,4329,2356,1373,352
2018,4,A,골목상권,1000012,옥인길,1538,763,775,0,227,415,412,311,173,0,87,198,209,165,104,0,140,217,203,146,69
2018,4,A,골목상권,1000011,숭인동길,8362,4336,4026,26,868,1326,1511,1969,2662,6,290,708,854,894,1584,20,578,618,657,1075,1078
2018,4,A,골목상권,1000010,성균관로5길,20714,9412,11302,37,4086,7021,5094,3286,1190,10,1086,2688,2692,2022,914,27,3000,4333,2402,1264,276
2018,4,A,골목상권,1000009,삼청로5길,4899,3294,1605,5,820,1544,1332,963,235,1,500,1060,943,662,128,4,320,484,389,301,107
2018,4,A,골목상권,1000008,북촌로5나길,5532,3682,1850,8,867,1701,1486,1082,388,4,521,1138,1035,738,246,4,346,563,451,344,142
2018,4,A,골목상권,1000007,북촌로5길,18646,13467,5179,16,2745,6583,5330,3042,930,11,1530,4785,4133,2343,665,5,1215,1798,1197,699,265
2018,4,A,골목상권,1000006,북촌로11길,17681,12320,5361,22,2477,6154,5011,2925,1092,18,1189,4276,3826,2218,793,4,1288,1878,1185,707,299
2018,4,A,골목상권,1000005,백석동길,1762,1016,746,3,353,536,432,282,156,2,118,297,304,184,111,1,235,239,128,98,45
2018,4,A,골목상권,1000004,명륜길,18294,8085,10209,19,3823,6370,4405,2805,872,2,988,2399,2330,1675,691,17,2835,3971,2075,1130,181
2018,4,A,골목상권,1000003,돈화문로11가길,54090,32215,21875,106,9555,18642,13946,8364,3477,43,3441,10645,9743,5938,2405,63,6114,7997,4203,2426,1072
2018,4,A,골목상권,1000002,난계로27길,9382,5035,4347,68,1120,1497,1745,2315,2637,42,480,850,1007,1148,1508,26,640,647,738,1167,1129
2018,4,A,골목상권,1000001,계동길,31172,17818,13354,34,5352,11175,8318,4861,1432,14,1846,6053,5501,3334,1070,20,3506,5122,2817,1527,362
2018,3,A,골목상권,1001010,풍성로37가길,3706,2049,1657,9,426,729,908,997,637,3,192,402,488,530,434,6,234,327,420,467,203
2018,3,A,골목상권,1001009,천호옛길,3670,1756,1914,10,569,810,856,840,585,3,227,385,408,389,344,7,342,425,448,451,241
2018,3,A,골목상권,1001008,천호옛14길,5097,2584,2513,15,753,1261,1272,993,803,2,273,705,683,468,453,13,480,556,589,525,350
2018,3,A,골목상권,1001007,천호대로219길,2109,1149,960,10,171,412,462,534,520,9,81,281,315,297,166,1,90,131,147,237,354
2018,3,A,골목상권,1001006,천호대로197길,1756,823,933,4,177,363,446,456,310,3,82,173,197,188,180,1,95,190,249,268,130
2018,3,A,골목상권,1001005,천호대로187길,6805,3359,3446,7,993,1608,1502,1554,1141,2,401,867,814,644,631,5,592,741,688,910,510
2018,3,A,골목상권,1001004,천호대로170길,7705,4327,3378,19,1012,1593,1551,1501,2029,11,377,913,907,813,1306,8,635,680,644,688,723
2018,3,A,골목상권,1001003,천호대로162길,4485,2544,1941,14,576,1203,1180,890,622,5,254,801,718,441,325,9,322,402,462,449,297
2018,3,A,골목상권,1001002,천중로51길,4122,2280,1842,10,455,833,1006,1070,748,6,158,487,573,617,439,4,297,346,433,453,309
2018,3,A,골목상권,1001001,천중로39길,5017,2670,2347,14,586,964,1159,1132,1162,7,209,513,617,585,739,7,377,451,542,547,423
2018,3,A,골목상권,1001000,진황도로47길,7227,3596,3631,6,1065,1718,1646,1607,1185,0,425,928,907,683,653,6,640,790,739,924,532
2018,3,A,골목상권,1000999,진황도로27길,7620,4093,3527,12,1025,1749,1664,1358,1812,3,308,891,938,722,1231,9,717,858,726,636,581
2018,3,A,골목상권,1000998,올림픽로98길,2920,1294,1626,3,234,502,626,639,916,3,75,226,303,229,458,0,159,276,323,410,458
2018,3,A,골목상권,1000997,올림픽로80길,2984,1420,1564,7,401,510,614,727,725,2,132,266,268,287,465,5,269,244,346,440,260
2018,3,A,골목상권,1000996,올림픽로78길,4167,1927,2240,10,863,922,837,705,830,1,261,473,390,274,528,9,602,449,447,431,302
2018,3,A,골목상권,1000995,올림픽로77길,5500,2704,2796,14,1043,1280,1160,987,1016,2,318,677,602,439,666,12,725,603,558,548,350
2018,3,A,골목상권,1000994,올림픽로71길,4800,2391,2409,13,914,1151,1022,782,918,1,281,606,538,367,598,12,633,545,484,415,320
2018,3,A,골목상권,1000993,올림픽로48길,15156,9181,5975,51,1819,3677,3678,3416,2515,25,865,2111,2231,2202,1747,26,954,1566,1447,1214,768
2018,3,A,골목상권,1000992,양재대로96길,3966,2313,1653,5,469,893,926,998,675,3,278,534,506,524,468,2,191,359,420,474,207
2018,3,A,골목상권,1000991,양재대로95길,5554,3340,2214,6,627,1163,1223,1384,1151,3,356,749,716,781,735,3,271,414,507,603,416
2018,3,A,골목상권,1000990,양재대로91길,4676,2671,2005,5,459,893,1100,1234,985,1,200,504,623,708,635,4,259,389,477,526,350
2018,3,A,골목상권,1000989,양재대로133길,3802,1636,2166,13,450,697,839,920,883,8,138,312,378,349,451,5,312,385,461,571,432
2018,3,A,골목상권,1000988,양재대로124길,3877,2170,1707,7,400,749,926,917,878,3,171,402,507,500,587,4,229,347,419,417,291
2018,3,A,골목상권,1000987,양재대로116길,2561,1428,1133,3,291,504,621,635,507,1,119,258,319,363,368,2,172,246,302,272,139
2018,3,A,골목상권,1000986,양재대로101길,8647,4540,4107,22,1387,1996,1824,1503,1915,11,460,981,1053,771,1264,11,927,1015,771,732,651
2018,3,A,골목상권,1000985,암사길,1483,787,696,0,129,302,369,399,284,0,46,138,193,234,176,0,83,164,176,165,108
2018,3,A,골목상권,1000984,성안로3길,15210,8890,6320,56,1836,3611,3750,3357,2600,24,835,1906,2179,2124,1822,32,1001,1705,1571,1233,778
2018,3,A,골목상권,1000983,성내로5길,10613,6278,4335,44,1236,2694,2728,2485,1426,20,568,1523,1604,1554,1009,24,668,1171,1124,931,417
2018,3,A,골목상권,1000982,상일로5길,5239,3749,1490,10,903,2139,936,707,544,9,653,1827,633,440,187,1,250,312,303,267,357
2018,3,A,골목상권,1000981,상암로5길,4364,1830,2534,5,320,664,985,1154,1236,2,102,258,396,379,693,3,218,406,589,775,543
2018,3,A,골목상권,1000980,상암로51길,4331,2178,2153,10,434,823,1042,1167,855,6,153,449,571,559,440,4,281,374,471,608,415
2018,3,A,골목상권,1000979,상암로4길,3991,1815,2176,4,449,672,928,884,1054,4,149,321,441,333,567,0,300,351,487,551,487
2018,3,A,골목상권,1000978,상암로14길,3562,1636,1926,2,410,630,822,774,924,2,143,302,411,276,502,0,267,328,411,498,422
2018,3,A,골목상권,1000977,명일로13길,3887,2065,1822,1,595,1051,836,820,584,0,231,560,462,434,378,1,364,491,374,386,206
2018,3,A,골목상권,1000976,동남로85길,885,359,526,1,83,161,187,245,208,0,24,65,74,92,104,1,59,96,113,153,104
2018,3,A,골목상권,1000975,동남로82길,601,224,377,0,48,115,130,204,104,0,14,37,50,75,48,0,34,78,80,129,56
2018,3,A,골목상권,1000974,동남로65길,2695,928,1767,2,555,819,595,496,228,2,108,264,200,216,138,0,447,555,395,280,90
2018,3,A,골목상권,1000973,구천면로42길,2452,1107,1345,5,241,532,617,616,441,2,74,236,270,290,235,3,167,296,347,326,206
2018,3,A,골목상권,1000972,구천면로41길,2294,1036,1258,2,239,505,618,596,334,1,82,206,298,258,191,1,157,299,320,338,143
2018,3,A,골목상권,1000971,구천면로36길,1966,1002,964,2,182,423,477,505,377,0,50,182,224,266,280,2,132,241,253,239,97
2018,3,A,골목상권,1000970,고덕로61길,756,302,454,1,82,114,153,191,215,0,25,52,53,68,104,1,57,62,100,123,111
2018,3,A,골목상권,1000969,고덕로25길,1623,583,1040,3,119,279,381,577,264,0,45,94,120,166,158,3,74,185,261,411,106
2018,3,A,골목상권,1000968,고덕로10길,4162,1746,2416,5,312,613,909,1107,1216,2,103,248,360,358,675,3,209,365,549,749,541
2018,3,A,골목상권,1000967,강동대로53길,8628,5173,3455,18,1121,2193,2123,1850,1323,7,550,1270,1343,1171,832,11,571,923,780,679,491
2018,3,A,골목상권,1000966,풍성로25길,4139,1993,2146,12,646,928,969,910,674,2,225,435,477,441,413,10,421,493,492,469,261
2018,3,A,골목상권,1000965,오금로46길,2558,1233,1325,11,348,549,599,649,402,7,120,271,301,285,249,4,228,278,298,364,153
2018,3,A,골목상권,1000964,오금로36길,10304,6564,3740,18,1629,2830,2468,2132,1227,11,795,1893,1624,1359,882,7,834,937,844,773,345
2018,3,A,골목상권,1000963,오금로11길,22045,13244,8801,57,3134,5774,5279,4639,3162,33,1728,3930,3287,2273,1993,24,1406,1844,1992,2366,1169
2018,3,A,골목상권,1000962,양재대로72길,12078,7591,4487,30,1287,2310,2594,2393,3464,18,598,1362,1693,1488,2432,12,689,948,901,905,1032
2018,3,A,골목상권,1000961,양재대로71길,9566,6095,3471,33,1383,2240,2135,1858,1917,19,652,1369,1418,1219,1418,14,731,871,717,639,499
2018,3,A,골목상권,1000960,양재대로64길,16135,9826,6309,18,1714,3223,2994,2517,5669,2,750,1904,1939,1454,3777,16,964,1319,1055,1063,1892
2018,3,A,골목상권,1000959,양재대로62길,28305,17169,11136,65,3504,5630,5756,5726,7624,33,1524,3537,3790,3240,5045,32,1980,2093,1966,2486,2579
2018,3,A,골목상권,1000958,송파대로30길,37156,22872,14284,74,4567,8117,8234,7631,8533,39,2018,5025,5494,4564,5732,35,2549,3092,2740,3067,2801
2018,3,A,골목상권,1000957,송이로36길,8777,5495,3282,23,1590,2308,2255,1652,949,12,757,1461,1470,1051,744,11,833,847,785,601,205
2018,3,A,골목상권,1000956,송이로32길,9966,6135,3831,31,1394,1833,2272,2318,2118,15,645,1137,1423,1453,1462,16,749,696,849,865,656
2018,3,A,골목상권,1000955,송이로23길,9178,5199,3979,23,1427,2624,2333,1675,1096,14,528,1457,1407,1018,775,9,899,1167,926,657,321
2018,3,A,골목상권,1000954,삼전로13길,8059,4771,3288,22,1115,1776,1942,1891,1313,8,458,1023,1172,1150,960,14,657,753,770,741,353
2018,3,A,골목상권,1000953,백제고분로50길,18537,10590,7947,54,2656,4733,4182,4056,2856,34,1457,3096,2375,1923,1705,20,1199,1637,1807,2133,1151
2018,3,A,골목상권,1000952,백제고분로46길,5865,3582,2283,9,683,1311,1409,1399,1054,6,312,844,912,776,732,3,371,467,497,623,322
2018,3,A,골목상권,1000951,백제고분로45길,10895,7090,3805,17,1482,2620,2588,2506,1682,12,724,1799,1774,1574,1207,5,758,821,814,932,475
2018,3,A,골목상권,1000950,백제고분로42길,7835,4345,3490,16,890,1579,1724,1886,1740,9,379,870,1005,1007,1075,7,511,709,719,879,665
2018,3,A,골목상권,1000949,백제고분로39길,8532,5416,3116,17,1361,2496,1907,1646,1105,8,668,1807,1249,942,742,9,693,689,658,704,363
2018,3,A,골목상권,1000948,백제고분로34길,5349,3175,2174,16,595,1190,1526,1288,734,10,273,700,939,768,485,6,322,490,587,520,249
2018,3,A,골목상권,1000947,백제고분로33길,7377,5202,2175,16,909,1807,1731,1388,1526,3,486,1351,1205,862,1295,13,423,456,526,526,231
2018,3,A,골목상권,1000946,백제고분로32길,5723,3440,2283,12,635,1250,1449,1494,883,7,295,755,913,873,597,5,340,495,536,621,286
2018,3,A,골목상권,1000945,백제고분로31길,8434,5434,3000,18,1007,1697,1967,1857,1888,4,408,1002,1286,1157,1577,14,599,695,681,700,311
2018,3,A,골목상권,1000944,백제고분로22길,4586,3073,1513,10,554,961,1057,1113,891,4,276,660,734,713,686,6,278,301,323,400,205
2018,3,A,골목상권,1000943,백제고분로21길,5240,3000,2240,11,718,1214,1290,1203,804,4,247,669,791,702,587,7,471,545,499,501,217
2018,3,A,골목상권,1000942,마천로51길,1403,705,698,1,109,221,372,417,283,1,38,88,159,223,196,0,71,133,213,194,87
2018,3,A,골목상권,1000941,동남로20길,4762,2682,2080,81,786,882,1155,1124,734,45,379,517,652,590,499,36,407,365,503,534,235
2018,3,A,골목상권,1000940,거마로20길,2354,1139,1215,1,221,443,642,673,374,1,88,231,292,299,228,0,133,212,350,374,146
2018,3,A,골목상권,1000939,학동로77길,14090,5684,8406,34,2687,4328,3571,2113,1357,8,769,1629,1357,1051,870,26,1918,2699,2214,1062,487
2018,3,A,골목상권,1000938,학동로6길,16219,9337,6882,50,3421,5296,3946,2063,1443,18,1389,3192,2539,1241,958,32,2032,2104,1407,822,485
2018,3,A,골목상권,1000937,학동로56길,21869,12221,9648,106,5166,6932,4954,3264,1447,51,2177,4005,3210,1830,948,55,2989,2927,1744,1434,499
2018,3,A,골목상권,1000936,학동로38길,25282,14643,10639,77,5234,7225,5629,3409,3708,29,1843,4135,3774,2263,2599,48,3391,3090,1855,1146,1109
2018,3,A,골목상권,1000935,테헤란로81길,71886,45562,26324,200,13098,27586,20446,8351,2205,71,5314,17191,15055,6330,1601,129,7784,10395,5391,2021,604
2018,3,A,골목상권,1000934,일원로9길,8245,2229,6016,2,2348,2820,1690,986,399,0,351,727,537,385,229,2,1997,2093,1153,601,170
2018,3,A,골목상권,1000933,일원로3길,3234,1862,1372,4,267,626,802,845,690,2,112,369,490,479,410,2,155,257,312,366,280
2018,3,A,골목상권,1000932,영동대로65길,33327,21206,12121,93,5091,8954,8369,6232,4588,58,2782,6418,5591,3539,2818,35,2309,2536,2778,2693,1770
2018,3,A,골목상권,1000931,영동대로112길,104684,73301,31383,388,20042,31342,25948,19308,7656,240,10561,21149,20139,15854,5358,148,9481,10193,5809,3454,2298
2018,3,A,골목상권,1000930,언주로81길,105329,63767,41562,407,21534,31887,27432,18991,5078,194,11947,21843,17240,9164,3379,213,9587,10044,10192,9827,1699
2018,3,A,골목상권,1000929,압구정로2길,14787,7271,7516,92,3922,4835,3190,1659,1089,39,1247,2510,1847,916,712,53,2675,2325,1343,743,377
2018,3,A,골목상권,1000928,선릉로18길,973,438,535,7,100,241,225,248,152,6,35,97,104,98,98,1,65,144,121,150,54
2018,3,A,골목상권,1000927,선릉로146길,14378,6982,7396,44,3885,4749,2884,1657,1159,7,1173,2252,1719,1032,799,37,2712,2497,1165,625,360
2018,3,A,골목상권,1000926,선릉로133길,23079,13685,9394,95,4782,6634,5557,3970,2041,41,2191,4044,3805,2391,1213,54,2591,2590,1752,1579,828
2018,3,A,골목상권,1000925,선릉로132길,23714,10709,13005,91,5359,7101,5587,3588,1988,37,2003,3241,2521,1692,1215,54,3356,3860,3066,1896,773
2018,3,A,골목상권,1000924,선릉로121길,16727,9812,6915,66,3257,5309,4041,2660,1394,37,1212,2908,2774,1855,1026,29,2045,2401,1267,805,368
2018,3,A,골목상권,1000923,삼성로75길,29081,18565,10516,61,4810,9013,8396,4665,2136,24,2201,5590,5823,3370,1557,37,2609,3423,2573,1295,579
2018,3,A,골목상권,1000922,삼성로69길,8451,4409,4042,29,1590,2299,1952,1579,1002,15,587,1152,1097,861,697,14,1003,1147,855,718,305
2018,3,A,골목상권,1000921,삼성로64길,17925,10803,7122,51,3429,5484,4807,2806,1348,27,1739,3765,2879,1444,949,24,1690,1719,1928,1362,399
2018,3,A,골목상권,1000920,삼성로63길,3354,1441,1913,21,590,901,830,675,337,11,175,363,389,301,202,10,415,538,441,374,135
2018,3,A,골목상권,1000919,삼성로57길,6984,3611,3373,117,2051,2501,1218,741,356,9,791,1495,728,367,221,108,1260,1006,490,374,135
2018,3,A,골목상권,1000918,삼성로147길,11468,5259,6209,34,2984,3759,2539,1319,833,5,903,1762,1333,723,533,29,2081,1997,1206,596,300
2018,3,A,골목상권,1000917,삼성로115길,6446,3652,2794,14,1392,2138,1460,831,611,5,524,1233,930,528,432,9,868,905,530,303,179
2018,3,A,골목상권,1000916,봉은사로68길,42906,28464,14442,58,7377,17662,11616,4525,1668,25,3274,11643,9083,3286,1153,33,4103,6019,2533,1239,515
2018,3,A,골목상권,1000915,봉은사로57길,13361,7768,5593,48,2716,4401,3102,2108,986,22,1009,2438,2093,1457,749,26,1707,1963,1009,651,237
2018,3,A,골목상권,1000914,봉은사로43길,26004,15329,10675,79,5598,8710,5795,3494,2328,41,2137,5089,4026,2345,1691,38,3461,3621,1769,1149,637
2018,3,A,골목상권,1000913,봉은사로29길,27829,16218,11611,62,6081,8651,6256,3889,2890,31,2243,4939,4316,2604,2085,31,3838,3712,1940,1285,805
2018,3,A,골목상권,1000912,봉은사로109길,74278,56459,17819,275,11922,20145,18477,16204,7255,198,7986,15000,14907,13339,5029,77,3936,5145,3570,2865,2226
2018,3,A,골목상권,1000911,도산대로89길,11788,5816,5972,60,2989,4001,2724,1434,580,15,911,2065,1611,834,380,45,2078,1936,1113,600,200
2018,3,A,골목상권,1000910,도산대로81길,16151,5759,10392,83,5638,5999,2816,1059,556,13,1411,2241,1276,489,329,70,4227,3758,1540,570,227
2018,3,A,골목상권,1000909,도산대로50길,27530,15723,11807,107,6019,8010,6113,4719,2562,42,2448,4674,4066,2860,1633,65,3571,3336,2047,1859,929
2018,3,A,골목상권,1000908,도산대로38길,30146,16506,13640,88,6771,9952,7209,4137,1989,22,2398,5511,4629,2580,1366,66,4373,4441,2580,1557,623
2018,3,A,골목상권,1000907,도산대로30길,25809,13220,12589,69,6391,8465,5888,3261,1735,15,2032,4432,3638,1927,1176,54,4359,4033,2250,1334,559
2018,3,A,골목상권,1000906,도산대로23길,23357,11513,11844,92,6175,7977,5002,2605,1506,29,1732,4014,3092,1607,1039,63,4443,3963,1910,998,467
2018,3,A,골목상권,1000905,도산대로15길,20885,9832,11053,103,5666,7166,4394,2196,1360,32,1552,3522,2584,1228,914,71,4114,3644,1810,968,446
2018,3,A,골목상권,1000904,도곡로37길,30855,16506,14349,142,7347,8813,7319,4784,2450,50,2884,4934,4460,2626,1552,92,4463,3879,2859,2158,898
2018,3,A,골목상권,1000903,논현로8길,5798,3784,2014,16,727,1416,1489,1163,987,7,389,997,971,752,668,9,338,419,518,411,319
2018,3,A,골목상권,1000902,논현로63길,31074,21136,9938,91,5024,9263,8178,5436,3082,27,2411,6080,6143,4074,2401,64,2613,3183,2035,1362,681
2018,3,A,골목상권,1000901,논현로28길,41788,22601,19187,157,7408,11049,11570,7161,4443,86,3646,6990,5692,3433,2754,71,3762,4059,5878,3728,1689
2018,3,A,골목상권,1000900,논현로26길,36498,24502,11996,89,5893,10871,9034,5964,4647,55,3117,7632,6660,4117,2921,34,2776,3239,2374,1847,1726
2018,3,A,골목상권,1000899,논현로159길,14893,6190,8703,88,4272,4886,3039,1591,1017,30,1095,2154,1543,750,618,58,3177,2732,1496,841,399
2018,3,A,골목상권,1000898,논현로139길,36040,19551,16489,111,9129,11959,7940,4250,2651,38,3040,6780,5271,2583,1839,73,6089,5179,2669,1667,812
2018,3,A,골목상권,1000897,논현로123길,10035,5818,4217,37,2145,3141,2311,1353,1048,14,888,1913,1511,802,690,23,1257,1228,800,551,358
2018,3,A,골목상권,1000896,논현로115길,22295,12829,9466,94,5536,7263,4856,2543,2003,47,2305,4151,3299,1636,1391,47,3231,3112,1557,907,612
2018,3,A,골목상권,1000895,논현로10길,11741,6986,4755,23,1428,2803,3161,2569,1757,11,657,1732,1809,1466,1311,12,771,1071,1352,1103,446
2018,3,A,골목상권,1000894,논현로106길,21595,12370,9225,58,4240,6336,4680,3198,3083,34,1741,3819,3159,1796,1821,24,2499,2517,1521,1402,1262
2018,3,A,골목상권,1000893,남부순환로365길,18717,10211,8506,97,4373,5517,4028,2988,1714,30,1712,3422,2567,1409,1071,67,2661,2095,1461,1579,643
2018,3,A,골목상권,1000892,개포로82길,788,365,423,0,61,148,208,230,141,0,14,51,89,110,101,0,47,97,119,120,40
2018,3,A,골목상권,1000891,개포로28길,15736,9433,6303,35,1885,4004,4427,3501,1884,12,926,2606,2612,1866,1411,23,959,1398,1815,1635,473
2018,3,A,골목상권,1000890,개포로20길,23510,14894,8616,48,2788,6249,6797,5177,2451,16,1451,4143,4321,3114,1849,32,1337,2106,2476,2063,602
2018,3,A,골목상권,1000889,개포로17길,21773,14054,7719,52,2884,5832,6202,4767,2036,21,1497,3951,4079,2959,1547,31,1387,1881,2123,1808,489
2018,3,A,골목상권,1000888,강남대로140길,24843,13240,11603,82,5604,8384,5725,3223,1825,16,1791,4635,3728,1790,1280,66,3813,3749,1997,1433,545
2018,3,A,골목상권,1000887,강남대로136길,31136,17438,13698,105,6478,10424,7638,4123,2368,21,2356,6130,4916,2404,1611,84,4122,4294,2722,1719,757
2018,3,A,골목상권,1000886,강남대로118길,13508,7161,6347,73,4072,4259,2732,1437,935,34,1545,2291,1818,856,617,39,2527,1968,914,581,318
2018,3,A,골목상권,1000885,서초중앙로8길,26713,16381,10332,65,5419,7867,6711,4457,2194,20,2259,4958,4614,2863,1667,45,3160,2909,2097,1594,527
2018,3,A,골목상권,1000884,방배중앙로21길,6083,3130,2953,18,813,1287,1381,1412,1172,10,328,730,740,620,702,8,485,557,641,792,470
2018,3,A,골목상권,1000883,효령로72길,24157,15963,8194,75,4919,7172,6586,3754,1651,24,2259,4786,4994,2674,1226,51,2660,2386,1592,1080,425
2018,3,A,골목상권,1000882,효령로34길,5635,3382,2253,22,986,1369,1152,1001,1105,7,391,774,752,578,880,15,595,595,400,423,225
2018,3,A,골목상권,1000881,효령로31길,13140,7907,5233,60,2780,3785,3167,1892,1456,36,1253,2321,1987,1161,1149,24,1527,1464,1180,731,307
2018,3,A,골목상권,1000880,효령로23길,10721,6759,3962,52,2367,3046,2489,1490,1277,28,1098,1989,1712,923,1009,24,1269,1057,777,567,268
2018,3,A,골목상권,1000879,청두곶길,15010,8109,6901,45,2173,3595,3339,3569,2289,9,967,2272,2055,1603,1203,36,1206,1323,1284,1966,1086
2018,3,A,골목상권,1000878,주흥길,8019,5885,2134,13,1343,2863,2097,1099,604,8,774,2155,1767,798,383,5,569,708,330,301,221
2018,3,A,골목상권,1000877,주흥15길,9806,5673,4133,31,1966,3374,2523,1181,731,8,731,1983,1704,764,483,23,1235,1391,819,417,248
2018,3,A,골목상권,1000876,언남길,15824,11153,4671,49,2167,4368,4460,3160,1620,28,1206,3056,3310,2312,1241,21,961,1312,1150,848,379
2018,3,A,골목상권,1000875,신반포로45길,11810,6562,5248,27,2377,3756,2947,1672,1031,8,810,2177,1878,1004,685,19,1567,1579,1069,668,346
2018,3,A,골목상권,1000874,서초대로8길,7554,4134,3420,20,939,1844,2041,1527,1183,16,387,992,1095,837,807,4,552,852,946,690,376
2018,3,A,골목상권,1000873,서초대로64길,10593,5662,4931,30,1989,3332,2691,1582,969,12,718,1747,1489,969,727,18,1271,1585,1202,613,242
2018,3,A,골목상권,1000872,서초대로4길,7260,4497,2763,15,903,1675,1870,1582,1215,9,444,1022,1213,993,816,6,459,653,657,589,399
2018,3,A,골목상권,1000871,서초대로25길,14290,8854,5436,59,2725,4397,3485,2197,1427,42,1276,2763,2293,1425,1055,17,1449,1634,1192,772,372
2018,3,A,골목상권,1000870,서초대로23길,15327,9546,5781,67,2575,4533,3878,2561,1713,47,1287,2883,2495,1577,1257,20,1288,1650,1383,984,456
2018,3,A,골목상권,1000869,서초대로15길,13101,7661,5440,45,1891,3379,3327,2486,1973,29,825,1944,1956,1483,1424,16,1066,1435,1371,1003,549
2018,3,A,골목상권,1000868,사평대로57길,14740,8833,5907,59,2681,4699,3870,2253,1178,24,1085,2862,2748,1432,682,35,1596,1837,1122,821,496
2018,3,A,골목상권,1000867,사평대로26길,4399,2345,2054,35,910,1271,1093,728,362,12,366,679,629,436,223,23,544,592,464,292,139
2018,3,A,골목상권,1000866,사평대로22길,4773,2907,1866,43,957,1411,1252,713,397,13,437,897,835,474,251,30,520,514,417,239,146
2018,3,A,골목상권,1000865,사임당로17길,22377,12475,9902,77,3817,7224,5780,3456,2023,27,1307,3939,3512,2202,1488,50,2510,3285,2268,1254,535
2018,3,A,골목상권,1000864,방배로42길,5251,3186,2065,21,756,1317,1212,1043,902,7,304,820,763,626,666,14,452,497,449,417,236
2018,3,A,골목상권,1000863,방배로35길,5910,3550,2360,25,850,1445,1430,1106,1054,10,334,879,902,678,747,15,516,566,528,428,307
2018,3,A,골목상권,1000862,방배로18길,9605,5636,3969,48,2317,2879,2083,1171,1107,27,948,1741,1372,678,870,21,1369,1138,711,493,237
2018,3,A,골목상권,1000861,반포대로9길,3821,2226,1595,9,667,1037,1000,661,447,3,241,610,669,406,297,6,426,427,331,255,150
2018,3,A,골목상권,1000860,바우뫼로39길,36508,23796,12712,79,5660,10460,8619,6538,5152,51,2941,7025,6167,4163,3449,28,2719,3435,2452,2375,1703
2018,3,A,골목상권,1000859,마방로2길,14632,9798,4834,38,2190,3880,3748,3033,1743,23,1187,2590,2691,2019,1288,15,1003,1290,1057,1014,455
2018,3,A,골목상권,1000858,방배천로4안길,7064,4340,2724,15,1043,1749,1773,1377,1107,9,472,1053,1151,870,785,6,571,696,622,507,322
2018,3,A,골목상권,1000857,동산로19길,14981,9535,5446,38,1729,3374,4148,3571,2121,28,870,2164,2651,2260,1562,10,859,1210,1497,1311,559
2018,3,A,골목상권,1000856,동산로10길,8463,5316,3147,28,1027,2028,2122,1919,1339,21,530,1280,1373,1220,892,7,497,748,749,699,447
2018,3,A,골목상권,1000855,동광로39길,5107,2916,2191,42,1063,1501,1236,879,386,12,489,886,745,564,220,30,574,615,491,315,166
2018,3,A,골목상권,1000854,동광로1길,7174,3535,3639,25,1153,1710,1657,1545,1084,19,520,1027,905,542,522,6,633,683,752,1003,562
2018,3,A,골목상권,1000853,동광로12길,12071,6596,5475,48,1614,2634,2794,2554,2427,23,616,1439,1594,1347,1577,25,998,1195,1200,1207,850
2018,3,A,골목상권,1000852,논현로27길,37403,25947,11456,91,6069,11247,9211,6284,4501,55,3272,7817,7047,4646,3110,36,2797,3430,2164,1638,1391
2018,3,A,골목상권,1000851,논현로1길,11399,6922,4477,37,1242,2617,2956,2623,1924,25,618,1596,1813,1582,1288,12,624,1021,1143,1041,636
2018,3,A,골목상권,1000850,남부순환로339길,28797,15829,12968,105,6578,7801,6633,5407,2273,56,2724,4859,4146,2617,1427,49,3854,2942,2487,2790,846
2018,3,A,골목상권,1000849,남부순환로325길,20262,11600,8662,57,3105,6767,4924,3316,2093,15,1330,3556,3084,2079,1536,42,1775,3211,1840,1237,557
2018,3,A,골목상권,1000848,남부순환로317길,11925,7314,4611,41,2203,3895,2972,1757,1057,14,978,2435,2027,1115,745,27,1225,1460,945,642,312
2018,3,A,골목상권,1000847,고무래로8길,32395,13413,18982,35,6927,10393,8438,4834,1768,7,1267,3934,4222,2888,1095,28,5660,6459,4216,1946,673
2018,3,A,골목상권,1000846,강남대로8길,97241,86996,10245,44,8496,19839,27822,37694,3346,32,6613,16996,24730,35830,2795,12,1883,2843,3092,1864,551
2018,3,A,골목상권,1000845,강남대로34길,38304,23607,14697,152,7657,11674,8407,5789,4625,65,3435,7630,5957,3523,2997,87,4222,4044,2450,2266,1628
2018,3,A,골목상권,1000844,강남대로23길,17820,11632,6188,52,2805,4873,4585,3593,1912,32,1525,3284,3254,2255,1282,20,1280,1589,1331,1338,630
2018,3,A,골목상권,1000843,소담길,1325,867,458,0,97,254,340,345,289,0,48,152,200,242,225,0,49,102,140,103,64
2018,3,A,골목상권,1000842,원신길,558,190,368,0,71,146,123,140,78,0,10,44,44,52,40,0,61,102,79,88,38
2018,3,A,골목상권,1000841,양지길,856,583,273,1,67,103,176,251,258,1,24,50,100,178,230,0,43,53,76,73,28
2018,3,A,골목상권,1000840,양산길,881,572,309,1,76,120,184,252,248,1,24,57,105,177,208,0,52,63,79,75,40
2018,3,A,골목상권,1000839,호암로24길,2468,1405,1063,3,182,375,621,778,509,2,63,196,348,457,339,1,119,179,273,321,170
2018,3,A,골목상권,1000838,호암로20길,1348,510,838,2,130,273,308,359,276,1,34,129,137,100,109,1,96,144,171,259,167
2018,3,A,골목상권,1000837,행운길,5137,3308,1829,24,818,1438,1086,880,891,7,408,983,704,520,686,17,410,455,382,360,205
2018,3,A,골목상권,1000836,행운1길,3681,1825,1856,12,598,896,884,741,550,1,211,465,431,369,348,11,387,431,453,372,202
2018,3,A,골목상권,1000835,청림3길,2054,930,1124,6,278,444,561,441,324,3,100,207,248,197,175,3,178,237,313,244,149
2018,3,A,골목상권,1000834,청룡길,5174,3014,2160,8,666,1055,1347,1134,964,4,292,603,807,691,617,4,374,452,540,443,347
2018,3,A,골목상권,1000833,청룡8길,3749,2147,1602,1,433,756,1004,877,678,0,202,430,585,506,424,1,231,326,419,371,254
2018,3,A,골목상권,1000832,중앙길,4127,1863,2264,9,652,905,1018,838,705,6,186,378,490,425,378,3,466,527,528,413,327
2018,3,A,골목상권,1000831,조원중앙로2길,6336,4092,2244,2,504,1031,1029,1210,2560,2,222,640,597,700,1931,0,282,391,432,510,629
2018,3,A,골목상권,1000830,조원로18길,5248,3524,1724,1,392,916,814,871,2254,1,173,568,513,541,1728,0,219,348,301,330,526
2018,3,A,골목상권,1000829,조원로10길,15946,9693,6253,50,2681,4926,4107,2498,1684,28,1152,3083,2605,1620,1205,22,1529,1843,1502,878,479
2018,3,A,골목상권,1000828,장군봉2길,2686,1310,1376,1,349,594,676,600,466,0,121,280,347,297,265,1,228,314,329,303,201
2018,3,A,골목상권,1000827,장군봉1길,3141,1688,1453,1,405,701,865,700,469,0,182,384,497,371,254,1,223,317,368,329,215
2018,3,A,골목상권,1000826,인헌길,1169,553,616,1,120,304,353,254,137,0,30,162,173,109,79,1,90,142,180,145,58
2018,3,A,골목상권,1000825,은천로25길,764,232,532,1,116,169,204,179,95,1,18,47,61,61,44,0,98,122,143,118,51
2018,3,A,골목상권,1000824,양녕로6길,3935,2133,1802,9,584,847,1032,822,641,5,228,438,584,492,386,4,356,409,448,330,255
2018,3,A,골목상권,1000823,신원로3길,1106,471,635,0,126,195,233,279,273,0,42,88,102,107,132,0,84,107,131,172,141
2018,3,A,골목상권,1000822,신사로20길,731,357,374,1,88,160,208,170,104,1,21,73,111,79,72,0,67,87,97,91,32
2018,3,A,골목상권,1000821,신림로65길,3803,1833,1970,19,593,685,750,822,934,8,236,351,389,363,486,11,357,334,361,459,448
2018,3,A,골목상권,1000820,신림로64길,4716,2063,2653,20,891,952,944,921,988,9,298,423,458,373,502,11,593,529,486,548,486
2018,3,A,골목상권,1000819,신림로48길,825,344,481,0,134,171,182,198,140,0,38,72,73,83,78,0,96,99,109,115,62
2018,3,A,골목상권,1000818,신림로38길,584,274,310,0,54,125,148,144,113,0,14,68,69,66,57,0,40,57,79,78,56
2018,3,A,골목상권,1000817,신림로28길,2177,1041,1136,3,194,376,515,599,490,2,59,190,242,261,287,1,135,186,273,338,203
2018,3,A,골목상권,1000816,신림로11길,1297,812,485,1,104,247,354,395,196,0,36,119,213,287,157,1,68,128,141,108,39
2018,3,A,골목상권,1000815,신림동길,2362,1231,1131,7,334,418,538,545,520,3,129,220,306,267,306,4,205,198,232,278,214
2018,3,A,골목상권,1000814,승방길,4663,2234,2429,11,659,972,1226,1376,419,9,330,589,571,456,279,2,329,383,655,920,140
2018,3,A,골목상권,1000813,서림7길,1461,805,656,0,115,278,406,478,184,0,39,122,217,311,116,0,76,156,189,167,68
2018,3,A,골목상권,1000812,봉천로33길,4758,2498,2260,7,594,950,1218,1132,857,5,224,488,693,580,508,2,370,462,525,552,349
2018,3,A,골목상권,1000811,봉천로13길,2107,982,1125,5,253,405,495,539,410,3,99,160,227,225,268,2,154,245,268,314,142
2018,3,A,골목상권,1000810,복은길,945,472,473,0,72,176,231,268,198,0,25,82,97,142,126,0,47,94,134,126,72
2018,3,A,골목상권,1000809,법원단지길,1014,382,632,1,125,199,273,257,159,0,28,83,119,88,64,1,97,116,154,169,95
2018,3,A,골목상권,1000808,법원단지9길,627,221,406,0,70,150,169,179,59,0,10,47,54,75,35,0,60,103,115,104,24
2018,3,A,골목상권,1000807,미성5길,1710,770,940,2,164,295,462,480,307,0,47,115,218,218,172,2,117,180,244,262,135
2018,3,A,골목상권,1000806,대학길,1651,916,735,2,115,248,419,536,331,1,39,141,250,297,188,1,76,107,169,239,143
2018,3,A,골목상권,1000805,대학14길,330,154,176,0,35,63,97,72,63,0,9,30,39,31,45,0,26,33,58,41,18
2018,3,A,골목상권,1000804,당곡길,8367,4315,4052,61,1682,2584,2255,1198,587,26,780,1389,1080,667,373,35,902,1195,1175,531,214
2018,3,A,골목상권,1000803,남현길,2316,1333,983,1,278,569,631,523,314,0,117,361,355,269,231,1,161,208,276,254,83
2018,3,A,골목상권,1000802,남현3길,6490,3040,3450,15,1024,1386,1690,1730,645,12,389,752,814,631,442,3,635,634,876,1099,203
2018,3,A,골목상권,1000801,남현2길,4438,2324,2114,7,852,1127,1040,819,593,4,238,588,596,448,450,3,614,539,444,371,143
2018,3,A,골목상권,1000800,남부순환로248길,2111,914,1197,8,410,593,502,375,223,1,97,262,238,176,140,7,313,331,264,199,83
2018,3,A,골목상권,1000799,남부순환로234길,3083,2018,1065,11,443,784,641,621,583,4,218,538,399,392,467,7,225,246,242,229,116
2018,3,A,골목상권,1000798,남부순환로172길,2729,1484,1245,1,286,641,689,654,458,1,111,349,395,344,284,0,175,292,294,310,174
2018,3,A,골목상권,1000797,남부순환로161길,2836,1575,1261,2,306,675,737,662,454,2,109,364,437,354,309,0,197,311,300,308,145
2018,3,A,골목상권,1000796,남부순환로151길,3720,2045,1675,4,444,908,906,888,570,2,151,511,528,491,362,2,293,397,378,397,208
2018,3,A,골목상권,1000795,남부순환로142길,5732,3829,1903,4,450,985,904,1000,2389,1,198,612,577,625,1816,3,252,373,327,375,573
2018,3,A,골목상권,1000794,난향길,1346,641,705,0,82,177,232,346,509,0,13,65,80,112,371,0,69,112,152,234,138
2018,3,A,골목상권,1000793,난우길,1732,784,948,4,199,322,438,469,300,0,63,145,220,210,146,4,136,177,218,259,154
2018,3,A,골목상권,1000792,난곡로74길,1339,714,625,2,164,307,341,324,201,0,49,166,192,165,142,2,115,141,149,159,59
2018,3,A,골목상권,1000791,난곡로34길,1101,466,635,1,148,220,336,297,99,0,33,97,148,128,60,1,115,123,188,169,39
2018,3,A,골목상권,1000790,난곡로26길,580,257,323,0,68,104,195,162,51,0,12,38,90,85,32,0,56,66,105,77,19
2018,3,A,골목상권,1000789,난곡로24길,631,278,353,0,67,123,212,176,53,0,12,43,96,91,36,0,55,80,116,85,17
2018,3,A,골목상권,1000788,낙성대역길,4958,3022,1936,24,818,1402,1053,784,877,6,360,898,634,464,660,18,458,504,419,320,217
2018,3,A,골목상권,1000787,국회단지길,2117,1069,1048,1,257,387,493,548,431,0,66,184,263,260,296,1,191,203,230,288,135
2018,3,A,골목상권,1000786,구암길,1336,481,855,1,171,263,349,335,217,1,30,85,116,119,130,0,141,178,233,216,87
2018,3,A,골목상권,1000785,관천로22길,15876,8917,6959,71,2713,5386,4430,2255,1021,29,1250,2898,2491,1526,723,42,1463,2488,1939,729,298
2018,3,A,골목상권,1000784,관천로15길,965,527,438,1,98,193,281,237,155,1,29,103,160,126,108,0,69,90,121,111,47
2018,3,A,골목상권,1000783,관악로30길,1944,873,1071,6,265,425,512,398,338,3,99,197,216,184,174,3,166,228,296,214,164
2018,3,A,골목상권,1000782,관악로28길,1574,730,844,6,204,340,420,331,273,3,78,161,180,160,148,3,126,179,240,171,125
2018,3,A,골목상권,1000781,관악로14길,6153,3195,2958,15,825,1496,1483,1443,891,1,308,736,768,820,562,14,517,760,715,623,329
2018,3,A,골목상권,1000780,관악로10길,7007,4260,2747,15,887,1875,1639,1689,902,2,415,1152,997,1103,591,13,472,723,642,586,311
2018,3,A,골목상권,1000779,흑석로9길,5201,2275,2926,3,1009,1516,1250,990,433,1,231,534,613,593,303,2,778,982,637,397,130
2018,3,A,골목상권,1000778,흑석로13길,5542,2485,3057,2,1043,1593,1324,1064,516,1,244,579,657,637,367,1,799,1014,667,427,149
2018,3,A,골목상권,1000777,장승배기로27길,8009,4760,3249,8,896,2445,2097,1785,778,2,378,1339,1346,1216,479,6,518,1106,751,569,299
2018,3,A,골목상권,1000776,장승배기로19길,2195,1192,1003,1,335,452,508,526,373,0,218,264,248,268,194,1,117,188,260,258,179
2018,3,A,골목상권,1000775,장승배기로10길,3208,1710,1498,1,451,644,826,784,502,0,254,353,411,429,263,1,197,291,415,355,239
2018,3,A,골목상권,1000774,여의대방로46길,4908,2668,2240,10,867,1360,1137,827,707,1,379,818,680,415,375,9,488,542,457,412,332
2018,3,A,골목상권,1000773,여의대방로24길,31246,17228,14018,80,5062,6690,6904,7652,4858,41,3316,4681,3735,3220,2235,39,1746,2009,3169,4432,2623
2018,3,A,골목상권,1000772,여의대방로22카길,21911,11810,10101,57,3954,4334,4142,5370,4054,35,2724,3165,2257,1915,1714,22,1230,1169,1885,3455,2340
2018,3,A,골목상권,1000771,여의대방로22나길,29116,15984,13132,77,4879,6316,6452,7120,4272,39,3215,4495,3504,2897,1834,38,1664,1821,2948,4223,2438
2018,3,A,골목상권,1000770,여의대방로22길,21628,11806,9822,57,3918,4277,4038,5279,4059,35,2714,3188,2226,1919,1724,22,1204,1089,1812,3360,2335
2018,3,A,골목상권,1000769,양녕로26길,892,371,521,0,97,176,239,234,146,0,19,65,105,85,97,0,78,111,134,149,49
2018,3,A,골목상권,1000768,신대방길,4986,2708,2278,9,1112,1338,1167,860,500,4,394,767,689,490,364,5,718,571,478,370,136
2018,3,A,골목상권,1000767,성대로29길,1771,664,1107,5,186,332,492,464,292,4,53,129,199,151,128,1,133,203,293,313,164
2018,3,A,골목상권,1000766,성대로1길,2183,918,1265,6,260,442,577,541,357,4,95,211,256,199,153,2,165,231,321,342,204
2018,3,A,골목상권,1000765,서달로8가길,5138,2271,2867,2,960,1477,1261,998,440,1,226,523,619,592,310,1,734,954,642,406,130
2018,3,A,골목상권,1000764,서달로15길,1095,457,638,2,174,239,278,218,184,1,43,84,108,94,127,1,131,155,170,124,57
2018,3,A,골목상권,1000763,서달로14길,1036,469,567,3,125,219,284,219,186,2,39,89,112,94,133,1,86,130,172,125,53
2018,3,A,골목상권,1000762,서달로10길,934,436,498,2,82,156,241,267,186,1,18,56,95,135,131,1,64,100,146,132,55
2018,3,A,골목상권,1000761,상도로62길,2840,1456,1384,9,331,643,799,665,393,3,114,285,406,385,263,6,217,358,393,280,130
2018,3,A,골목상권,1000760,상도로61길,2607,1306,1301,6,294,581,743,633,350,1,98,240,358,364,245,5,196,341,385,269,105
2018,3,A,골목상권,1000759,상도로47길,7362,3472,3890,32,1296,2030,1853,1469,682,0,327,869,995,846,435,32,969,1161,858,623,247
2018,3,A,골목상권,1000758,상도로37길,2513,1244,1269,31,375,588,655,560,304,0,105,334,365,276,164,31,270,254,290,284,140
2018,3,A,골목상권,1000757,상도로15길,4046,2016,2030,6,606,882,1010,901,641,4,341,486,473,406,306,2,265,396,537,495,335
2018,3,A,골목상권,1000756,사당로8길,1834,972,862,4,167,276,357,375,655,3,80,110,184,178,417,1,87,166,173,197,238
2018,3,A,골목상권,1000755,사당로30길,6273,3634,2639,10,1059,1597,1712,1241,654,9,371,905,1100,811,438,1,688,692,612,430,216
2018,3,A,골목상권,1000754,사당로2차길,1313,714,599,4,167,233,333,339,237,3,71,101,174,197,168,1,96,132,159,142,69
2018,3,A,골목상권,1000753,사당로29길,4793,2215,2578,14,594,969,1189,1127,900,6,170,459,617,523,440,8,424,510,572,604,460
2018,3,A,골목상권,1000752,사당로26길,4029,2005,2024,6,730,964,1111,790,428,5,186,455,623,469,267,1,544,509,488,321,161
2018,3,A,골목상권,1000751,사당로23나길,1115,439,676,0,69,160,258,331,297,0,36,71,91,120,121,0,33,89,167,211,176
2018,3,A,골목상권,1000750,사당로23길,1005,372,633,1,66,138,251,262,287,0,22,49,81,91,129,1,44,89,170,171,158
2018,3,A,골목상권,1000749,사당로20길,2397,1339,1058,0,252,483,705,545,412,0,76,229,419,331,284,0,176,254,286,214,128
2018,3,A,골목상권,1000748,사당로16길,2268,1208,1060,0,200,387,513,448,720,0,67,178,279,224,460,0,133,209,234,224,260
2018,3,A,골목상권,1000747,사당로16가길,1971,1016,955,1,158,291,423,408,690,0,55,114,208,203,436,1,103,177,215,205,254
2018,3,A,골목상권,1000746,만양로8길,2587,1348,1239,5,262,513,711,660,436,1,97,283,394,341,232,4,165,230,317,319,204
2018,3,A,골목상권,1000745,만양로14길,1167,563,604,3,135,249,298,263,219,1,47,124,153,111,127,2,88,125,145,152,92
2018,3,A,골목상권,1000744,등용로14길,5664,3567,2097,8,873,1948,1492,908,435,3,436,1239,1036,574,279,5,437,709,456,334,156
2018,3,A,골목상권,1000743,동작대로7길,8087,3985,4102,14,1152,1692,2047,2087,1095,7,430,928,1026,836,758,7,722,764,1021,1251,337
2018,3,A,골목상권,1000742,동작대로35길,3448,1361,2087,6,444,622,760,1010,606,3,146,284,309,324,295,3,298,338,451,686,311
2018,3,A,골목상권,1000741,동작대로33길,5859,2366,3493,23,914,1173,1252,1443,1054,8,266,551,562,477,502,15,648,622,690,966,552
2018,3,A,골목상권,1000740,동작대로29길,3169,1400,1769,12,405,617,672,786,677,4,113,283,322,329,349,8,292,334,350,457,328
2018,3,A,골목상권,1000739,동작대로17길,6383,3493,2890,6,873,1577,1812,1319,796,6,321,872,1083,766,445,0,552,705,729,553,351
2018,3,A,골목상권,1000738,대방동2길,21301,11403,9898,62,3723,3927,3795,5447,4347,39,2653,2914,1948,1942,1907,23,1070,1013,1847,3505,2440
2018,3,A,골목상권,1000737,대방동27길,4334,2353,1981,6,405,860,1015,1198,850,2,162,432,531,663,563,4,243,428,484,535,287
2018,3,A,골목상권,1000736,노량진로6길,4125,2518,1607,5,572,1524,1091,600,333,2,275,927,751,377,186,3,297,597,340,223,147
2018,3,A,골목상권,1000735,국사봉길,570,192,378,0,56,117,159,173,65,0,13,33,54,57,35,0,43,84,105,116,30
2018,3,A,골목상권,1000734,국사봉2길,1344,630,714,0,154,334,374,314,168,0,57,166,188,134,85,0,97,168,186,180,83
2018,3,A,골목상권,1000733,국사봉1길,1625,663,962,4,160,344,427,402,288,4,61,166,187,126,119,0,99,178,240,276,169
2018,3,A,골목상권,1000732,영신로9길,1946,1137,809,2,175,343,470,500,456,0,69,202,267,278,321,2,106,141,203,222,135
2018,3,A,골목상권,1000731,영등포로84길,3869,1970,1899,10,556,787,787,926,803,1,173,404,433,483,476,9,383,383,354,443,327
2018,3,A,골목상권,1000730,영등포로80길,4214,2022,2192,16,590,792,952,992,872,7,166,362,480,499,508,9,424,430,472,493,364
2018,3,A,골목상권,1000729,영등포로62길,2568,1301,1267,9,235,490,585,600,649,7,83,258,293,281,379,2,152,232,292,319,270
2018,3,A,골목상권,1000728,영등포로35길,6446,3711,2735,32,887,1646,1692,1427,762,19,344,899,1046,914,489,13,543,747,646,513,273
2018,3,A,골목상권,1000727,영등포로27길,13211,7892,5319,39,1884,3206,3056,2714,2312,7,832,1925,2009,1697,1422,32,1052,1281,1047,1017,890
2018,3,A,골목상권,1000726,영등포로25길,13194,7931,5263,35,1991,3269,3034,2632,2233,11,884,1952,1997,1690,1397,24,1107,1317,1037,942,836
2018,3,A,골목상권,1000725,여의대방로61길,5080,2561,2519,13,880,1165,1115,921,986,1,338,609,609,461,543,12,542,556,506,460,443
2018,3,A,골목상권,1000724,여의대방로43나길,2450,1405,1045,0,182,337,521,794,616,0,60,177,309,440,419,0,122,160,212,354,197
2018,3,A,골목상권,1000723,여의대방로39길,2492,1307,1185,2,310,477,582,696,425,1,129,237,287,367,286,1,181,240,295,329,139
2018,3,A,골목상권,1000722,여의대방로35길,2843,1665,1178,8,358,651,674,638,514,4,157,361,361,405,377,4,201,290,313,233,137
2018,3,A,골목상권,1000721,양평로28길,13525,9067,4458,31,2095,4497,4080,2211,611,21,1018,2962,2860,1696,510,10,1077,1535,1220,515,101
2018,3,A,골목상권,1000720,양평로22라길,17052,11485,5567,28,2725,5846,5184,2481,788,4,1255,4015,3749,1835,627,24,1470,1831,1435,646,161
2018,3,A,골목상권,1000719,양평로19길,35286,17701,17585,114,6673,11886,10328,4508,1777,46,2608,6226,5005,2539,1277,68,4065,5660,5323,1969,500
2018,3,A,골목상권,1000718,신길로60길,2599,1312,1287,10,265,531,654,657,482,6,104,272,328,309,293,4,161,259,326,348,189
2018,3,A,골목상권,1000717,신길로42길,1034,476,558,2,115,215,265,260,177,0,47,106,124,106,93,2,68,109,141,154,84
2018,3,A,골목상권,1000716,신길로42가길,3641,2058,1583,8,305,632,852,989,855,4,120,324,468,556,586,4,185,308,384,433,269
2018,3,A,골목상권,1000715,신길로39길,1786,943,843,3,149,328,439,444,423,1,51,167,227,211,286,2,98,161,212,233,137
2018,3,A,골목상권,1000714,신길로17길,1717,928,789,6,171,306,409,414,411,1,80,164,206,207,270,5,91,142,203,207,141
2018,3,A,골목상권,1000713,선유서로28길,14871,8724,6147,68,2543,3419,3658,2890,2293,28,1179,2091,2223,1632,1571,40,1364,1328,1435,1258,722
2018,3,A,골목상권,1000712,선유서로25길,5343,3634,1709,25,586,1301,1364,1118,949,10,331,914,911,776,692,15,255,387,453,342,257
2018,3,A,골목상권,1000711,선유서로24길,7984,4606,3378,24,742,1559,2105,1717,1837,11,352,895,1193,1015,1140,13,390,664,912,702,697
2018,3,A,골목상권,1000710,선유로55길,19438,12917,6521,31,3020,6384,5765,2947,1291,5,1393,4379,4059,2081,1000,26,1627,2005,1706,866,291
2018,3,A,골목상권,1000709,디지털로74길,2701,924,1777,4,726,660,572,463,276,1,131,221,212,196,163,3,595,439,360,267,113
2018,3,A,골목상권,1000708,디지털로57길,2799,1415,1384,5,315,515,705,705,554,2,86,242,355,370,360,3,229,273,350,335,194
2018,3,A,골목상권,1000707,디지털로37길,7507,4172,3335,37,1555,2330,1672,1106,807,16,521,1300,1038,695,602,21,1034,1030,634,411,205
2018,3,A,골목상권,1000706,도신로62길,3358,1791,1567,12,401,553,750,879,763,6,158,290,416,465,456,6,243,263,334,414,307
2018,3,A,골목상권,1000705,도신로60길,2377,1347,1030,9,192,407,555,648,566,7,78,209,302,380,371,2,114,198,253,268,195
2018,3,A,골목상권,1000704,도신로29길,1065,525,540,2,111,209,286,260,197,1,34,96,143,125,126,1,77,113,143,135,71
2018,3,A,골목상권,1000703,도신로15길,2703,1678,1025,3,334,533,638,588,607,2,164,323,400,366,423,1,170,210,238,222,184
2018,3,A,골목상권,1000702,도림천로21길,16100,9739,6361,62,3154,5502,3983,2109,1290,28,1284,3411,2615,1486,915,34,1870,2091,1368,623,375
2018,3,A,골목상권,1000701,도림로63길,2734,1696,1038,8,336,531,715,739,405,3,175,333,441,467,277,5,161,198,274,272,128
2018,3,A,골목상권,1000700,도림로147길,17765,10896,6869,44,3450,4284,3961,3696,2330,17,1717,2765,2524,2207,1666,27,1733,1519,1437,1489,664
2018,3,A,골목상권,1000699,도림로112길,1371,705,666,3,147,285,360,334,242,2,49,136,191,168,159,1,98,149,169,166,83
2018,3,A,골목상권,1000698,대림로8길,4338,2144,2194,1,962,1311,977,729,358,0,269,696,543,425,211,1,693,615,434,304,147
2018,3,A,골목상권,1000697,대림로7길,4745,2960,1785,5,777,1614,1229,705,415,1,400,1076,747,466,270,4,377,538,482,239,145
2018,3,A,골목상권,1000696,대림로44길,5890,3613,2277,13,593,1297,1511,1428,1048,8,282,883,1059,841,540,5,311,414,452,587,508
2018,3,A,골목상권,1000695,대림로34길,6711,4011,2700,20,903,1574,1777,1495,942,11,354,980,1134,877,655,9,549,594,643,618,287
2018,3,A,골목상권,1000694,대림로31길,15871,10405,5466,30,2088,3845,3813,3401,2694,16,1269,2913,2747,1901,1559,14,819,932,1066,1500,1135
2018,3,A,골목상권,1000693,대림로29길,4827,2594,2233,15,628,853,1145,1262,924,8,223,414,591,723,635,7,405,439,554,539,289
2018,3,A,골목상권,1000692,대림로22길,2779,1349,1430,9,394,489,643,656,588,3,100,218,314,330,384,6,294,271,329,326,204
2018,3,A,골목상권,1000691,당산로46길,13918,8767,5151,61,1400,2616,3093,3310,3438,33,708,1736,2027,1961,2302,28,692,880,1066,1349,1136
2018,3,A,골목상권,1000690,당산로38길,18438,10776,7662,108,3782,5122,3772,3199,2455,55,1643,2985,2270,1997,1826,53,2139,2137,1502,1202,629
2018,3,A,골목상권,1000689,당산로37길,26435,9717,16718,172,6079,7898,6774,3372,2140,81,2066,2868,1891,1336,1475,91,4013,5030,4883,2036,665
2018,3,A,골목상권,1000688,당산로31길,22391,11393,10998,87,3967,5271,4739,4624,3703,44,1588,2692,2437,2339,2293,43,2379,2579,2302,2285,1410
2018,3,A,골목상권,1000687,국회대로56길,15129,8399,6730,69,2516,3606,4306,2807,1825,22,859,1831,2437,1943,1307,47,1657,1775,1869,864,518
2018,3,A,골목상권,1000686,경인로90길,20982,10921,10061,88,4231,6492,5575,2839,1757,34,1570,3295,3071,1744,1207,54,2661,3197,2504,1095,550
2018,3,A,골목상권,1000685,경인로80길,20596,11489,9107,79,3998,5692,5285,3216,2326,35,1582,3092,3068,2039,1673,44,2416,2600,2217,1177,653
2018,3,A,골목상권,1000684,경인로77길,25247,13604,11643,80,5084,7205,6510,3910,2458,36,1968,3790,3610,2409,1791,44,3116,3415,2900,1501,667
2018,3,A,골목상권,1000683,가마산로61길,1457,701,756,4,127,327,361,367,271,3,43,134,181,168,172,1,84,193,180,199,99
2018,3,A,골목상권,1000682,시흥대로94길,4436,2663,1773,6,401,851,1222,1251,705,6,213,536,748,724,436,0,188,315,474,527,269
2018,3,A,골목상권,1000681,시흥대로84길,1058,487,571,2,118,233,294,270,141,2,50,125,136,102,72,0,68,108,158,168,69
2018,3,A,골목상권,1000680,시흥대로68길,4676,1916,2760,10,783,916,899,947,1121,5,326,474,376,328,407,5,457,442,523,619,714
2018,3,A,골목상권,1000679,시흥대로63길,6463,2930,3533,13,874,1461,1313,1442,1360,3,347,672,598,719,591,10,527,789,715,723,769
2018,3,A,골목상권,1000678,시흥대로62가길,3491,1168,2323,4,405,478,629,868,1107,2,101,189,226,275,375,2,304,289,403,593,732
2018,3,A,골목상권,1000677,시흥대로36길,1854,1006,848,8,191,404,476,479,296,6,77,225,231,260,207,2,114,179,245,219,89
2018,3,A,골목상권,1000676,시흥대로22길,2258,1534,724,2,160,420,604,638,434,0,80,275,374,451,354,2,80,145,230,187,80
2018,3,A,골목상권,1000675,시흥대로153길,3446,2058,1388,10,499,821,910,819,387,8,244,487,585,481,253,2,255,334,325,338,134
2018,3,A,골목상권,1000674,시흥대로150길,3293,1668,1625,4,388,632,825,913,531,3,111,303,432,473,346,1,277,329,393,440,185
2018,3,A,골목상권,1000673,시흥대로141길,4124,2474,1650,9,540,775,1023,1121,656,8,253,442,608,676,487,1,287,333,415,445,169
2018,3,A,골목상권,1000672,시흥대로138길,2997,1709,1288,2,379,587,719,822,488,2,182,327,405,458,335,0,197,260,314,364,153
2018,3,A,골목상권,1000671,시흥대로120길,2683,1526,1157,3,354,471,683,702,470,2,205,285,370,361,303,1,149,186,313,341,167
2018,3,A,골목상권,1000670,벚꽃로56길,88616,53976,34640,1296,22927,27559,20126,10804,5904,560,10774,17863,13940,6569,4270,736,12153,9696,6186,4235,1634
2018,3,A,골목상권,1000669,범안로17길,8943,6095,2848,36,1013,1932,2239,2316,1407,23,620,1368,1514,1485,1085,13,393,564,725,831,322
2018,3,A,골목상권,1000668,범안로11길,30689,20490,10199,128,4726,8752,8160,5962,2961,79,2570,6104,5696,3859,2182,49,2156,2648,2464,2103,779
2018,3,A,골목상권,1000667,문성로5길,2963,1519,1444,1,265,712,751,746,488,1,96,372,377,346,327,0,169,340,374,400,161
2018,3,A,골목상권,1000666,독산로85길,1354,681,673,1,162,240,327,408,216,1,80,118,152,198,132,0,82,122,175,210,84
2018,3,A,골목상권,1000665,독산로78다길,958,373,585,0,101,144,239,299,175,0,30,44,84,113,102,0,71,100,155,186,73
2018,3,A,골목상권,1000664,독산로70길,1600,806,794,0,182,247,446,431,294,0,79,119,216,202,190,0,103,128,230,229,104
2018,3,A,골목상권,1000663,독산로64길,1043,409,634,1,79,155,294,301,213,1,12,51,94,119,132,0,67,104,200,182,81
2018,3,A,골목상권,1000662,독산로50길,724,234,490,0,72,160,217,197,78,0,16,58,50,62,48,0,56,102,167,135,30
2018,3,A,골목상권,1000661,독산로40길,819,241,578,1,83,121,224,277,113,1,22,35,69,74,40,0,61,86,155,203,73
2018,3,A,골목상권,1000660,독산로108길,6379,4072,2307,1,438,1139,1112,1213,2476,1,199,683,631,663,1895,0,239,456,481,550,581
2018,3,A,골목상권,1000659,남부순환로112길,6923,4102,2821,23,1086,2288,1790,1141,595,16,473,1417,1180,649,367,7,613,871,610,492,228
2018,3,A,골목상권,1000658,금하로24길,1889,1017,872,4,122,292,532,646,293,2,37,116,258,399,205,2,85,176,274,247,88
2018,3,A,골목상권,1000657,금하로1길,628,279,349,1,35,74,130,157,231,0,18,41,64,77,79,1,17,33,66,80,152
2018,3,A,골목상권,1000656,금하로14길,2415,1194,1221,3,262,370,566,658,556,2,79,174,296,295,348,1,183,196,270,363,208
2018,3,A,골목상권,1000655,가산로5길,26487,18917,7570,31,4198,8768,8025,4153,1312,17,2455,6040,6290,3127,988,14,1743,2728,1735,1026,324
2018,3,A,골목상권,1000654,가산로3길,31211,20913,10298,132,4840,8893,8209,6057,3080,83,2633,6201,5775,3932,2289,49,2207,2692,2434,2125,791
2018,3,A,골목상권,1000653,중앙로1길,5192,3019,2173,3,591,958,1165,1347,1128,1,246,510,635,773,854,2,345,448,530,574,274
2018,3,A,골목상권,1000652,중앙로15길,1855,992,863,7,192,340,469,472,375,0,83,176,209,253,271,7,109,164,260,219,104
2018,3,A,골목상권,1000651,우마길,16103,10489,5614,53,2832,4987,4250,2589,1392,35,1454,3455,2957,1543,1045,18,1378,1532,1293,1046,347
2018,3,A,골목상권,1000650,오류로8길,2713,1384,1329,13,252,440,649,734,625,3,98,231,290,331,431,10,154,209,359,403,194
2018,3,A,골목상권,1000649,신도림로13길,2580,1783,797,2,224,472,643,770,469,2,118,304,428,549,382,0,106,168,215,221,87
2018,3,A,골목상권,1000648,새말로18길,15305,10093,5212,41,2687,4402,3480,2683,2012,14,1576,3129,2482,1650,1242,27,1111,1273,998,1033,770
2018,3,A,골목상권,1000647,부일로1길,2210,1602,608,34,280,517,451,570,358,31,175,353,301,420,322,3,105,164,150,150,36
2018,3,A,골목상권,1000646,부일로15길,976,614,362,2,84,166,220,267,237,0,30,80,138,175,191,2,54,86,82,92,46
2018,3,A,골목상권,1000645,부일로11길,1687,926,761,0,169,377,429,466,246,0,64,221,236,236,169,0,105,156,193,230,77
2018,3,A,골목상권,1000644,디지털로32길,34622,20868,13754,126,6580,12124,9285,4278,2229,66,2843,7700,5943,2658,1658,60,3737,4424,3342,1620,571
2018,3,A,골목상권,1000643,디지털로32가길,34484,20859,13625,128,6535,12045,9108,4368,2300,67,2831,7677,5919,2701,1664,61,3704,4368,3189,1667,636
2018,3,A,골목상권,1000642,디지털로27길,53978,35022,18956,244,11282,18829,13161,6779,3683,147,5421,12632,9536,4459,2827,97,5861,6197,3625,2320,856
2018,3,A,골목상권,1000641,도림로6길,3827,2301,1526,11,663,1005,964,730,454,5,286,629,589,465,327,6,377,376,375,265,127
2018,3,A,골목상권,1000640,도림로12길,7769,5116,2653,100,1490,2484,2031,1127,537,66,768,1776,1489,685,332,34,722,708,542,442,205
2018,3,A,골목상권,1000639,남부순환로97길,1481,758,723,2,151,241,397,373,317,1,58,113,174,191,221,1,93,128,223,182,96
2018,3,A,골목상권,1000638,구로중앙로8길,2942,1505,1437,2,305,590,804,764,477,1,102,246,382,443,331,1,203,344,422,321,146
2018,3,A,골목상권,1000637,구로중앙로7길,2620,1336,1284,2,268,470,715,718,447,1,88,190,335,412,310,1,180,280,380,306,137
2018,3,A,골목상권,1000636,구로중앙로42길,12969,7846,5123,28,1753,4221,3276,2492,1199,22,791,2168,2030,1855,980,6,962,2053,1246,637,219
2018,3,A,골목상권,1000635,구로중앙로34길,6471,3595,2876,25,666,1145,1431,1382,1822,18,330,733,937,778,799,7,336,412,494,604,1023
2018,3,A,골목상권,1000634,구로중앙로28길,17022,10849,6173,18,1941,4076,4007,3718,3262,9,1204,2938,2807,2225,1666,9,737,1138,1200,1493,1596
2018,3,A,골목상권,1000633,구로중앙로19길,5648,3202,2446,4,643,1516,1431,1380,674,1,259,800,784,934,424,3,384,716,647,446,250
2018,3,A,골목상권,1000632,구로동로8길,5042,2193,2849,1,1186,1840,1175,612,228,0,290,902,630,239,132,1,896,938,545,373,96
2018,3,A,골목상권,1000631,구로동로7길,23289,16606,6683,91,4947,8039,6179,2805,1228,58,2802,5824,4853,2110,959,33,2145,2215,1326,695,269
2018,3,A,골목상권,1000630,구로동로42길,6980,3612,3368,21,751,1558,1451,1513,1686,15,352,857,798,919,671,6,399,701,653,594,1015
2018,3,A,골목상권,1000629,구로동로41길,979,527,452,0,125,234,273,220,127,0,61,130,143,107,86,0,64,104,130,113,41
2018,3,A,골목상권,1000628,구로동로38길,4694,2768,1926,3,529,1324,1158,1160,520,0,238,721,664,805,340,3,291,603,494,355,180
2018,3,A,골목상권,1000627,구로동로28길,6247,2939,3308,6,1297,1848,1390,1189,517,1,327,825,723,716,347,5,970,1023,667,473,170
2018,3,A,골목상권,1000626,구로동로15길,23099,16487,6612,91,4945,8001,6152,2784,1126,58,2793,5796,4842,2095,903,33,2152,2205,1310,689,223
2018,3,A,골목상권,1000625,공원로6가길,16106,10591,5515,43,2745,4522,3724,2984,2088,17,1594,3194,2633,1847,1306,26,1151,1328,1091,1137,782
2018,3,A,골목상권,1000624,고척로52길,2562,1403,1159,1,210,443,633,769,506,1,97,239,321,406,339,0,113,204,312,363,167
2018,3,A,골목상권,1000623,고척로27다길,1208,492,716,1,92,247,348,382,138,1,24,89,113,177,88,0,68,158,235,205,50
2018,3,A,골목상권,1000622,고척로27길,1484,613,871,1,158,269,393,479,184,1,46,113,132,221,100,0,112,156,261,258,84
2018,3,A,골목상권,1000621,고척로21나길,1409,530,879,3,173,240,330,435,228,3,47,98,111,159,112,0,126,142,219,276,116
2018,3,A,골목상권,1000620,경인로47길,3897,2211,1686,2,424,732,855,933,951,1,160,401,479,526,644,1,264,331,376,407,307
2018,3,A,골목상권,1000619,경인로35길,2971,1505,1466,0,244,504,767,852,604,0,106,248,352,422,377,0,138,256,415,430,227
2018,3,A,골목상권,1000618,경인로31길,1060,478,582,1,80,161,324,319,175,1,26,70,126,149,106,0,54,91,198,170,69
2018,3,A,골목상권,1000617,경인로15길,1329,682,647,2,171,276,352,311,217,0,49,142,185,154,152,2,122,134,167,157,65
2018,3,A,골목상권,1000616,개봉로3길,4178,2289,1889,0,134,179,303,538,3024,0,63,75,121,251,1779,0,71,104,182,287,1245
2018,3,A,골목상권,1000615,개봉로2길,4598,2442,2156,0,142,273,457,640,3086,0,41,104,194,287,1816,0,101,169,263,353,1270
2018,3,A,골목상권,1000614,개봉로23가길,2762,1536,1226,2,290,480,674,741,575,1,128,245,331,414,417,1,162,235,343,327,158
2018,3,A,골목상권,1000613,개봉로20길,1660,780,880,1,183,294,468,396,318,1,64,104,185,193,233,0,119,190,283,203,85
2018,3,A,골목상권,1000612,개봉로1길,4250,2403,1847,0,149,237,331,501,3032,0,65,150,167,236,1785,0,84,87,164,265,1247
2018,3,A,골목상권,1000611,개봉로17다길,2152,863,1289,3,256,390,546,595,362,2,70,155,223,208,205,1,186,235,323,387,157
2018,3,A,골목상권,1000610,개봉로17길,1896,721,1175,2,215,369,482,547,281,1,58,142,194,175,151,1,157,227,288,372,130
2018,3,A,골목상권,1000609,개봉로11길,5496,2765,2731,2,296,440,639,912,3207,1,108,178,266,356,1856,1,188,262,373,556,1351
2018,3,A,골목상권,1000608,화곡로64길,17556,9976,7580,93,3483,4339,3883,3810,1948,56,1591,2652,2560,1997,1120,37,1892,1687,1323,1813,828
2018,3,A,골목상권,1000607,화곡로59길,12067,7072,4995,29,1791,2410,2615,3287,1935,20,1035,1626,1752,1599,1040,9,756,784,863,1688,895
2018,3,A,골목상권,1000606,화곡로44나길,6306,3916,2390,6,618,1473,1555,1646,1008,5,276,796,934,1123,782,1,342,677,621,523,226
2018,3,A,골목상권,1000605,화곡로31길,3578,1611,1967,7,483,727,895,855,611,1,131,310,407,389,373,6,352,417,488,466,238
2018,3,A,골목상권,1000604,화곡로20길,2658,1447,1211,2,242,490,656,762,506,2,103,252,339,405,346,0,139,238,317,357,160
2018,3,A,골목상권,1000603,화곡로13길,2230,1169,1061,1,228,371,553,648,429,0,80,163,263,351,312,1,148,208,290,297,117
2018,3,A,골목상권,1000602,초원로16길,3541,1854,1687,12,481,824,812,699,713,2,174,436,496,403,343,10,307,388,316,296,370
2018,3,A,골목상권,1000601,초록마을로8길,888,250,638,1,111,180,249,202,145,0,24,50,66,53,57,1,87,130,183,149,88
2018,3,A,골목상권,1000600,초록마을로3길,2636,1715,921,4,227,443,623,626,713,4,94,247,387,403,580,0,133,196,236,223,133
2018,3,A,골목상권,1000599,월정로20길,1836,1153,683,7,167,276,411,598,377,5,74,165,262,374,273,2,93,111,149,224,104
2018,3,A,골목상권,1000598,우장산로6길,2905,1370,1535,4,400,670,747,709,375,4,104,281,357,376,248,0,296,389,390,333,127
2018,3,A,골목상권,1000597,양천로73가길,4065,2733,1332,11,423,1019,1052,917,643,9,235,677,695,607,510,2,188,342,357,310,133
2018,3,A,골목상권,1000596,양천로71길,3291,1995,1296,3,295,751,894,874,474,3,121,413,535,537,386,0,174,338,359,337,88
2018,3,A,골목상권,1000595,양천로49길,4131,2701,1430,22,348,773,942,1167,879,16,194,490,594,697,710,6,154,283,348,470,169
2018,3,A,골목상권,1000594,양천로26길,1996,1252,744,2,219,426,536,493,320,1,115,269,339,295,233,1,104,157,197,198,87
2018,3,A,골목상권,1000593,양천로24길,2917,1562,1355,6,306,676,758,713,458,2,150,419,405,336,250,4,156,257,353,377,208
2018,3,A,골목상권,1000592,양천로24가길,3211,1727,1484,4,346,746,851,747,517,2,160,457,488,346,274,2,186,289,363,401,243
2018,3,A,골목상권,1000591,양천로14길,8044,5462,2582,15,1194,2128,1925,2011,771,2,543,1564,1375,1468,510,13,651,564,550,543,261
2018,3,A,골목상권,1000590,방화대로6라길,6133,4437,1696,11,797,1289,2046,1328,662,4,575,941,1519,943,455,7,222,348,527,385,207
2018,3,A,골목상권,1000589,방화대로21길,2966,1509,1457,12,395,587,688,584,700,1,138,300,397,332,341,11,257,287,291,252,359
2018,3,A,골목상권,1000588,등촌로5길,1874,961,913,3,179,371,488,494,339,0,61,186,255,253,206,3,118,185,233,241,133
2018,3,A,골목상권,1000587,등촌로55길,3441,1892,1549,10,405,744,792,794,696,9,168,415,463,433,404,1,237,329,329,361,292
2018,3,A,골목상권,1000586,등촌로51길,2622,1388,1234,5,280,520,585,638,594,4,111,294,329,317,333,1,169,226,256,321,261
2018,3,A,골목상권,1000585,등촌로39길,1497,614,883,4,128,249,317,374,425,4,37,100,142,147,184,0,91,149,175,227,241
2018,3,A,골목상권,1000584,등촌로13길,1777,814,963,1,144,358,466,533,275,0,43,173,174,258,166,1,101,185,292,275,109
2018,3,A,골목상권,1000583,남부순환로11길,4330,3480,850,3,563,968,1463,905,428,1,444,752,1216,747,320,2,119,216,247,158,108
2018,3,A,골목상권,1000582,까치산로4길,1967,773,1194,3,276,450,499,449,290,0,69,198,197,170,139,3,207,252,302,279,151
2018,3,A,골목상권,1000581,국회대로7길,3847,1762,2085,7,481,889,1011,899,560,2,154,418,490,374,324,5,327,471,521,525,236
2018,3,A,골목상권,1000580,공항대로8길,5091,3819,1272,15,769,1174,1629,1027,477,2,532,859,1319,773,334,13,237,315,310,254,143
2018,3,A,골목상권,1000579,공항대로61길,5318,3189,2129,12,724,1377,1300,1106,799,7,296,805,801,674,606,5,428,572,499,432,193
2018,3,A,골목상권,1000578,공항대로59다길,7386,4497,2889,13,864,1848,2028,1668,965,8,338,1053,1319,1058,721,5,526,795,709,610,244
2018,3,A,골목상권,1000577,공항대로59길,5087,3043,2044,12,764,1258,1205,1066,782,6,324,755,705,665,588,6,440,503,500,401,194
2018,3,A,골목상권,1000576,공항대로55길,10389,5825,4564,73,2221,2981,2446,1739,929,41,777,1672,1596,1154,585,32,1444,1309,850,585,344
2018,3,A,골목상권,1000575,공항대로42길,5437,2657,2780,19,611,1033,1217,1366,1191,10,269,571,678,587,542,9,342,462,539,779,649
2018,3,A,골목상권,1000574,공항대로38길,3471,1552,1919,36,559,650,849,798,579,18,226,303,397,303,305,18,333,347,452,495,274
2018,3,A,골목상권,1000573,곰달래로60길,3235,1428,1807,9,424,751,824,776,451,1,125,328,396,328,250,8,299,423,428,448,201
2018,3,A,골목상권,1000572,곰달래로53길,1089,443,646,0,102,208,317,313,149,0,22,93,111,135,82,0,80,115,206,178,67
2018,3,A,골목상권,1000571,곰달래로47길,948,399,549,0,87,175,276,267,143,0,21,86,101,114,77,0,66,89,175,153,66
2018,3,A,골목상권,1000570,곰달래로31길,1577,621,956,1,189,316,413,408,250,1,68,139,163,122,128,0,121,177,250,286,122
2018,3,A,골목상권,1000569,곰달래로25길,1944,727,1217,3,232,391,499,500,319,0,70,161,210,138,148,3,162,230,289,362,171
2018,3,A,골목상권,1000568,개화동로25길,13793,9421,4372,23,3350,3704,2899,2500,1317,5,1400,2502,2329,2068,1117,18,1950,1202,570,432,200
2018,3,A,골목상권,1000567,개화동로23길,11116,6913,4203,21,2867,3029,1877,1928,1394,6,972,1920,1414,1563,1038,15,1895,1109,463,365,356
2018,3,A,골목상권,1000566,강서로8길,3988,2029,1959,4,483,894,976,1051,580,1,218,505,510,463,332,3,265,389,466,588,248
2018,3,A,골목상권,1000565,강서로5라길,2875,1508,1367,6,333,715,755,700,366,3,160,435,386,298,226,3,173,280,369,402,140
2018,3,A,골목상권,1000564,강서로5나길,2357,1458,899,6,193,350,527,781,500,3,103,221,347,468,316,3,90,129,180,313,184
2018,3,A,골목상권,1000563,강서로5가길,3034,1488,1546,4,365,653,722,821,469,1,159,373,395,339,221,3,206,280,327,482,248
2018,3,A,골목상권,1000562,강서로47라길,3066,1172,1894,8,384,670,808,853,343,3,69,230,284,375,211,5,315,440,524,478,132
2018,3,A,골목상권,1000561,강서로47길,2931,1108,1823,9,402,665,788,742,325,3,62,224,290,324,205,6,340,441,498,418,120
2018,3,A,골목상권,1000560,강서로45다길,2131,982,1149,3,251,310,477,619,471,1,75,122,217,294,273,2,176,188,260,325,198
2018,3,A,골목상권,1000559,강서로45길,1832,675,1157,5,223,331,443,543,287,1,54,132,162,192,134,4,169,199,281,351,153
2018,3,A,골목상권,1000558,강서로35길,2563,1256,1307,6,338,477,650,623,469,1,101,197,329,317,311,5,237,280,321,306,158
2018,3,A,골목상권,1000557,강서로29길,3418,1627,1791,6,397,688,889,891,547,2,130,314,423,423,335,4,267,374,466,468,212
2018,3,A,골목상권,1000556,강서로18길,1547,604,943,1,160,285,389,399,313,0,53,125,155,127,144,1,107,160,234,272,169
2018,3,A,골목상권,1000555,강서로17가길,1387,550,837,4,153,273,365,365,227,2,56,121,157,109,105,2,97,152,208,256,122
2018,3,A,골목상권,1000554,강서로15길,2418,1236,1182,13,238,438,619,682,428,7,92,209,329,349,250,6,146,229,290,333,178
2018,3,A,골목상권,1000553,가로공원로80길,1657,797,860,3,159,303,438,484,270,2,71,151,206,228,139,1,88,152,232,256,131
2018,3,A,골목상권,1000552,가로공원로76가길,2024,1079,945,10,191,346,523,596,358,6,85,165,273,325,225,4,106,181,250,271,133
2018,3,A,골목상권,1000551,화곡로4길,4025,2621,1404,4,295,628,772,930,1396,3,83,303,410,568,1254,1,212,325,362,362,142
2018,3,A,골목상권,1000550,화곡로3길,1710,767,943,1,199,363,507,457,183,1,53,144,228,209,132,0,146,219,279,248,51
2018,3,A,골목상권,1000549,지양로7길,1576,914,662,1,78,195,413,581,308,1,24,92,203,366,228,0,54,103,210,215,80
2018,3,A,골목상권,1000548,중앙로55길,3903,2122,1781,2,422,842,987,1094,556,1,208,498,529,552,334,1,214,344,458,542,222
2018,3,A,골목상권,1000547,중앙로51길,3015,1505,1510,2,292,572,787,870,492,1,145,297,362,429,271,1,147,275,425,441,221
2018,3,A,골목상권,1000546,중앙로47길,1392,556,836,2,158,221,346,402,263,0,39,88,133,165,131,2,119,133,213,237,132
2018,3,A,골목상권,1000545,중앙로45길,1885,873,1012,2,186,287,469,504,437,0,49,120,212,262,230,2,137,167,257,242,207
2018,3,A,골목상권,1000544,중앙로36길,2066,1052,1014,9,286,412,469,506,384,3,126,210,232,259,222,6,160,202,237,247,162
2018,3,A,골목상권,1000543,중앙로32길,3308,1963,1345,11,316,662,813,765,741,5,125,327,483,468,555,6,191,335,330,297,186
2018,3,A,골목상권,1000542,중앙로25길,1076,432,644,3,121,178,270,295,209,1,31,63,108,122,107,2,90,115,162,173,102
2018,3,A,골목상권,1000541,은행정로7길,3878,2348,1530,9,373,577,629,833,1457,5,154,299,318,419,1153,4,219,278,311,414,304
2018,3,A,골목상권,1000540,은행정로5길,1944,969,975,10,280,402,419,467,366,5,127,209,210,228,190,5,153,193,209,239,176
2018,3,A,골목상권,1000539,오목로5길,2906,1762,1144,3,216,460,664,890,673,2,90,274,333,538,525,1,126,186,331,352,148
2018,3,A,골목상권,1000538,오목로3길,3692,2519,1173,5,234,487,716,1200,1050,3,109,315,395,826,871,2,125,172,321,374,179
2018,3,A,골목상권,1000537,오목로30길,4402,2699,1703,9,336,587,784,1038,1648,8,140,289,402,573,1287,1,196,298,382,465,361
2018,3,A,골목상권,1000536,오목로23길,4013,2367,1646,6,406,833,939,987,842,6,206,510,529,532,584,0,200,323,410,455,258
2018,3,A,골목상권,1000535,신월로20길,1627,719,908,2,192,286,411,413,323,2,69,131,184,161,172,0,123,155,227,252,151
2018,3,A,골목상권,1000534,신월로15길,3158,1811,1347,5,227,422,706,950,848,4,92,206,304,561,644,1,135,216,402,389,204
2018,3,A,골목상권,1000533,신목로6길,2779,1082,1697,12,365,567,742,690,403,4,90,235,286,244,223,8,275,332,456,446,180
2018,3,A,골목상권,1000532,신목로5길,2135,954,1181,9,204,439,611,591,281,5,64,176,255,288,166,4,140,263,356,303,115
2018,3,A,골목상권,1000531,신목로2길,1764,779,985,8,169,323,504,480,280,4,48,145,210,193,179,4,121,178,294,287,101
2018,3,A,골목상권,1000530,목동중앙서로8가길,1563,850,713,5,154,264,376,411,353,1,62,136,200,205,246,4,92,128,176,206,107
2018,3,A,골목상권,1000529,목동중앙서로7길,2330,1212,1118,5,182,411,567,681,484,1,76,209,262,346,318,4,106,202,305,335,166
2018,3,A,골목상권,1000528,목동중앙북로8길,2806,1384,1422,4,300,516,618,652,716,4,114,269,316,289,392,0,186,247,302,363,324
2018,3,A,골목상권,1000527,목동중앙북로16길,2438,1469,969,0,250,532,818,574,264,0,79,310,535,367,178,0,171,222,283,207,86
2018,3,A,골목상권,1000526,목동중앙본로7길,1661,770,891,0,135,338,418,497,273,0,48,169,155,228,170,0,87,169,263,269,103
2018,3,A,골목상권,1000525,목동중앙로3길,1256,493,763,2,119,251,342,331,211,1,33,87,118,124,130,1,86,164,224,207,81
2018,3,A,골목상권,1000524,목동중앙로13나길,1997,1278,719,6,275,547,537,454,178,3,132,365,319,327,132,3,143,182,218,127,46
2018,3,A,골목상권,1000523,목동중앙남로3가길,1500,730,770,1,117,311,374,436,261,0,47,163,153,216,151,1,70,148,221,220,110
2018,3,A,골목상권,1000522,목동로9길,5321,2710,2611,15,567,1059,1322,1298,1060,7,190,480,689,659,685,8,377,579,633,639,375
2018,3,A,골목상권,1000521,목동로19길,7679,4136,3543,18,730,1429,1745,1748,2009,8,202,612,904,894,1516,10,528,817,841,854,493
2018,3,A,골목상권,1000520,목동동로8길,1938,820,1118,8,173,409,544,540,264,4,51,138,216,260,151,4,122,271,328,280,113
2018,3,A,골목상권,1000519,목동동로12길,6463,3616,2847,22,1111,1697,1664,1251,718,8,461,956,1032,732,427,14,650,741,632,519,291
2018,3,A,골목상권,1000518,목동남로4길,1598,850,748,2,203,332,348,353,360,0,103,200,168,180,199,2,100,132,180,173,161
2018,3,A,골목상권,1000517,남부순환로88길,2085,1643,442,0,101,225,432,621,706,0,38,134,317,503,651,0,63,91,115,118,55
2018,3,A,골목상권,1000516,남부순환로79길,1930,999,931,4,172,284,498,518,454,4,62,143,222,268,300,0,110,141,276,250,154
2018,3,A,골목상권,1000515,남부순환로70길,3380,2227,1153,6,192,380,743,1168,891,6,87,231,415,786,702,0,105,149,328,382,189
2018,3,A,골목상권,1000514,남부순환로58길,1595,800,795,7,172,304,443,450,219,6,96,167,207,203,121,1,76,137,236,247,98
2018,3,A,골목상권,1000513,남부순환로40길,3820,2514,1306,4,262,619,739,907,1289,3,78,312,395,565,1161,1,184,307,344,342,128
2018,3,A,골목상권,1000512,남부순환로33길,2978,1889,1089,2,208,434,542,617,1175,2,83,212,255,297,1040,0,125,222,287,320,135
2018,3,A,골목상권,1000511,곰달래로5길,3945,2397,1548,6,284,651,844,903,1257,5,116,347,416,451,1062,1,168,304,428,452,195
2018,3,A,골목상권,1000510,곰달래로3길,2378,1272,1106,6,190,398,638,765,381,3,90,200,326,412,241,3,100,198,312,353,140
2018,3,A,골목상권,1000509,곰달래로2길,3097,2122,975,9,221,384,736,1077,670,8,106,249,478,758,523,1,115,135,258,319,147
2018,3,A,골목상권,1000508,곰달래로10길,2812,1707,1105,9,225,465,686,873,554,6,94,273,399,541,394,3,131,192,287,332,160
2018,3,A,골목상권,1000507,가로공원로58길,2670,1554,1116,4,220,549,636,796,465,3,58,268,345,510,370,1,162,281,291,286,95
2018,3,A,골목상권,1000506,효창원로93길,4594,2134,2460,11,940,1115,1225,932,371,3,341,479,563,528,220,8,599,636,662,404,151
2018,3,A,골목상권,1000505,토정로37길,18387,11082,7305,96,2921,4578,4505,3718,2569,36,1284,2822,3113,2158,1669,60,1637,1756,1392,1560,900
2018,3,A,골목상권,1000504,월드컵로8길,20554,10893,9661,89,4207,6909,5197,2596,1556,26,1402,3400,3205,1784,1076,63,2805,3509,1992,812,480
2018,3,A,골목상권,1000503,월드컵로7길,13233,7584,5649,48,2502,4138,3457,1935,1153,16,873,2200,2329,1374,792,32,1629,1938,1128,561,361
2018,3,A,골목상권,1000502,월드컵로36길,5868,2272,3596,14,526,777,991,1845,1715,9,187,391,521,586,578,5,339,386,470,1259,1137
2018,3,A,골목상권,1000501,월드컵로25길,2094,1101,993,1,258,493,568,486,288,1,107,267,309,231,186,0,151,226,259,255,102
2018,3,A,골목상권,1000500,월드컵로19길,7020,3725,3295,34,1430,1480,1494,1280,1302,21,592,797,822,570,923,13,838,683,672,710,379
2018,3,A,골목상권,1000499,월드컵로16길,10157,5382,4775,37,2033,2494,2307,1733,1553,20,826,1303,1294,842,1097,17,1207,1191,1013,891,456
2018,3,A,골목상권,1000498,월드컵로11길,6101,3166,2935,28,1358,1338,1208,1104,1065,14,568,706,671,463,744,14,790,632,537,641,321
2018,3,A,골목상권,1000497,월드컵로10길,12516,6638,5878,66,2621,3274,2730,1965,1860,28,1072,1707,1591,955,1285,38,1549,1567,1139,1010,575
2018,3,A,골목상권,1000496,와우산로3길,5442,3283,2159,34,1697,1796,1064,552,299,24,827,1202,697,328,205,10,870,594,367,224,94
2018,3,A,골목상권,1000495,와우산로29길,5261,2557,2704,12,1203,1330,1176,894,646,3,570,751,575,356,302,9,633,579,601,538,344
2018,3,A,골목상권,1000494,와우산로29가길,6641,4154,2487,24,1473,1732,1540,1117,755,7,716,1105,1033,734,559,17,757,627,507,383,196
2018,3,A,골목상권,1000493,양화진길,9691,4998,4693,32,2079,3378,2440,1146,616,9,640,1652,1511,766,420,23,1439,1726,929,380,196
2018,3,A,골목상권,1000492,양화로1길,8411,4360,4051,30,1722,2808,2079,985,787,8,548,1351,1260,619,574,22,1174,1457,819,366,213
2018,3,A,골목상권,1000491,양화로11길,14766,8046,6720,60,2983,4817,3632,1997,1277,21,1077,2437,2231,1377,903,39,1906,2380,1401,620,374
2018,3,A,골목상권,1000490,신촌로30길,1026,357,669,7,145,266,268,198,142,6,24,71,90,85,81,1,121,195,178,113,61
2018,3,A,골목상권,1000489,신촌로28가길,765,276,489,8,92,217,214,148,86,6,18,57,70,70,55,2,74,160,144,78,31
2018,3,A,골목상권,1000488,신촌로12길,7231,3341,3890,17,1506,1775,1653,1327,953,4,575,870,841,589,462,13,931,905,812,738,491
2018,3,A,골목상권,1000487,숭문길,29628,17117,12511,188,4711,6095,6830,9771,2033,67,1766,3002,3491,7202,1589,121,2945,3093,3339,2569,444
2018,3,A,골목상권,1000486,숭문8길,10376,6612,3764,27,1245,2307,2737,2625,1435,7,606,1355,1802,1789,1053,20,639,952,935,836,382
2018,3,A,골목상권,1000485,성지3길,3331,1918,1413,5,666,1037,815,522,286,3,233,600,537,351,194,2,433,437,278,171,92
2018,3,A,골목상권,1000484,성산로4길,7318,3363,3955,20,814,1312,1410,2116,1646,12,314,717,841,864,615,8,500,595,569,1252,1031
2018,3,A,골목상권,1000483,성미산로32길,3511,1982,1529,15,738,1020,848,575,315,7,356,603,482,326,208,8,382,417,366,249,107
2018,3,A,골목상권,1000482,성미산로1길,7976,4200,3776,36,1420,1526,1775,1668,1551,24,588,827,971,743,1047,12,832,699,804,925,504
2018,3,A,골목상권,1000481,성미산로11길,5453,3152,2301,12,900,1504,1374,1035,628,6,363,861,848,633,441,6,537,643,526,402,187
2018,3,A,골목상권,1000480,백범로16길,38317,22289,16028,188,5819,8372,8952,11783,3203,68,2377,4620,4978,8017,2229,120,3442,3752,3974,3766,974
2018,3,A,골목상권,1000479,방울내로9안길,6304,2624,3680,17,627,945,1200,1931,1584,10,247,502,673,650,542,7,380,443,527,1281,1042
2018,3,A,골목상권,1000478,모래내로7길,1375,699,676,1,144,268,348,360,254,0,40,117,186,201,155,1,104,151,162,159,99
2018,3,A,골목상권,1000477,매봉산로2길,22115,13829,8286,33,4456,8278,5928,2510,910,14,1830,5118,4316,1830,721,19,2626,3160,1612,680,189
2018,3,A,골목상권,1000476,망원로2길,2741,1520,1221,4,429,727,713,568,300,3,183,415,415,293,211,1,246,312,298,275,89
2018,3,A,골목상권,1000475,망원로11길,4672,2670,2002,20,697,1038,1258,945,714,14,283,580,721,567,505,6,414,458,537,378,209
2018,3,A,골목상권,1000474,만리재옛길,9393,4824,4569,20,1655,2751,2470,1530,967,6,583,1303,1447,946,539,14,1072,1448,1023,584,428
2018,3,A,골목상권,1000473,마포대로4길,18429,10737,7692,97,3069,4460,4409,3751,2643,34,1310,2624,2943,2125,1701,63,1759,1836,1466,1626,942
2018,3,A,골목상권,1000472,마포대로20길,10927,6043,4884,20,2117,3542,2820,1514,914,5,990,1929,1703,905,511,15,1127,1613,1117,609,403
2018,3,A,골목상권,1000471,마포대로12길,23468,13573,9895,68,4692,7350,6379,3856,1123,30,1780,3936,4242,2776,809,38,2912,3414,2137,1080,314
2018,3,A,골목상권,1000470,동교로38길,4280,2480,1800,21,849,1242,1101,678,389,11,391,735,710,383,250,10,458,507,391,295,139
2018,3,A,골목상권,1000469,동교로27길,11433,5402,6031,47,2907,3455,2401,1529,1094,19,868,1748,1473,784,510,28,2039,1707,928,745,584
2018,3,A,골목상권,1000468,동교로25길,17150,8601,8549,62,3915,5008,3806,2689,1670,26,1178,2531,2364,1572,930,36,2737,2477,1442,1117,740
2018,3,A,골목상권,1000467,동교로19길,13036,7177,5859,44,2552,4008,3264,2090,1078,19,914,2066,2036,1364,778,25,1638,1942,1228,726,300
2018,3,A,골목상권,1000466,동교로17길,16994,9191,7803,65,3410,4674,3942,2891,2012,27,1310,2416,2398,1644,1396,38,2100,2258,1544,1247,616
2018,3,A,골목상권,1000465,독막로8길,6895,3868,3027,36,2098,2352,1373,678,358,21,897,1427,869,418,236,15,1201,925,504,260,122
2018,3,A,골목상권,1000464,독막로32길,4166,2306,1860,18,525,1026,1205,801,591,8,224,544,696,428,406,10,301,482,509,373,185
2018,3,A,골목상권,1000463,독막로22길,2683,1427,1256,12,479,792,641,475,284,8,178,401,385,273,182,4,301,391,256,202,102
2018,3,A,골목상권,1000462,도화길,26843,15869,10974,139,4794,6832,6510,5636,2932,50,2300,4174,4297,3168,1880,89,2494,2658,2213,2468,1052
2018,3,A,골목상권,1000461,도화4길,14793,7912,6881,111,2657,3453,3354,3258,1960,44,1220,2035,2000,1439,1174,67,1437,1418,1354,1819,786
2018,3,A,골목상권,1000460,대흥로28길,2344,923,1421,17,358,587,661,466,255,5,100,215,234,210,159,12,258,372,427,256,96
2018,3,A,골목상권,1000459,대흥로21길,6774,3254,3520,47,1116,1854,1657,1309,791,13,378,818,820,730,495,34,738,1036,837,579,296
2018,3,A,골목상권,1000458,광성로6길,3708,1902,1806,8,533,929,964,749,525,0,194,436,527,399,346,8,339,493,437,350,179
2018,3,A,골목상권,1000457,홍제내길,1111,532,579,0,138,210,274,291,198,0,29,95,145,141,122,0,109,115,129,150,76
2018,3,A,골목상권,1000456,홍연길,1502,881,621,0,131,238,354,447,332,0,46,126,188,281,240,0,85,112,166,166,92
2018,3,A,골목상권,1000455,통일로39길,1324,493,831,1,212,278,302,290,241,1,49,103,108,126,106,0,163,175,194,164,135
2018,3,A,골목상권,1000454,통일로37길,1591,599,992,2,255,353,390,348,243,2,53,129,142,149,124,0,202,224,248,199,119
2018,3,A,골목상권,1000453,통일로11길,1322,523,799,2,148,316,370,354,132,1,29,105,152,159,77,1,119,211,218,195,55
2018,3,A,골목상권,1000452,충정로6길,73203,43453,29750,128,11649,24296,21934,12330,2866,38,4894,13672,13741,8946,2162,90,6755,10624,8193,3384,704
2018,3,A,골목상권,1000451,충정로4길,29853,18344,11509,47,4790,10048,8109,4657,2202,21,2142,5962,5450,3182,1587,26,2648,4086,2659,1475,615
2018,3,A,골목상권,1000450,증가로6길,1479,896,583,4,118,230,354,444,329,2,38,116,207,285,248,2,80,114,147,159,81
2018,3,A,골목상권,1000449,증가로23나길,2271,1067,1204,5,238,406,562,637,423,3,88,182,229,303,262,2,150,224,333,334,161
2018,3,A,골목상권,1000448,증가로20가길,1572,738,834,6,177,296,440,394,259,3,56,110,171,205,193,3,121,186,269,189,66
2018,3,A,골목상권,1000447,증가로10길,1871,1030,841,5,207,336,458,496,369,2,76,161,236,292,263,3,131,175,222,204,106
2018,3,A,골목상권,1000446,응암로1길,3364,1951,1413,13,421,780,838,819,493,8,199,494,505,450,295,5,222,286,333,369,198
2018,3,A,골목상권,1000445,연희로10길,2020,1071,949,2,335,388,433,512,350,1,127,199,209,278,257,1,208,189,224,234,93
2018,3,A,골목상권,1000444,신촌로37길,5662,3175,2487,4,945,2002,1320,898,493,0,475,1176,810,458,256,4,470,826,510,440,237
2018,3,A,골목상권,1000443,수색로8길,4447,3641,806,7,229,407,527,817,2460,6,100,232,354,620,2329,1,129,175,173,197,131
2018,3,A,골목상권,1000442,세무서길,1866,666,1200,2,273,395,464,431,301,1,63,115,139,183,165,1,210,280,325,248,136
2018,3,A,골목상권,1000441,세무서2길,1837,685,1152,2,286,354,458,426,311,2,63,123,158,172,167,0,223,231,300,254,144
2018,3,A,골목상권,1000440,세검정로1길,1262,546,716,1,117,226,312,267,339,0,31,75,102,120,218,1,86,151,210,147,121
2018,3,A,골목상권,1000439,북아현로4길,6893,4235,2658,7,1013,2155,1476,1225,1017,1,509,1297,958,736,734,6,504,858,518,489,283
2018,3,A,골목상권,1000438,모래내로15길,1925,756,1169,0,265,407,522,415,316,0,66,140,192,176,182,0,199,267,330,239,134
2018,3,A,골목상권,1000437,명지대길,2195,1146,1049,6,293,450,535,596,315,2,115,205,256,341,227,4,178,245,279,255,88
2018,3,A,골목상권,1000436,독립문로8길,3270,1727,1543,8,417,736,955,784,370,3,154,352,542,442,234,5,263,384,413,342,136
2018,3,A,골목상권,1000435,가재울로6길,1521,797,724,4,199,297,370,388,263,2,50,126,204,227,188,2,149,171,166,161,75
2018,3,A,골목상권,1000434,통일로92길,1762,900,862,6,201,413,473,433,236,2,96,228,216,216,142,4,105,185,257,217,94
2018,3,A,골목상권,1000433,통일로87길,1728,761,967,6,200,347,464,408,303,2,74,169,185,172,159,4,126,178,279,236,144
2018,3,A,골목상권,1000432,통일로78길,2345,969,1376,9,335,444,547,535,475,5,120,184,225,199,236,4,215,260,322,336,239
2018,3,A,골목상권,1000431,통일로69길,1627,666,961,4,219,319,474,389,222,1,85,143,183,140,114,3,134,176,291,249,108
2018,3,A,골목상권,1000430,진흥로1길,5158,2557,2601,4,447,783,1080,1263,1581,1,179,419,568,655,735,3,268,364,512,608,846
2018,3,A,골목상권,1000429,진흥로12길,5070,2295,2775,10,721,1373,1332,1056,578,4,238,583,659,492,319,6,483,790,673,564,259
2018,3,A,골목상권,1000428,증산서길,4194,3434,760,8,198,365,521,781,2321,6,100,216,328,593,2191,2,98,149,193,188,130
2018,3,A,골목상권,1000427,증산로9길,2214,1300,914,8,283,568,579,480,296,5,148,359,343,249,196,3,135,209,236,231,100
2018,3,A,골목상권,1000426,증산로5길,1705,934,771,3,177,299,418,499,309,2,74,146,213,287,212,1,103,153,205,212,97
2018,3,A,골목상권,1000425,증산로21길,2169,1056,1113,3,219,390,540,585,432,2,76,187,250,290,251,1,143,203,290,295,181
2018,3,A,골목상권,1000424,증산로17길,2313,1069,1244,4,290,355,486,596,582,2,123,154,210,278,302,2,167,201,276,318,280
2018,3,A,골목상권,1000423,증산로15길,1568,781,787,2,127,219,312,431,477,2,52,96,152,228,251,0,75,123,160,203,226
2018,3,A,골목상권,1000422,증산로13길,1835,905,930,3,176,268,405,492,491,3,78,122,201,244,257,0,98,146,204,248,234
2018,3,A,골목상권,1000421,응암로34길,3251,1279,1972,7,297,525,636,683,1103,3,116,226,276,257,401,4,181,299,360,426,702
2018,3,A,골목상권,1000420,응암로22길,1259,563,696,2,141,313,333,320,150,2,56,126,146,165,68,0,85,187,187,155,82
2018,3,A,골목상권,1000419,응암로14길,2358,996,1362,4,345,504,669,542,294,3,145,216,261,219,152,1,200,288,408,323,142
2018,3,A,골목상권,1000418,응암로13길,2269,1053,1216,4,302,411,555,593,404,2,136,185,228,264,238,2,166,226,327,329,166
2018,3,A,골목상권,1000417,응암로12길,1610,664,946,3,186,309,467,421,224,3,73,128,184,166,110,0,113,181,283,255,114
2018,3,A,골목상권,1000416,은평로8길,4092,1873,2219,7,418,642,795,909,1321,4,163,325,393,403,585,3,255,317,402,506,736
2018,3,A,골목상권,1000415,은평로3길,2948,1483,1465,3,345,577,746,759,518,1,124,279,352,384,343,2,221,298,394,375,175
2018,3,A,골목상권,1000414,은평로20길,776,299,477,0,132,246,200,113,85,0,32,80,88,44,55,0,100,166,112,69,30
2018,3,A,골목상권,1000413,은평로13길,7999,3879,4120,10,711,1473,1868,2031,1906,5,278,667,898,1079,952,5,433,806,970,952,954
2018,3,A,골목상권,1000412,은평로10길,4092,1725,2367,7,327,588,805,975,1390,3,124,263,367,370,598,4,203,325,438,605,792
2018,3,A,골목상권,1000411,연서로5길,2381,1311,1070,3,210,390,552,638,588,0,90,191,288,351,391,3,120,199,264,287,197
2018,3,A,골목상권,1000410,연서로41길,1381,730,651,3,148,343,417,350,120,3,67,199,202,194,65,0,81,144,215,156,55
2018,3,A,골목상권,1000409,연서로3길,1316,638,678,2,151,256,375,334,198,0,64,128,154,154,138,2,87,128,221,180,60
2018,3,A,골목상권,1000408,연서로34길,1037,371,666,3,104,208,292,252,178,3,28,80,99,80,81,0,76,128,193,172,97
2018,3,A,골목상권,1000407,연서로33길,2063,703,1360,10,357,400,510,413,373,7,84,133,170,143,166,3,273,267,340,270,207
2018,3,A,골목상권,1000406,연서로29길,2118,766,1352,13,387,452,554,415,297,5,102,182,190,152,135,8,285,270,364,263,162
2018,3,A,골목상권,1000405,연서로28길,3322,1321,2001,14,548,677,839,704,540,6,171,287,343,259,255,8,377,390,496,445,285
2018,3,A,골목상권,1000404,연서로27길,2653,1148,1505,7,362,502,708,602,472,4,107,243,292,236,266,3,255,259,416,366,206
2018,3,A,골목상권,1000403,연서로21길,4098,2019,2079,8,407,607,989,1288,799,6,106,288,454,711,454,2,301,319,535,577,345
2018,3,A,골목상권,1000402,연서로17길,4035,1895,2140,8,420,644,980,1294,689,5,110,289,438,692,361,3,310,355,542,602,328
2018,3,A,골목상권,1000401,연서로16길,3899,1691,2208,4,447,667,954,1010,817,2,119,284,415,392,479,2,328,383,539,618,338
2018,3,A,골목상권,1000400,연서로13길,3891,1782,2109,11,437,633,941,1293,576,3,123,254,425,659,318,8,314,379,516,634,258
2018,3,A,골목상권,1000399,연서로11길,2770,1391,1379,6,285,463,641,743,632,0,111,212,324,354,390,6,174,251,317,389,242
2018,3,A,골목상권,1000398,역말로9길,2793,1067,1726,6,388,531,700,668,500,3,124,212,284,225,219,3,264,319,416,443,281
2018,3,A,골목상권,1000397,수색로18길,1148,456,692,9,249,277,246,218,149,4,41,93,107,123,88,5,208,184,139,95,61
2018,3,A,골목상권,1000396,서오릉로8길,1522,662,860,2,144,265,419,430,262,1,55,123,172,170,141,1,89,142,247,260,121
2018,3,A,골목상권,1000395,서오릉로21길,1980,1161,819,2,107,221,418,780,452,0,36,75,225,559,266,2,71,146,193,221,186
2018,3,A,골목상권,1000394,불광천길,2214,1033,1181,5,324,453,511,552,369,3,144,223,226,244,193,2,180,230,285,308,176
2018,3,A,골목상권,1000393,갈현로7길,2256,820,1436,2,319,544,529,591,271,0,90,188,199,196,147,2,229,356,330,395,124
2018,3,A,골목상권,1000392,갈현로41길,1091,506,585,3,102,226,279,277,204,0,39,116,126,125,100,3,63,110,153,152,104
2018,3,A,골목상권,1000391,갈현로33길,1382,492,890,5,152,356,363,337,169,2,30,146,121,110,83,3,122,210,242,227,86
2018,3,A,골목상권,1000390,갈현로1길,1474,635,839,2,170,285,403,355,259,1,46,139,167,134,148,1,124,146,236,221,111
2018,3,A,골목상권,1000389,가좌로7길,2053,1037,1016,3,178,355,538,589,390,2,64,149,227,313,282,1,114,206,311,276,108
2018,3,A,골목상권,1000388,한글비석로44길,1337,590,747,3,112,191,287,399,345,0,31,104,118,162,175,3,81,87,169,237,170
2018,3,A,골목상권,1000387,한글비석로24길,2224,961,1263,4,179,356,517,655,513,1,48,187,225,263,237,3,131,169,292,392,276
2018,3,A,골목상권,1000386,한글비석로22길,2486,963,1523,8,194,391,587,760,546,3,50,179,234,263,234,5,144,212,353,497,312
2018,3,A,골목상권,1000385,석계로1길,2035,1025,1010,6,253,273,483,589,431,2,87,121,245,286,284,4,166,152,238,303,147
2018,3,A,골목상권,1000384,상계로9가길,3119,1115,2004,3,336,511,728,916,625,2,89,234,268,286,236,1,247,277,460,630,389
2018,3,A,골목상권,1000383,상계로1길,2534,948,1586,16,450,487,574,644,363,3,133,219,219,214,160,13,317,268,355,430,203
2018,3,A,골목상권,1000382,상계로12길,3033,1112,1921,5,420,562,723,843,480,3,122,223,252,293,219,2,298,339,471,550,261
2018,3,A,골목상권,1000381,동일로242길,1958,1031,927,2,206,392,484,530,344,2,78,218,221,268,244,0,128,174,263,262,100
2018,3,A,골목상권,1000380,동일로192길,3924,2234,1690,5,316,572,824,1069,1138,3,136,317,430,622,726,2,180,255,394,447,412
2018,3,A,골목상권,1000379,동일로173가길,6738,3776,2962,18,699,1106,1497,1834,1584,11,313,698,830,922,1002,7,386,408,667,912,582
2018,3,A,골목상권,1000378,공릉로58길,4460,2246,2214,5,863,1225,951,956,460,4,285,567,488,584,318,1,578,658,463,372,142
2018,3,A,골목상권,1000377,해등로16길,3373,1631,1742,6,362,724,887,847,547,3,107,365,423,397,336,3,255,359,464,450,211
2018,3,A,골목상권,1000376,우이천로4다길,840,381,459,2,81,149,236,252,120,2,27,57,110,115,70,0,54,92,126,137,50
2018,3,A,골목상권,1000375,우이천로32길,1558,621,937,0,278,304,393,386,197,0,46,120,156,167,132,0,232,184,237,219,65
2018,3,A,골목상권,1000374,시루봉로23길,2060,1085,975,3,161,411,578,558,349,2,59,172,283,337,232,1,102,239,295,221,117
2018,3,A,골목상권,1000373,삼양로144길,1438,519,919,3,237,234,384,375,205,0,33,101,153,136,96,3,204,133,231,239,109
2018,3,A,골목상권,1000372,방학로6가길,2040,922,1118,4,187,352,502,569,426,0,66,203,242,229,182,4,121,149,260,340,244
2018,3,A,골목상권,1000371,방학로5길,3935,2049,1886,7,423,630,844,1020,1011,4,126,318,398,521,682,3,297,312,446,499,329
2018,3,A,골목상권,1000370,방학로15길,1305,621,684,0,135,267,336,356,211,0,37,93,162,163,166,0,98,174,174,193,45
2018,3,A,골목상권,1000369,방학로10길,1670,636,1034,1,151,307,422,462,327,0,43,129,165,149,150,1,108,178,257,313,177
2018,3,A,골목상권,1000368,도봉산길,953,590,363,2,59,105,266,318,203,1,21,61,148,209,150,1,38,44,118,109,53
2018,3,A,골목상권,1000367,도봉산4길,1418,1075,343,1,50,120,357,556,334,1,25,94,256,449,250,0,25,26,101,107,84
2018,3,A,골목상권,1000366,도봉로181길,1252,741,511,2,93,150,313,419,275,1,24,72,158,265,221,1,69,78,155,154,54
2018,3,A,골목상권,1000365,도봉로169나길,1570,889,681,1,109,330,396,447,287,1,30,137,215,298,208,0,79,193,181,149,79
2018,3,A,골목상권,1000364,도봉로156길,2106,1093,1013,3,181,443,599,528,352,2,72,189,296,311,223,1,109,254,303,217,129
2018,3,A,골목상권,1000363,도봉로152가길,2412,1400,1012,5,248,533,644,568,414,2,110,258,363,371,296,3,138,275,281,197,118
2018,3,A,골목상권,1000362,도봉로147길,4034,2297,1737,21,539,880,1028,1002,564,12,257,557,594,546,331,9,282,323,434,456,233
2018,3,A,골목상권,1000361,도봉로143길,2791,1536,1255,7,254,400,643,820,667,2,81,228,365,461,399,5,173,172,278,359,268
2018,3,A,골목상권,1000360,도봉로114길,2424,1072,1352,10,380,554,582,602,296,7,110,253,262,269,171,3,270,301,320,333,125
2018,3,A,골목상권,1000359,도봉로109길,2804,1334,1470,7,555,603,652,653,334,4,140,271,306,369,244,3,415,332,346,284,90
2018,3,A,골목상권,1000358,도당로29길,6893,3901,2992,21,698,1357,1541,1579,1697,15,329,704,780,914,1159,6,369,653,761,665,538
2018,3,A,골목상권,1000357,도당로19길,2478,1392,1086,15,362,542,641,607,311,11,178,316,335,342,210,4,184,226,306,265,101
2018,3,A,골목상권,1000356,도당로13바길,1349,559,790,1,130,284,374,387,173,0,55,131,155,137,81,1,75,153,219,250,92
2018,3,A,골목상권,1000355,도당로13가길,1173,528,645,1,128,202,337,318,187,0,54,108,152,123,91,1,74,94,185,195,96
2018,3,A,골목상권,1000354,덕릉로60길,1563,670,893,16,179,306,436,430,196,10,68,129,183,169,111,6,111,177,253,261,85
2018,3,A,골목상권,1000353,노해로63다길,1758,873,885,3,205,361,446,422,321,0,62,168,213,201,229,3,143,193,233,221,92
2018,3,A,골목상권,1000352,노해로60길,2643,1186,1457,8,417,615,647,655,301,5,135,283,296,298,169,3,282,332,351,357,132
2018,3,A,골목상권,1000351,한천로140길,2834,1363,1471,4,480,582,687,698,383,1,122,274,324,380,262,3,358,308,363,318,121
2018,3,A,골목상권,1000350,한천로139가길,7029,3397,3632,13,732,1394,1533,1587,1770,7,267,647,772,889,815,6,465,747,761,698,955
2018,3,A,골목상권,1000349,한천로132길,5433,3015,2418,11,580,1219,1276,1468,879,6,221,674,679,920,515,5,359,545,597,548,364
2018,3,A,골목상권,1000348,한천로130길,2031,970,1061,4,179,320,516,602,410,1,58,157,204,304,246,3,121,163,312,298,164
2018,3,A,골목상권,1000347,한천로124나길,3125,2028,1097,3,279,554,735,1017,537,1,134,379,449,712,353,2,145,175,286,305,184
2018,3,A,골목상권,1000346,한천로109길,1630,803,827,3,201,278,416,426,306,2,70,124,203,215,189,1,131,154,213,211,117
2018,3,A,골목상권,1000345,인수봉로79길,1473,715,758,2,191,344,395,355,186,2,71,135,189,205,113,0,120,209,206,150,73
2018,3,A,골목상권,1000344,인수봉로72길,1444,701,743,2,141,262,379,396,264,2,53,124,194,178,150,0,88,138,185,218,114
2018,3,A,골목상권,1000343,인수봉로56길,1249,513,736,0,87,138,260,467,297,0,16,66,92,181,158,0,71,72,168,286,139
2018,3,A,골목상권,1000342,오패산로67길,7174,3825,3349,14,827,1561,1620,1844,1308,6,300,821,856,1096,746,8,527,740,764,748,562
2018,3,A,골목상권,1000341,오패산로52길,701,272,429,1,68,174,190,196,72,0,18,60,78,84,32,1,50,114,112,112,40
2018,3,A,골목상권,1000340,오패산로30길,998,394,604,2,130,202,315,221,128,1,46,67,119,94,67,1,84,135,196,127,61
2018,3,A,골목상권,1000339,수유로12길,2936,1375,1561,6,353,478,643,793,663,1,125,241,274,347,387,5,228,237,369,446,276
2018,3,A,골목상권,1000338,솔샘로65길,2183,978,1205,6,208,456,602,589,322,3,72,199,262,258,184,3,136,257,340,331,138
2018,3,A,골목상권,1000337,솔매로50길,2670,1121,1549,7,362,616,687,662,336,3,103,241,298,284,192,4,259,375,389,378,144
2018,3,A,골목상권,1000336,솔매로45길,2160,906,1254,2,359,450,506,486,357,0,103,172,221,205,205,2,256,278,285,281,152
2018,3,A,골목상권,1000335,솔매로41길,1832,770,1062,2,289,372,457,416,296,0,88,142,196,173,171,2,201,230,261,243,125
2018,3,A,골목상권,1000334,삼양로93길,2004,909,1095,0,192,311,433,653,415,0,50,158,188,271,242,0,142,153,245,382,173
2018,3,A,골목상권,1000333,삼양로77길,943,385,558,1,110,182,259,236,155,1,34,76,85,96,93,0,76,106,174,140,62
2018,3,A,골목상권,1000332,삼양로54길,1369,638,731,1,118,224,354,407,265,0,34,101,171,180,152,1,84,123,183,227,113
2018,3,A,골목상권,1000331,삼양로41길,2025,766,1259,0,266,411,535,503,310,0,56,143,203,206,158,0,210,268,332,297,152
2018,3,A,골목상권,1000330,삼양로27길,1295,496,799,3,147,260,397,318,170,1,48,105,152,111,79,2,99,155,245,207,91
2018,3,A,골목상권,1000329,삼양로24길,1669,760,909,3,174,354,475,419,244,0,62,166,199,189,144,3,112,188,276,230,100
2018,3,A,골목상권,1000328,삼양로20길,638,245,393,2,73,141,188,166,68,1,19,47,60,71,47,1,54,94,128,95,21
2018,3,A,골목상권,1000327,삼각산로28길,6880,3532,3348,10,714,1314,1499,1825,1518,7,251,608,735,1033,898,3,463,706,764,792,620
2018,3,A,골목상권,1000326,도봉로99길,2293,1044,1249,3,440,491,556,546,257,0,111,242,272,275,144,3,329,249,284,271,113
2018,3,A,골목상권,1000325,도봉로8길,1719,705,1014,6,331,440,405,328,209,5,112,184,172,122,110,1,219,256,233,206,99
2018,3,A,골목상권,1000324,도봉로76길,4267,2267,2000,6,529,896,954,1102,780,1,201,521,513,586,445,5,328,375,441,516,335
2018,3,A,골목상권,1000323,도봉로67길,1382,594,788,0,190,236,323,345,288,0,58,81,130,149,176,0,132,155,193,196,112
2018,3,A,골목상권,1000322,도봉로45길,1949,820,1129,5,291,450,502,457,244,3,88,169,210,202,148,2,203,281,292,255,96
2018,3,A,골목상권,1000321,도봉로18길,1199,489,710,5,127,260,350,301,156,2,35,101,147,113,91,3,92,159,203,188,65
2018,3,A,골목상권,1000320,도봉로13길,1682,719,963,6,287,373,421,381,214,4,76,161,179,168,131,2,211,212,242,213,83
2018,3,A,골목상권,1000319,덕릉로41길,7281,4068,3213,11,769,1490,1644,2049,1318,6,279,784,899,1323,777,5,490,706,745,726,541
2018,3,A,골목상권,1000318,덕릉로40길,2265,1476,789,2,160,264,558,808,473,1,78,142,332,588,335,1,82,122,226,220,138
2018,3,A,골목상권,1000317,노해로33길,1538,566,972,3,244,274,378,413,226,0,37,103,158,169,99,3,207,171,220,244,127
2018,3,A,골목상권,1000316,노해로23길,2474,1031,1443,7,199,339,473,566,890,1,81,180,245,242,282,6,118,159,228,324,608
2018,3,A,골목상권,1000315,노해로17길,3673,1567,2106,5,376,601,764,783,1144,2,153,304,364,323,421,3,223,297,400,460,723
2018,3,A,골목상권,1000314,화랑로40길,3293,2036,1257,6,296,417,646,715,1213,2,97,222,381,398,936,4,199,195,265,317,277
2018,3,A,골목상권,1000313,화랑로32길,1957,1022,935,9,246,469,499,376,358,2,73,269,254,188,236,7,173,200,245,188,122
2018,3,A,골목상권,1000312,화랑로1길,4826,2962,1864,28,650,976,1141,1055,976,12,292,623,709,642,684,16,358,353,432,413,292
2018,3,A,골목상권,1000311,화랑로19길,1920,1027,893,2,208,434,531,437,308,0,91,204,284,218,230,2,117,230,247,219,78
2018,3,A,골목상권,1000310,화랑로14길,3515,2039,1476,10,686,1043,787,614,375,2,330,673,434,355,245,8,356,370,353,259,130
2018,3,A,골목상권,1000309,화랑로13길,3928,2133,1795,8,831,1094,850,716,429,2,329,676,481,396,249,6,502,418,369,320,180
2018,3,A,골목상권,1000308,한천로76길,2890,1692,1198,5,218,373,569,613,1112,2,62,170,306,329,823,3,156,203,263,284,289
2018,3,A,골목상권,1000307,한천로101가길,1065,484,581,4,129,206,275,288,163,3,49,86,115,132,99,1,80,120,160,156,64
2018,3,A,골목상권,1000306,창경궁로43길,4425,1894,2531,26,768,1105,1303,869,354,10,206,478,574,407,219,16,562,627,729,462,135
2018,3,A,골목상권,1000305,지봉로20길,5945,3269,2676,15,638,1031,1208,1267,1786,5,259,598,607,630,1170,10,379,433,601,637,616
2018,3,A,골목상권,1000304,종암로5길,1766,933,833,3,221,529,424,404,185,1,82,290,217,223,120,2,139,239,207,181,65
2018,3,A,골목상권,1000303,종암로24가길,2110,903,1207,7,303,439,535,519,307,1,89,224,253,205,131,6,214,215,282,314,176
2018,3,A,골목상권,1000302,종암로21길,3443,1981,1462,8,369,573,781,815,897,2,158,358,425,444,594,6,211,215,356,371,303
2018,3,A,골목상권,1000301,종암로19길,1812,659,1153,8,300,347,438,453,266,2,85,148,176,144,104,6,215,199,262,309,162
2018,3,A,골목상권,1000300,종암로16길,1826,699,1127,6,284,409,470,439,218,2,80,160,178,167,112,4,204,249,292,272,106
2018,3,A,골목상권,1000299,정릉로8길,2446,1489,957,0,278,491,736,653,288,0,78,230,464,484,233,0,200,261,272,169,55
2018,3,A,골목상권,1000298,정릉로27길,2107,1051,1056,10,218,337,552,620,370,5,71,140,239,338,258,5,147,197,313,282,112
2018,3,A,골목상권,1000297,정릉로26길,1449,633,816,6,189,373,393,315,173,3,66,144,164,144,112,3,123,229,229,171,61
2018,3,A,골목상권,1000296,장위로50길,1686,1011,675,1,195,272,380,482,356,0,72,162,225,279,273,1,123,110,155,203,83
2018,3,A,골목상권,1000295,장월로1길,3631,2144,1487,7,735,1068,750,656,415,2,352,680,447,376,287,5,383,388,303,280,128
2018,3,A,골목상권,1000294,인촌로6길,5558,3116,2442,13,624,946,1099,1167,1709,4,254,559,563,601,1135,9,370,387,536,566,574
2018,3,A,골목상권,1000293,인촌로5길,3841,2030,1811,15,747,696,888,885,610,5,213,354,475,555,428,10,534,342,413,330,182
2018,3,A,골목상권,1000292,인촌로24길,2079,1153,926,15,350,484,569,382,279,3,154,296,320,204,176,12,196,188,249,178,103
2018,3,A,골목상권,1000291,개운사길,7671,3753,3918,15,1363,2431,1958,1404,500,4,356,966,1116,938,373,11,1007,1465,842,466,127
2018,3,A,골목상권,1000290,인촌로1길,7054,4045,3009,17,800,1520,1687,1826,1204,5,346,810,973,1161,750,12,454,710,714,665,454
2018,3,A,골목상권,1000289,인촌로17가길,4175,1660,2515,6,999,1335,1022,637,176,2,226,446,516,349,121,4,773,889,506,288,55
2018,3,A,골목상권,1000288,오패산로4길,5387,3029,2358,15,1072,1455,1253,1022,570,3,435,908,770,580,333,12,637,547,483,442,237
2018,3,A,골목상권,1000287,오패산로3길,2268,1117,1151,10,371,523,606,509,249,3,125,267,343,245,134,7,246,256,263,264,115
2018,3,A,골목상권,1000286,오패산로19길,2849,1316,1533,8,505,713,763,568,292,3,194,337,387,251,144,5,311,376,376,317,148
2018,3,A,골목상권,1000285,안암로5길,6898,3968,2930,20,797,1195,1501,1451,1934,6,341,713,838,795,1275,14,456,482,663,656,659
2018,3,A,골목상권,1000284,아리랑로4길,4867,2178,2689,20,686,860,951,981,1369,10,254,387,466,466,595,10,432,473,485,515,774
2018,3,A,골목상권,1000283,솔샘로6길,1204,668,536,2,139,182,289,346,246,1,43,101,151,207,165,1,96,81,138,139,81
2018,3,A,골목상권,1000282,성북로8길,3554,1692,1862,24,566,850,1019,762,333,10,200,424,497,370,191,14,366,426,522,392,142
2018,3,A,골목상권,1000281,삼양로8길,2150,853,1297,18,354,536,582,416,244,11,107,216,230,168,121,7,247,320,352,248,123
2018,3,A,골목상권,1000280,삼선교로16가길,1510,780,730,1,262,296,390,366,195,1,114,135,197,207,126,0,148,161,193,159,69
2018,3,A,골목상권,1000279,삼선교로10다길,2218,1094,1124,7,470,503,542,451,245,3,168,233,282,244,164,4,302,270,260,207,81
2018,3,A,골목상권,1000278,삼선교로10길,1466,729,737,2,198,331,379,328,228,2,77,182,181,150,137,0,121,149,198,178,91
2018,3,A,골목상권,1000277,보문로32길,6772,3819,2953,20,1053,1480,1598,1752,869,7,328,699,898,1264,623,13,725,781,700,488,246
2018,3,A,골목상권,1000276,보문로31길,5849,3030,2819,8,638,1326,1422,1613,842,1,229,609,741,968,482,7,409,717,681,645,360
2018,3,A,골목상권,1000275,보문로26길,6733,3252,3481,11,1272,1737,1510,1272,931,4,380,741,852,697,578,7,892,996,658,575,353
2018,3,A,골목상권,1000274,보문로13길,5562,3098,2464,15,598,951,1092,1164,1742,4,248,560,555,588,1143,11,350,391,537,576,599
2018,3,A,골목상권,1000273,보국문로16길,2346,1315,1031,5,273,408,542,660,458,2,69,182,291,434,337,3,204,226,251,226,121
2018,3,A,골목상권,1000272,동소문로6길,2680,1297,1383,26,409,528,722,654,341,12,140,293,365,300,187,14,269,235,357,354,154
2018,3,A,골목상권,1000271,동소문로2길,2751,1385,1366,26,424,550,740,668,343,12,156,328,393,310,186,14,268,222,347,358,157
2018,3,A,골목상권,1000270,동소문로26가길,5726,2885,2841,24,1146,1131,1236,1285,904,11,365,534,644,747,584,13,781,597,592,538,320
2018,3,A,골목상권,1000269,동소문로15길,8344,4140,4204,20,1036,1645,1758,2034,1851,9,378,739,921,1195,898,11,658,906,837,839,953
2018,3,A,골목상권,1000268,동소문로13길,9236,4623,4613,20,1184,1930,2003,2156,1943,7,430,928,1052,1245,961,13,754,1002,951,911,982
2018,3,A,골목상권,1000267,돌곶이로8길,1584,844,740,7,167,380,408,377,245,1,49,217,219,214,144,6,118,163,189,163,101
2018,3,A,골목상권,1000266,돌곶이로41길,794,388,406,3,90,138,207,207,149,3,30,66,91,103,95,0,60,72,116,104,54
2018,3,A,골목상권,1000265,돌곶이로28길,3257,2065,1192,1,282,431,532,667,1344,0,96,230,292,376,1071,1,186,201,240,291,273
2018,3,A,골목상권,1000264,돌곶이로27길,1831,957,874,2,194,366,453,415,401,0,68,177,210,211,291,2,126,189,243,204,110
2018,3,A,골목상권,1000263,돌곶이로22길,3622,2203,1419,8,349,608,676,659,1322,1,114,360,370,348,1010,7,235,248,306,311,312
2018,3,A,골목상권,1000262,돌곶이로14길,1420,735,685,7,154,371,377,305,206,1,46,218,210,160,100,6,108,153,167,145,106
2018,3,A,골목상권,1000261,길음로7길,1434,523,911,8,158,209,342,391,326,3,44,88,128,115,145,5,114,121,214,276,181
2018,3,A,골목상권,1000260,중랑천로10길,4620,3064,1556,23,511,1004,1309,1267,506,14,251,627,888,930,354,9,260,377,421,337,152
2018,3,A,골목상권,1000259,용마산로94길,1911,1133,778,0,205,241,409,574,482,0,77,101,231,355,369,0,128,140,178,219,113
2018,3,A,골목상권,1000258,용마산로118길,2733,1294,1439,3,348,519,653,724,486,1,97,218,279,359,340,2,251,301,374,365,146
2018,3,A,골목상권,1000257,용마산로112길,1602,741,861,2,196,314,423,398,269,1,70,145,197,181,147,1,126,169,226,217,122
2018,3,A,골목상권,1000256,용마산로100길,1406,722,684,3,116,209,340,382,356,2,27,91,164,208,230,1,89,118,176,174,126
2018,3,A,골목상권,1000255,신내로7가길,3245,1722,1523,6,403,488,717,987,644,2,134,218,344,570,454,4,269,270,373,417,190
2018,3,A,골목상권,1000254,사가정로54길,1483,669,814,3,214,299,339,379,249,0,44,103,154,189,179,3,170,196,185,190,70
2018,3,A,골목상권,1000253,사가정로42길,1857,939,918,3,216,409,477,448,304,0,64,190,235,237,213,3,152,219,242,211,91
2018,3,A,골목상권,1000252,봉화산로56길,2774,1289,1485,2,287,512,681,816,476,1,80,255,318,377,258,1,207,257,363,439,218
2018,3,A,골목상권,1000251,봉화산로4길,1943,975,968,2,177,347,516,502,399,2,67,169,255,232,250,0,110,178,261,270,149
2018,3,A,골목상권,1000250,봉화산로30길,4299,2371,1928,18,541,736,1017,1262,725,13,211,366,524,718,539,5,330,370,493,544,186
2018,3,A,골목상권,1000249,봉우재로33길,4907,2808,2099,16,707,1114,1252,1088,730,4,311,697,642,601,553,12,396,417,610,487,177
2018,3,A,골목상권,1000248,면목로78길,4140,2250,1890,17,528,946,1150,918,581,5,234,606,575,431,399,12,294,340,575,487,182
2018,3,A,골목상권,1000247,면목로56길,1959,1032,927,2,177,320,473,590,397,1,66,153,249,302,261,1,111,167,224,288,136
2018,3,A,골목상권,1000246,면목로55길,1940,872,1068,2,299,465,475,423,276,1,77,199,231,197,167,1,222,266,244,226,109
2018,3,A,골목상권,1000245,면목로49길,2362,946,1416,4,413,601,579,479,286,1,94,243,265,194,149,3,319,358,314,285,137
2018,3,A,골목상권,1000244,면목로48길,1719,833,886,3,197,322,418,470,309,1,58,129,197,242,206,2,139,193,221,228,103
2018,3,A,골목상권,1000243,면목로45길,2323,933,1390,5,400,583,566,476,293,1,95,227,259,201,150,4,305,356,307,275,143
2018,3,A,골목상권,1000242,면목로33길,1910,1137,773,2,177,319,504,650,258,0,55,164,287,448,183,2,122,155,217,202,75
2018,3,A,골목상권,1000241,면목로21길,1514,977,537,1,114,204,374,557,264,0,31,97,238,419,192,1,83,107,136,138,72
2018,3,A,골목상권,1000240,망우로73길,1522,838,684,2,169,290,390,399,272,1,72,144,183,239,199,1,97,146,207,160,73
2018,3,A,골목상권,1000239,망우로68길,3574,1731,1843,9,395,601,792,969,808,2,122,248,362,490,507,7,273,353,430,479,301
2018,3,A,골목상권,1000238,동일로163길,2445,1506,939,3,329,621,632,625,235,1,157,379,393,437,139,2,172,242,239,188,96
2018,3,A,골목상권,1000237,동일로157길,3991,2414,1577,4,449,858,943,901,836,1,211,518,563,562,559,3,238,340,380,339,277
2018,3,A,골목상권,1000236,동일로149길,2820,1802,1018,0,313,619,630,600,658,0,173,391,396,389,453,0,140,228,234,211,205
2018,3,A,골목상권,1000235,동일로140길,3228,1644,1584,4,298,605,747,720,854,2,108,280,375,313,566,2,190,325,372,407,288
2018,3,A,골목상권,1000234,동일로139길,2420,1318,1102,2,187,379,517,517,818,2,69,198,279,228,542,0,118,181,238,289,276
2018,3,A,골목상권,1000233,동일로139가길,3739,2350,1389,5,400,777,851,840,866,3,212,482,545,519,589,2,188,295,306,321,277
2018,3,A,골목상권,1000232,동일로130길,2341,1142,1199,2,255,437,636,609,402,1,95,184,304,289,269,1,160,253,332,320,133
2018,3,A,골목상권,1000231,동일로123길,3046,1685,1361,3,305,532,790,817,599,2,115,261,435,454,418,1,190,271,355,363,181
2018,3,A,골목상권,1000230,동일로112길,6492,3634,2858,19,890,1448,1727,1495,913,7,367,852,927,831,650,12,523,596,800,664,263
2018,3,A,골목상권,1000229,동일로101길,1947,930,1017,3,203,366,538,542,295,2,67,167,251,251,192,1,136,199,287,291,103
2018,3,A,골목상권,1000228,동일로100길,4272,2337,1935,14,564,1051,1257,925,461,5,268,677,664,429,294,9,296,374,593,496,167
2018,3,A,골목상권,1000227,답십리로75길,1868,1223,645,2,152,297,486,636,295,0,52,159,296,480,236,2,100,138,190,156,59
2018,3,A,골목상권,1000226,공릉로2길,1769,886,883,4,210,382,448,442,283,1,55,194,235,234,167,3,155,188,213,208,116
2018,3,A,골목상권,1000225,공릉로12가길,1882,817,1065,2,177,340,470,530,363,0,74,147,177,220,199,2,103,193,293,310,164
2018,3,A,골목상권,1000224,겸재로54길,2545,1275,1270,7,233,389,612,765,539,3,76,177,314,371,334,4,157,212,298,394,205
2018,3,A,골목상권,1000223,겸재로36길,2377,1125,1252,5,344,505,566,566,391,2,89,218,276,287,253,3,255,287,290,279,138
2018,3,A,골목상권,1000222,겸재로29길,4122,2325,1797,16,520,978,1200,894,514,5,246,647,635,453,339,11,274,331,565,441,175
2018,3,A,골목상권,1000221,휘경로3길,1078,425,653,4,162,204,281,257,170,3,40,77,108,106,91,1,122,127,173,151,79
2018,3,A,골목상권,1000220,휘경로2길,757,312,445,3,132,143,174,177,128,2,35,70,75,72,58,1,97,73,99,105,70
2018,3,A,골목상권,1000219,휘경로23길,831,370,461,1,91,125,229,212,173,1,23,51,103,100,92,0,68,74,126,112,81
2018,3,A,골목상권,1000218,휘경로14길,1589,730,859,7,245,315,355,339,328,4,68,158,175,159,166,3,177,157,180,180,162
2018,3,A,골목상권,1000217,한천로46길,3490,1963,1527,4,398,867,931,828,462,3,226,451,518,455,310,1,172,416,413,373,152
2018,3,A,골목상권,1000216,한천로40길,2540,1509,1031,3,306,519,616,682,414,2,212,337,357,358,243,1,94,182,259,324,171
2018,3,A,골목상권,1000215,한천로33길,2110,953,1157,2,225,405,525,571,382,2,98,205,215,233,200,0,127,200,310,338,182
2018,3,A,골목상권,1000214,한천로14길,8346,5181,3165,15,1088,1862,1947,1916,1518,3,557,1199,1303,1177,942,12,531,663,644,739,576
2018,3,A,골목상권,1000213,천호대로97길,6423,4162,2261,19,790,1413,1451,1292,1458,7,404,930,899,808,1114,12,386,483,552,484,344
2018,3,A,골목상권,1000212,천호대로77길,13441,8465,4976,61,2259,3010,2642,2689,2780,14,1054,1975,1839,1731,1852,47,1205,1035,803,958,928
2018,3,A,골목상권,1000211,천호대로45길,5812,3649,2163,0,796,1464,1552,1426,574,0,462,925,944,934,384,0,334,539,608,492,190
2018,3,A,골목상권,1000210,천호대로17길,12675,8387,4288,37,1769,3192,2993,2944,1740,18,799,1966,2188,2149,1267,19,970,1226,805,795,473
2018,3,A,골목상권,1000209,천호대로12길,15131,9069,6062,71,1939,3707,4316,3154,1944,40,1017,2457,2576,1752,1227,31,922,1250,1740,1402,717
2018,3,A,골목상권,1000208,천장산로7길,6686,3154,3532,3,1018,1838,1828,1475,524,0,262,720,897,857,418,3,756,1118,931,618,106
2018,3,A,골목상권,1000207,제기로5길,881,468,413,4,71,155,270,228,153,2,22,103,146,112,83,2,49,52,124,116,70
2018,3,A,골목상권,1000206,제기로21길,3163,1780,1383,0,425,917,760,702,359,0,153,507,470,430,220,0,272,410,290,272,139
2018,3,A,골목상권,1000205,전농로4길,9905,6191,3714,17,1813,2456,2045,1914,1660,12,935,1624,1353,1133,1134,5,878,832,692,781,526
2018,3,A,골목상권,1000204,전농로3길,2142,1096,1046,5,250,412,576,480,419,5,96,210,299,225,261,0,154,202,277,255,158
2018,3,A,골목상권,1000203,전농로29길,5278,3251,2027,2,734,1409,1451,1158,524,0,426,828,939,713,345,2,308,581,512,445,179
2018,3,A,골목상권,1000202,장한로8길,8560,5516,3044,28,1162,1871,1999,1821,1679,7,553,1170,1300,1208,1278,21,609,701,699,613,401
2018,3,A,골목상권,1000201,장한로5길,12058,7551,4507,54,1768,2762,2594,2371,2509,11,882,1750,1734,1512,1662,43,886,1012,860,859,847
2018,3,A,골목상권,1000200,장한로27길,4947,2261,2686,15,691,974,1243,1253,771,9,235,470,568,556,423,6,456,504,675,697,348
2018,3,A,골목상권,1000199,장한로27가길,4264,1937,2327,13,599,840,1093,1110,609,8,205,400,498,497,329,5,394,440,595,613,280
2018,3,A,골목상권,1000198,장한로26길,2135,1077,1058,8,309,455,532,480,351,3,88,220,277,257,232,5,221,235,255,223,119
2018,3,A,골목상권,1000197,장한로26가길,3316,1759,1557,7,464,750,860,784,451,1,168,408,491,389,302,6,296,342,369,395,149
2018,3,A,골목상권,1000196,장한로25길,3682,1751,1931,15,550,773,910,858,576,7,177,377,447,417,326,8,373,396,463,441,250
2018,3,A,골목상권,1000195,장한로14길,5777,3757,2020,13,885,1381,1411,1330,757,2,434,892,952,876,601,11,451,489,459,454,156
2018,3,A,골목상권,1000194,이문로42길,990,401,589,2,129,171,263,241,184,2,30,67,100,101,101,0,99,104,163,140,83
2018,3,A,골목상권,1000193,왕산로43길,5807,3819,1988,18,1048,1479,1414,1157,691,10,626,1063,968,710,442,8,422,416,446,447,249
2018,3,A,골목상권,1000192,왕산로33길,3090,2056,1034,17,486,701,666,683,537,11,283,488,463,440,371,6,203,213,203,243,166
2018,3,A,골목상권,1000191,왕산로32길,6421,4005,2416,0,872,1583,1680,1578,708,0,496,1000,1028,1018,463,0,376,583,652,560,245
2018,3,A,골목상권,1000190,약령시로17길,3412,2142,1270,17,485,720,781,803,606,11,274,488,510,475,384,6,211,232,271,328,222
2018,3,A,골목상권,1000189,서울시립대로4길,4559,3083,1476,3,708,1055,1249,943,601,2,461,777,831,587,425,1,247,278,418,356,176
2018,3,A,골목상권,1000188,서울시립대로29길,1702,846,856,5,242,409,429,416,201,2,94,202,238,192,118,3,148,207,191,224,83
2018,3,A,골목상권,1000187,서울시립대로16길,3632,2389,1243,2,575,990,1028,706,331,0,375,695,702,424,193,2,200,295,326,282,138
2018,3,A,골목상권,1000186,사가정로2길,3860,2144,1716,7,428,803,1011,824,787,5,204,460,509,430,536,2,224,343,502,394,251
2018,3,A,골목상권,1000185,사가정로23가길,3117,1755,1362,4,370,714,775,739,515,3,221,394,425,392,320,1,149,320,350,347,195
2018,3,A,골목상권,1000184,사가정로13길,2759,1315,1444,2,299,705,733,698,322,0,89,242,377,390,217,2,210,463,356,308,105
2018,3,A,골목상권,1000183,무학로45길,4250,2454,1796,9,689,1103,1097,769,583,4,281,589,687,490,403,5,408,514,410,279,180
2018,3,A,골목상권,1000182,무학로16길,12958,8898,4060,44,1779,3215,3204,3117,1599,19,893,2130,2483,2269,1104,25,886,1085,721,848,495
2018,3,A,골목상권,1000181,망우로21길,2511,1145,1366,8,353,552,613,513,472,2,110,269,277,209,278,6,243,283,336,304,194
2018,3,A,골목상권,1000180,망우로18길,3031,1241,1790,8,600,743,673,617,390,2,161,334,282,214,248,6,439,409,391,403,142
2018,3,A,골목상권,1000179,망우로18가길,3095,1239,1856,8,614,769,691,633,380,2,163,336,282,211,245,6,451,433,409,422,135
2018,3,A,골목상권,1000178,답십리로72길,3092,1688,1404,5,404,646,802,768,467,1,137,346,460,400,344,4,267,300,342,368,123
2018,3,A,골목상권,1000177,답십리로69길,4094,2261,1833,5,567,851,996,1025,650,4,283,450,543,553,428,1,284,401,453,472,222
2018,3,A,골목상권,1000176,답십리로68길,3833,1994,1839,8,528,843,999,914,541,4,195,459,563,450,323,4,333,384,436,464,218
2018,3,A,골목상권,1000175,답십리로64길,4157,2206,1951,8,518,827,1031,1019,754,5,202,446,571,528,454,3,316,381,460,491,300
2018,3,A,골목상권,1000174,답십리로63길,2630,1226,1404,6,304,461,629,755,475,3,116,244,291,333,239,3,188,217,338,422,236
2018,3,A,골목상권,1000173,답십리로60길,3359,1924,1435,3,384,687,825,822,638,2,177,400,502,451,392,1,207,287,323,371,246
2018,3,A,골목상권,1000172,답십리로56길,3206,1698,1508,3,357,620,822,772,632,2,141,327,447,389,392,1,216,293,375,383,240
2018,3,A,골목상권,1000171,답십리로23길,2952,2076,876,0,492,795,842,569,254,0,345,608,603,372,148,0,147,187,239,197,106
2018,3,A,골목상권,1000170,난계로30길,15916,8172,7744,77,1757,3154,4038,3891,2999,46,777,1856,2004,1769,1720,31,980,1298,2034,2122,1279
2018,3,A,골목상권,1000169,경희대로4길,6578,2967,3611,9,1117,1873,1712,1341,526,0,311,785,823,677,371,9,806,1088,889,664,155
2018,3,A,골목상권,1000168,경희대로3길,7076,3327,3749,12,1281,2108,1786,1370,519,1,376,922,896,750,382,11,905,1186,890,620,137
2018,3,A,골목상권,1000167,천호대로129길,2933,1409,1524,24,414,681,753,646,415,5,156,309,378,307,254,19,258,372,375,339,161
2018,3,A,골목상권,1000166,천호대로123길,4232,2156,2076,18,516,968,1089,1009,632,5,186,470,532,523,440,13,330,498,557,486,192
2018,3,A,골목상권,1000165,천호대로109길,5217,3130,2087,19,716,1271,1408,1099,704,10,334,754,880,671,481,9,382,517,528,428,223
2018,3,A,골목상권,1000164,자양번영로3길,1972,1043,929,5,191,344,541,569,322,4,75,144,289,315,216,1,116,200,252,254,106
2018,3,A,골목상권,1000163,자양로53길,2146,1014,1132,3,221,382,601,578,361,1,75,183,278,267,210,2,146,199,323,311,151
2018,3,A,골목상권,1000162,자양로50길,2594,1197,1397,21,359,602,654,610,348,6,138,261,329,270,193,15,221,341,325,340,155
2018,3,A,골목상권,1000161,자양로45길,3515,1707,1808,21,445,751,908,869,521,2,163,360,443,417,322,19,282,391,465,452,199
2018,3,A,골목상권,1000160,자양로26길,16464,12369,4095,11,821,2456,4779,6602,1795,6,448,1777,3696,5138,1304,5,373,679,1083,1464,491
2018,3,A,골목상권,1000159,자양로15길,6423,4133,2290,20,800,1191,1760,1817,835,10,310,702,1241,1269,601,10,490,489,519,548,234
2018,3,A,골목상권,1000158,자양로11길,5958,3766,2192,15,664,1163,1650,1729,737,8,256,684,1168,1171,479,7,408,479,482,558,258
2018,3,A,골목상권,1000157,용마산로3길,4209,2280,1929,18,554,941,1060,957,679,8,228,502,540,515,487,10,326,439,520,442,192
2018,3,A,골목상권,1000156,용마산로21길,3130,1561,1569,5,310,625,776,917,497,2,85,299,374,486,315,3,225,326,402,431,182
2018,3,A,골목상권,1000155,아차산로78길,4627,2594,2033,14,699,1273,1104,935,602,6,231,669,704,565,419,8,468,604,400,370,183
2018,3,A,골목상권,1000154,아차산로65길,4610,2405,2205,12,621,902,991,988,1096,8,271,519,571,485,551,4,350,383,420,503,545
2018,3,A,골목상권,1000153,아차산로55길,8570,5008,3562,10,544,1549,2587,2893,987,7,277,937,1622,1592,573,3,267,612,965,1301,414
2018,3,A,골목상권,1000152,아차산로51길,16900,13324,3576,14,906,2516,4953,6726,1785,7,459,1694,4013,5694,1457,7,447,822,940,1032,328
2018,3,A,골목상권,1000151,아차산로40길,5109,2903,2206,8,723,1177,1275,1229,697,5,270,575,748,791,514,3,453,602,527,438,183
2018,3,A,골목상권,1000150,면목로17길,2158,1284,874,4,254,424,490,555,431,0,107,231,275,358,313,4,147,193,215,197,118
2018,3,A,골목상권,1000149,뚝섬로64길,6393,4438,1955,19,524,1236,1832,1957,825,9,316,819,1338,1362,594,10,208,417,494,595,231
2018,3,A,골목상권,1000148,뚝섬로58길,4088,2716,1372,4,253,677,1196,1403,555,2,139,423,879,923,350,2,114,254,317,480,205
2018,3,A,골목상권,1000147,뚝섬로54길,1273,600,673,0,92,249,336,322,274,0,32,109,147,147,165,0,60,140,189,175,109
2018,3,A,골목상권,1000146,뚝섬로48길,2207,1188,1019,4,282,398,545,571,407,2,99,187,309,328,263,2,183,211,236,243,144
2018,3,A,골목상권,1000145,뚝섬로24길,1847,1248,599,3,198,351,400,397,498,3,101,251,233,246,414,0,97,100,167,151,84
2018,3,A,골목상권,1000144,뚝섬로23길,3797,2204,1593,15,661,888,850,736,647,8,305,536,456,396,503,7,356,352,394,340,144
2018,3,A,골목상권,1000143,동일로24길,5726,3578,2148,20,925,1331,1465,1243,742,6,444,898,981,734,515,14,481,433,484,509,227
2018,3,A,골목상권,1000142,동일로18길,7899,4996,2903,35,1203,1864,2055,1762,980,23,589,1246,1368,1080,690,12,614,618,687,682,290
2018,3,A,골목상권,1000141,능동로4길,1499,855,644,8,161,269,307,314,440,4,57,130,147,157,360,4,104,139,160,157,80
2018,3,A,골목상권,1000140,능동로3길,1716,922,794,8,194,290,350,385,489,4,69,133,143,186,387,4,125,157,207,199,102
2018,3,A,골목상권,1000139,능동로34길,6533,3440,3093,28,916,1645,1653,1410,881,11,377,832,850,738,632,17,539,813,803,672,249
2018,3,A,골목상권,1000138,능동로19길,3392,1653,1739,12,679,872,857,673,299,4,280,397,427,339,206,8,399,475,430,334,93
2018,3,A,골목상권,1000137,능동로13길,6722,3336,3386,16,1472,1936,1535,1164,599,7,485,924,892,597,431,9,987,1012,643,567,168
2018,3,A,골목상권,1000136,긴고랑로9길,2786,1397,1389,7,332,564,708,748,427,2,110,296,340,402,247,5,222,268,368,346,180
2018,3,A,골목상권,1000135,긴고랑로8길,6324,3786,2538,22,988,1363,1247,1390,1314,10,516,957,724,640,939,12,472,406,523,750,375
2018,3,A,골목상권,1000134,긴고랑로7길,3583,2206,1377,13,386,698,737,799,950,5,141,382,398,493,787,8,245,316,339,306,163
2018,3,A,골목상권,1000133,긴고랑로20길,3154,1584,1570,5,376,699,809,810,455,1,142,358,402,408,273,4,234,341,407,402,182
2018,3,A,골목상권,1000132,광나루로52길,10878,6083,4795,16,940,1969,2969,3347,1637,10,465,1189,1822,1757,840,6,475,780,1147,1590,797
2018,3,A,골목상권,1000131,광나루로40길,2479,1494,985,1,250,452,598,711,467,0,89,248,367,463,327,1,161,204,231,248,140
2018,3,A,골목상권,1000130,광나루로37길,3178,1732,1446,5,355,672,780,854,512,2,127,302,421,518,362,3,228,370,359,336,150
2018,3,A,골목상권,1000129,광나루로36길,4547,2755,1792,6,533,1155,1106,1123,624,3,236,685,669,730,432,3,297,470,437,393,192
2018,3,A,골목상권,1000128,광나루로24길,3067,1465,1602,9,623,823,775,594,243,4,244,353,376,314,174,5,379,470,399,280,69
2018,3,A,골목상권,1000127,광나루로12길,2562,1398,1164,9,402,582,605,567,397,7,197,344,340,243,267,2,205,238,265,324,130
2018,3,A,골목상권,1000126,한림말길,1715,761,954,5,343,399,405,345,218,0,112,151,174,181,143,5,231,248,231,164,75
2018,3,A,골목상권,1000125,한림말3길,1436,624,812,4,218,308,386,327,193,2,76,120,156,143,127,2,142,188,230,184,66
2018,3,A,골목상권,1000124,청계천로10나길,12220,8079,4141,23,1309,2643,3036,3389,1820,17,713,1759,2179,2228,1183,6,596,884,857,1161,637
2018,3,A,골목상권,1000123,장터길,1393,550,843,6,228,318,312,312,217,2,71,124,130,110,113,4,157,194,182,202,104
2018,3,A,골목상권,1000122,용답중앙길,3295,1893,1402,7,408,726,812,667,675,5,220,435,406,338,489,2,188,291,406,329,186
2018,3,A,골목상권,1000121,용답29길,10825,6801,4024,25,2006,2719,2413,2003,1659,19,1055,1792,1588,1182,1165,6,951,927,825,821,494
2018,3,A,골목상권,1000120,왕십리로6길,16842,9782,7060,35,2708,4402,4280,3540,1877,22,1523,2950,2347,1645,1295,13,1185,1452,1933,1895,582
2018,3,A,골목상권,1000119,왕십리로31길,4246,2287,1959,10,768,965,979,883,641,5,228,550,646,526,332,5,540,415,333,357,309
2018,3,A,골목상권,1000118,왕십리로26길,11028,6060,4968,27,1662,2454,2695,2655,1535,15,572,1321,1633,1658,861,12,1090,1133,1062,997,674
2018,3,A,골목상권,1000117,왕십리로21길,3584,1947,1637,12,418,781,932,947,494,6,139,355,511,570,366,6,279,426,421,377,128
2018,3,A,골목상권,1000116,왕십리로14길,17720,10481,7239,30,2703,4419,4480,3862,2226,16,1501,2987,2541,1879,1557,14,1202,1432,1939,1983,669
2018,3,A,골목상권,1000115,아차산로5길,25791,14764,11027,60,4195,6920,6687,5024,2905,32,2147,4319,3761,2558,1947,28,2048,2601,2926,2466,958
2018,3,A,골목상권,1000114,아차산로15길,23053,14949,8104,89,3961,6103,5862,4611,2427,59,2031,4124,3995,2883,1857,30,1930,1979,1867,1728,570
2018,3,A,골목상권,1000113,아차산로11길,23838,15471,8367,85,4069,6311,6122,4635,2616,53,2062,4175,4150,3033,1998,32,2007,2136,1972,1602,618
2018,3,A,골목상권,1000112,송정4가길,11738,7450,4288,51,1881,3090,3009,2406,1301,38,925,1955,1979,1520,1033,13,956,1135,1030,886,268
2018,3,A,골목상권,1000111,송정12라길,2163,1164,999,1,372,542,500,426,322,1,179,311,255,206,212,0,193,231,245,220,110
2018,3,A,골목상권,1000110,성수일로6길,33332,19377,13955,77,5966,9108,8261,6272,3648,37,3041,5836,4831,3219,2413,40,2925,3272,3430,3053,1235
2018,3,A,골목상권,1000109,성수이로7길,49655,23085,26570,242,7980,12219,14195,12682,2337,155,4701,8598,5732,2422,1477,87,3279,3621,8463,10260,860
2018,3,A,골목상권,1000108,성수이로18길,18302,11970,6332,59,3059,4786,4552,3677,2169,37,1554,3306,3135,2364,1574,22,1505,1480,1417,1313,595
2018,3,A,골목상권,1000107,성덕정길,36587,15163,21424,110,5152,8509,11191,10675,950,77,3320,6181,3750,1256,579,33,1832,2328,7441,9419,371
2018,3,A,골목상권,1000106,성덕정17길,8513,5446,3067,120,1527,2234,2093,1585,954,62,704,1420,1414,1120,726,58,823,814,679,465,228
2018,3,A,골목상권,1000105,서울숲2길,4850,3184,1666,17,710,1192,1210,998,723,11,327,747,782,713,604,6,383,445,428,285,119
2018,3,A,골목상권,1000104,상원길,19094,11081,8013,39,3035,5055,4916,3993,2056,26,1689,3383,2790,1893,1300,13,1346,1672,2126,2100,756
2018,3,A,골목상권,1000103,상원12길,8451,5478,2973,17,1115,2031,2156,1919,1213,12,508,1332,1445,1259,922,5,607,699,711,660,291
2018,3,A,골목상권,1000102,사근동길,6837,3426,3411,3,1329,1534,1960,1462,549,3,353,745,999,893,433,0,976,789,961,569,116
2018,3,A,골목상권,1000101,무학봉길,967,387,580,2,115,234,239,217,160,2,26,79,104,92,84,0,89,155,135,125,76
2018,3,A,골목상권,1000100,무학봉28길,4790,2380,2410,15,976,1050,1088,937,724,7,261,569,673,514,356,8,715,481,415,423,368
2018,3,A,골목상권,1000099,무학로6길,10605,5919,4686,26,1627,2350,2589,2564,1449,15,569,1302,1592,1624,817,11,1058,1048,997,940,632
2018,3,A,골목상권,1000098,무수막길,1094,435,659,3,150,260,278,261,142,0,42,104,94,108,87,3,108,156,184,153,55
2018,3,A,골목상권,1000097,매봉길,2086,930,1156,9,329,513,515,464,256,2,109,219,229,209,162,7,220,294,286,255,94
2018,3,A,골목상권,1000096,마조로1길,8449,4471,3978,10,1645,1848,2312,1874,760,5,473,949,1261,1193,590,5,1172,899,1051,681,170
2018,3,A,골목상권,1000095,마조로16길,3657,2280,1377,5,364,770,959,1027,532,3,200,491,583,606,397,2,164,279,376,421,135
2018,3,A,골목상권,1000094,마장로39길,3118,2081,1037,5,318,625,796,890,484,3,182,431,523,568,374,2,136,194,273,322,110
2018,3,A,골목상권,1000093,마장로27길,10947,6638,4309,22,1321,2655,2843,2687,1419,16,637,1609,1794,1716,866,6,684,1046,1049,971,553
2018,3,A,골목상권,1000092,뚝섬로5길,45575,19952,25623,137,6736,11035,13589,12487,1591,97,4248,7844,4926,1862,975,40,2488,3191,8663,10625,616
2018,3,A,골목상권,1000091,둘레9길,38192,15964,22228,122,5595,8998,11680,10810,987,86,3491,6437,4062,1307,581,36,2104,2561,7618,9503,406
2018,3,A,골목상권,1000090,금호산길,1286,575,711,3,192,275,324,307,185,0,53,127,123,154,118,3,139,148,201,153,67
2018,3,A,골목상권,1000089,금호산2길,1127,540,587,0,140,235,278,278,196,0,46,116,147,121,110,0,94,119,131,157,86
2018,3,A,골목상권,1000088,고산자로6길,18732,7954,10778,21,2660,3885,5342,5481,1343,10,996,2143,2197,1616,992,11,1664,1742,3145,3865,351
2018,3,A,골목상권,1000087,후암로28길,6395,4040,2355,15,878,1678,1791,1442,591,1,449,1154,1294,790,352,14,429,524,497,652,239
2018,3,A,골목상권,1000086,효창원로39길,1380,704,676,2,143,340,406,306,183,1,47,173,230,148,105,1,96,167,176,158,78
2018,3,A,골목상권,1000085,회나무로13길,5214,3342,1872,20,1192,1633,1273,768,328,4,605,1083,915,507,228,16,587,550,358,261,100
2018,3,A,골목상권,1000084,한남대로20길,6791,3477,3314,23,1626,1985,1471,992,694,14,512,1030,825,588,508,9,1114,955,646,404,186
2018,3,A,골목상권,1000083,한강대로88길,18633,9353,9280,371,4866,5778,4437,2464,717,144,2109,3188,2347,1083,482,227,2757,2590,2090,1381,235
2018,3,A,골목상권,1000082,한강대로7길,11827,6294,5533,44,4918,2588,1825,1260,1192,14,1880,1351,1402,865,782,30,3038,1237,423,395,410
2018,3,A,골목상권,1000081,한강대로62길,16014,10466,5548,17,1888,4101,4912,3721,1375,5,871,2521,3590,2580,899,12,1017,1580,1322,1141,476
2018,3,A,골목상권,1000080,한강대로52길,16379,10697,5682,18,1945,4175,5011,3798,1432,5,888,2570,3652,2640,942,13,1057,1605,1359,1158,490
2018,3,A,골목상권,1000079,한강대로43길,28361,17764,10597,90,8001,9135,6420,3234,1481,37,3552,5967,4909,2314,985,53,4449,3168,1511,920,496
2018,3,A,골목상권,1000078,한강대로15길,13905,7372,6533,46,5237,3067,2301,1750,1504,15,2012,1583,1621,1089,1052,31,3225,1484,680,661,452
2018,3,A,골목상권,1000077,한강대로104길,45435,27496,17939,158,10681,14091,11510,6135,2860,23,2654,9084,8729,4860,2146,135,8027,5007,2781,1275,714
2018,3,A,골목상권,1000076,청파로73길,7404,4526,2878,23,939,1782,1495,1527,1638,11,405,1021,962,839,1288,12,534,761,533,688,350
2018,3,A,골목상권,1000075,청파로71길,8771,4669,4102,19,1444,2243,1986,1706,1373,12,458,1032,1133,964,1070,7,986,1211,853,742,303
2018,3,A,골목상권,1000074,청파로47나길,8895,4655,4240,21,1525,2237,2003,1725,1384,13,487,1039,1165,916,1035,8,1038,1198,838,809,349
2018,3,A,골목상권,1000073,청파로47길,18020,8136,9884,361,4680,5304,4276,2625,774,144,1843,2575,2007,1062,505,217,2837,2729,2269,1563,269
2018,3,A,골목상권,1000072,장문로45길,967,507,460,0,104,176,222,261,204,0,32,71,113,153,138,0,72,105,109,108,66
2018,3,A,골목상권,1000071,이태원로54길,13866,7187,6679,57,3453,5384,2905,1310,757,24,1311,2999,1754,617,482,33,2142,2385,1151,693,275
2018,3,A,골목상권,1000070,이태원로27길,6909,3636,3273,40,1927,2074,1266,1030,572,13,823,1116,666,653,365,27,1104,958,600,377,207
2018,3,A,골목상권,1000069,이촌로22길,8331,4597,3734,31,4281,1753,1280,671,315,9,1776,1043,1050,560,159,22,2505,710,230,111,156
2018,3,A,골목상권,1000068,원효로89길,24009,10247,13762,379,6498,7867,5537,2808,920,145,2623,3603,2299,1046,531,234,3875,4264,3238,1762,389
2018,3,A,골목상권,1000067,원효로53길,7424,4982,2442,45,962,2333,2142,1166,776,28,563,1662,1477,766,486,17,399,671,665,400,290
2018,3,A,골목상권,1000066,원효로41길,15772,10096,5676,94,5410,4239,3440,1858,731,56,2451,2901,2678,1507,503,38,2959,1338,762,351,228
2018,3,A,골목상권,1000065,원효로19길,18748,12036,6712,99,5688,4836,3985,2335,1805,58,2587,3309,3077,1820,1185,41,3101,1527,908,515,620
2018,3,A,골목상권,1000064,우사단로4길,4054,2284,1770,8,575,1382,1044,604,441,3,215,738,662,392,274,5,360,644,382,212,167
2018,3,A,골목상권,1000063,우사단로14길,5950,2862,3088,29,1322,1897,1391,874,437,10,518,1011,738,369,216,19,804,886,653,505,221
2018,3,A,골목상권,1000062,우사단로10길,7643,3687,3956,34,1850,2384,1683,981,711,15,559,1159,940,552,462,19,1291,1225,743,429,249
2018,3,A,골목상권,1000061,신흥로20길,5267,3285,1982,15,770,1403,1412,1199,468,2,402,975,1016,637,253,13,368,428,396,562,215
2018,3,A,골목상권,1000060,소월로20길,4354,2873,1481,15,739,1326,1263,719,292,2,401,928,926,457,159,13,338,398,337,262,133
2018,3,A,골목상권,1000059,서빙고로71길,3102,2052,1050,14,463,860,875,470,420,8,251,523,592,338,340,6,212,337,283,132,80
2018,3,A,골목상권,1000058,백범로90길,21113,11374,9739,94,4421,6843,5232,2955,1568,44,1937,3706,2975,1745,967,50,2484,3137,2257,1210,601
2018,3,A,골목상권,1000057,백범로79길,5822,3535,2287,11,698,1526,1527,1249,811,7,315,971,1002,764,476,4,383,555,525,485,335
2018,3,A,골목상권,1000056,두텁바위로1길,22686,11780,10906,377,5167,6502,5560,3576,1504,147,2247,3650,3146,1661,929,230,2920,2852,2414,1915,575
2018,3,A,골목상권,1000055,대사관로34길,5494,2894,2600,20,1246,1485,1166,881,696,11,409,809,656,520,489,9,837,676,510,361,207
2018,3,A,골목상권,1000054,녹사평대로46길,3795,2584,1211,13,775,1262,962,535,248,1,437,903,717,344,182,12,338,359,245,191,66
2018,3,A,골목상권,1000053,녹사평대로40나길,5937,3696,2241,14,1143,1811,1414,1060,495,1,587,1125,909,737,337,13,556,686,505,323,158
2018,3,A,골목상권,1000052,녹사평대로32길,4251,2328,1923,10,868,1115,902,868,488,2,419,578,442,567,320,8,449,537,460,301,168
2018,3,A,골목상권,1000051,녹사평대로26길,4566,2479,2087,13,833,1181,1058,952,529,5,359,587,538,630,360,8,474,594,520,322,169
2018,3,A,골목상권,1000050,녹사평대로11길,2681,1771,910,11,414,713,730,419,394,8,234,424,478,302,325,3,180,289,252,117,69
2018,3,A,골목상권,1000049,퇴계로90길,4827,2721,2106,12,759,1257,1115,1025,659,5,345,688,692,594,397,7,414,569,423,431,262
2018,3,A,골목상권,1000048,퇴계로8길,68559,43394,25165,207,10467,24221,20297,10758,2609,65,4515,14507,14070,8336,1901,142,5952,9714,6227,2422,708
2018,3,A,골목상권,1000047,퇴계로56길,43522,21590,21932,537,11694,12445,9321,6686,2839,213,5109,7253,5510,2414,1091,324,6585,5192,3811,4272,1748
2018,3,A,골목상권,1000046,퇴계로46길,43644,22045,21599,547,10933,12045,9723,7443,2953,219,5026,6966,5630,2910,1294,328,5907,5079,4093,4533,1659
2018,3,A,골목상권,1000045,퇴계로18길,28227,13126,15101,80,4199,9663,8276,4791,1218,14,1217,4136,3872,3165,722,66,2982,5527,4404,1626,496
2018,3,A,골목상권,1000044,퇴계로12길,31400,15068,16332,129,5528,10477,8863,5265,1138,55,1862,4754,4413,3305,679,74,3666,5723,4450,1960,459
2018,3,A,골목상권,1000043,청구로1길,2590,1150,1440,6,463,671,617,557,276,3,130,284,303,283,147,3,333,387,314,274,129
2018,3,A,골목상권,1000042,청구로17길,13120,6274,6846,54,3963,3851,2557,1773,922,18,1408,1883,1479,928,558,36,2555,1968,1078,845,364
2018,3,A,골목상권,1000041,장충단로8길,11707,5985,5722,33,2685,3481,2614,1762,1132,5,790,1761,1607,1097,725,28,1895,1720,1007,665,407
2018,3,A,골목상권,1000040,삼일대로4길,84234,46155,38079,171,12917,28591,24344,14029,4182,48,5062,15029,14066,9157,2793,123,7855,13562,10278,4872,1389
2018,3,A,골목상권,1000039,명동길,129323,71238,58085,395,21183,44457,37131,20574,5583,94,7528,22394,22739,14617,3866,301,13655,22063,14392,5957,1717
2018,3,A,골목상권,1000038,동호로8길,7420,3516,3904,36,1911,1896,1533,1219,825,14,698,962,830,531,481,22,1213,934,703,688,344
2018,3,A,골목상권,1000037,동호로20길,16936,8229,8707,66,4911,4874,3376,2317,1392,19,1612,2402,2049,1318,829,47,3299,2472,1327,999,563
2018,3,A,골목상권,1000036,동호로15길,14136,6774,7362,56,4102,4052,2824,1989,1113,16,1464,1960,1602,1056,676,40,2638,2092,1222,933,437
2018,3,A,골목상권,1000035,동호로11길,4113,1878,2235,17,737,1069,1038,767,485,5,254,505,493,343,278,12,483,564,545,424,207
2018,3,A,골목상권,1000034,동호로10길,12439,6031,6408,40,3671,3646,2460,1707,915,16,1285,1808,1438,927,557,24,2386,1838,1022,780,358
2018,3,A,골목상권,1000033,다산로39길,8779,4687,4092,23,2029,2377,1868,1608,874,11,859,1360,1035,903,519,12,1170,1017,833,705,355
2018,3,A,골목상권,1000032,다산로38길,7221,3691,3530,19,1659,1745,1567,1453,778,10,651,904,850,799,477,9,1008,841,717,654,301
2018,3,A,골목상권,1000031,다산로36길,3116,1450,1666,10,731,848,712,545,270,5,238,400,359,278,170,5,493,448,353,267,100
2018,3,A,골목상권,1000030,다산로33길,10247,5356,4891,27,2149,2800,2244,1894,1133,9,826,1535,1278,1066,642,18,1323,1265,966,828,491
2018,3,A,골목상권,1000029,난계로21길,3323,1967,1356,5,560,856,793,667,442,1,258,528,507,402,271,4,302,328,286,265,171
2018,3,A,골목상권,1000028,난계로11길,4927,2997,1930,10,721,1248,1183,1114,651,5,338,752,785,703,414,5,383,496,398,411,237
2018,3,A,골목상권,1000027,필운대로1길,4396,2109,2287,15,561,913,980,973,954,10,253,447,502,412,485,5,308,466,478,561,469
2018,3,A,골목상권,1000026,평창길,812,363,449,1,121,152,164,196,178,1,35,72,96,70,89,0,86,80,68,126,89
2018,3,A,골목상권,1000025,통일로12길,1236,625,611,4,144,341,294,300,153,0,53,171,140,144,117,4,91,170,154,156,36
2018,3,A,골목상권,1000024,창신길,1921,867,1054,0,233,416,457,509,306,0,77,180,229,223,158,0,156,236,228,286,148
2018,3,A,골목상권,1000023,창신5길,3331,1551,1780,3,455,792,802,732,547,1,145,358,402,333,312,2,310,434,400,399,235
2018,3,A,골목상권,1000022,창신2길,5751,3450,2301,9,747,1432,1534,1254,775,3,394,903,928,725,497,6,353,529,606,529,278
2018,3,A,골목상권,1000021,창경궁로35길,3045,1228,1817,4,518,823,903,524,273,0,120,308,347,249,204,4,398,515,556,275,69
2018,3,A,골목상권,1000020,지봉로8길,3125,1325,1800,10,430,755,842,646,442,5,127,294,308,309,282,5,303,461,534,337,160
2018,3,A,골목상권,1000019,종로65길,9227,4586,4641,33,966,1554,1802,2168,2704,10,322,766,868,986,1634,23,644,788,934,1182,1070
2018,3,A,골목상권,1000018,종로58가길,6966,3724,3242,13,1404,2186,1704,1040,619,6,746,1138,894,542,398,7,658,1048,810,498,221
2018,3,A,골목상권,1000017,종로24길,11993,7008,4985,37,1382,2534,2794,2876,2370,15,569,1430,1702,1694,1598,22,813,1104,1092,1182,772
2018,3,A,골목상권,1000016,자하문로7길,6622,4140,2482,7,1344,2222,1591,1015,443,1,781,1440,1021,626,271,6,563,782,570,389,172
2018,3,A,골목상권,1000015,이화장길,9945,6208,3737,32,1638,3190,2698,1704,683,12,700,1871,1944,1200,481,20,938,1319,754,504,202
2018,3,A,골목상권,1000014,율곡로16길,17515,12094,5421,44,2378,5902,5214,2805,1172,15,996,3893,4127,2202,861,29,1382,2009,1087,603,311
2018,3,A,골목상권,1000013,율곡로10길,21762,10076,11686,35,4520,7462,5264,3175,1306,6,1273,3133,2908,1802,954,29,3247,4329,2356,1373,352
2018,3,A,골목상권,1000012,옥인길,1538,763,775,0,227,415,412,311,173,0,87,198,209,165,104,0,140,217,203,146,69
2018,3,A,골목상권,1000011,숭인동길,8362,4336,4026,26,868,1326,1511,1969,2662,6,290,708,854,894,1584,20,578,618,657,1075,1078
2018,3,A,골목상권,1000010,성균관로5길,20714,9412,11302,37,4086,7021,5094,3286,1190,10,1086,2688,2692,2022,914,27,3000,4333,2402,1264,276
2018,3,A,골목상권,1000009,삼청로5길,4899,3294,1605,5,820,1544,1332,963,235,1,500,1060,943,662,128,4,320,484,389,301,107
2018,3,A,골목상권,1000008,북촌로5나길,5532,3682,1850,8,867,1701,1486,1082,388,4,521,1138,1035,738,246,4,346,563,451,344,142
2018,3,A,골목상권,1000007,북촌로5길,18646,13467,5179,16,2745,6583,5330,3042,930,11,1530,4785,4133,2343,665,5,1215,1798,1197,699,265
2018,3,A,골목상권,1000006,북촌로11길,17681,12320,5361,22,2477,6154,5011,2925,1092,18,1189,4276,3826,2218,793,4,1288,1878,1185,707,299
2018,3,A,골목상권,1000005,백석동길,1762,1016,746,3,353,536,432,282,156,2,118,297,304,184,111,1,235,239,128,98,45
2018,3,A,골목상권,1000004,명륜길,18294,8085,10209,19,3823,6370,4405,2805,872,2,988,2399,2330,1675,691,17,2835,3971,2075,1130,181
2018,3,A,골목상권,1000003,돈화문로11가길,54090,32215,21875,106,9555,18642,13946,8364,3477,43,3441,10645,9743,5938,2405,63,6114,7997,4203,2426,1072
2018,3,A,골목상권,1000002,난계로27길,9382,5035,4347,68,1120,1497,1745,2315,2637,42,480,850,1007,1148,1508,26,640,647,738,1167,1129
2018,3,A,골목상권,1000001,계동길,31172,17818,13354,34,5352,11175,8318,4861,1432,14,1846,6053,5501,3334,1070,20,3506,5122,2817,1527,362
2018,2,A,골목상권,1001010,풍성로37가길,3706,2049,1657,9,426,729,908,997,637,3,192,402,488,530,434,6,234,327,420,467,203
2018,2,A,골목상권,1001009,천호옛길,3670,1756,1914,10,569,810,856,840,585,3,227,385,408,389,344,7,342,425,448,451,241
2018,2,A,골목상권,1001008,천호옛14길,5097,2584,2513,15,753,1261,1272,993,803,2,273,705,683,468,453,13,480,556,589,525,350
2018,2,A,골목상권,1001007,천호대로219길,2109,1149,960,10,171,412,462,534,520,9,81,281,315,297,166,1,90,131,147,237,354
2018,2,A,골목상권,1001006,천호대로197길,1756,823,933,4,177,363,446,456,310,3,82,173,197,188,180,1,95,190,249,268,130
2018,2,A,골목상권,1001005,천호대로187길,6805,3359,3446,7,993,1608,1502,1554,1141,2,401,867,814,644,631,5,592,741,688,910,510
2018,2,A,골목상권,1001004,천호대로170길,7705,4327,3378,19,1012,1593,1551,1501,2029,11,377,913,907,813,1306,8,635,680,644,688,723
2018,2,A,골목상권,1001003,천호대로162길,4485,2544,1941,14,576,1203,1180,890,622,5,254,801,718,441,325,9,322,402,462,449,297
2018,2,A,골목상권,1001002,천중로51길,4122,2280,1842,10,455,833,1006,1070,748,6,158,487,573,617,439,4,297,346,433,453,309
2018,2,A,골목상권,1001001,천중로39길,5017,2670,2347,14,586,964,1159,1132,1162,7,209,513,617,585,739,7,377,451,542,547,423
2018,2,A,골목상권,1001000,진황도로47길,7227,3596,3631,6,1065,1718,1646,1607,1185,0,425,928,907,683,653,6,640,790,739,924,532
2018,2,A,골목상권,1000999,진황도로27길,7620,4093,3527,12,1025,1749,1664,1358,1812,3,308,891,938,722,1231,9,717,858,726,636,581
2018,2,A,골목상권,1000998,올림픽로98길,2920,1294,1626,3,234,502,626,639,916,3,75,226,303,229,458,0,159,276,323,410,458
2018,2,A,골목상권,1000997,올림픽로80길,2984,1420,1564,7,401,510,614,727,725,2,132,266,268,287,465,5,269,244,346,440,260
2018,2,A,골목상권,1000996,올림픽로78길,4167,1927,2240,10,863,922,837,705,830,1,261,473,390,274,528,9,602,449,447,431,302
2018,2,A,골목상권,1000995,올림픽로77길,5500,2704,2796,14,1043,1280,1160,987,1016,2,318,677,602,439,666,12,725,603,558,548,350
2018,2,A,골목상권,1000994,올림픽로71길,4800,2391,2409,13,914,1151,1022,782,918,1,281,606,538,367,598,12,633,545,484,415,320
2018,2,A,골목상권,1000993,올림픽로48길,15156,9181,5975,51,1819,3677,3678,3416,2515,25,865,2111,2231,2202,1747,26,954,1566,1447,1214,768
2018,2,A,골목상권,1000992,양재대로96길,3966,2313,1653,5,469,893,926,998,675,3,278,534,506,524,468,2,191,359,420,474,207
2018,2,A,골목상권,1000991,양재대로95길,5554,3340,2214,6,627,1163,1223,1384,1151,3,356,749,716,781,735,3,271,414,507,603,416
2018,2,A,골목상권,1000990,양재대로91길,4676,2671,2005,5,459,893,1100,1234,985,1,200,504,623,708,635,4,259,389,477,526,350
2018,2,A,골목상권,1000989,양재대로133길,3802,1636,2166,13,450,697,839,920,883,8,138,312,378,349,451,5,312,385,461,571,432
2018,2,A,골목상권,1000988,양재대로124길,3877,2170,1707,7,400,749,926,917,878,3,171,402,507,500,587,4,229,347,419,417,291
2018,2,A,골목상권,1000987,양재대로116길,2561,1428,1133,3,291,504,621,635,507,1,119,258,319,363,368,2,172,246,302,272,139
2018,2,A,골목상권,1000986,양재대로101길,8647,4540,4107,22,1387,1996,1824,1503,1915,11,460,981,1053,771,1264,11,927,1015,771,732,651
2018,2,A,골목상권,1000985,암사길,1483,787,696,0,129,302,369,399,284,0,46,138,193,234,176,0,83,164,176,165,108
2018,2,A,골목상권,1000984,성안로3길,15210,8890,6320,56,1836,3611,3750,3357,2600,24,835,1906,2179,2124,1822,32,1001,1705,1571,1233,778
2018,2,A,골목상권,1000983,성내로5길,10613,6278,4335,44,1236,2694,2728,2485,1426,20,568,1523,1604,1554,1009,24,668,1171,1124,931,417
2018,2,A,골목상권,1000982,상일로5길,5239,3749,1490,10,903,2139,936,707,544,9,653,1827,633,440,187,1,250,312,303,267,357
2018,2,A,골목상권,1000981,상암로5길,4364,1830,2534,5,320,664,985,1154,1236,2,102,258,396,379,693,3,218,406,589,775,543
2018,2,A,골목상권,1000980,상암로51길,4331,2178,2153,10,434,823,1042,1167,855,6,153,449,571,559,440,4,281,374,471,608,415
2018,2,A,골목상권,1000979,상암로4길,3991,1815,2176,4,449,672,928,884,1054,4,149,321,441,333,567,0,300,351,487,551,487
2018,2,A,골목상권,1000978,상암로14길,3562,1636,1926,2,410,630,822,774,924,2,143,302,411,276,502,0,267,328,411,498,422
2018,2,A,골목상권,1000977,명일로13길,3887,2065,1822,1,595,1051,836,820,584,0,231,560,462,434,378,1,364,491,374,386,206
2018,2,A,골목상권,1000976,동남로85길,885,359,526,1,83,161,187,245,208,0,24,65,74,92,104,1,59,96,113,153,104
2018,2,A,골목상권,1000975,동남로82길,601,224,377,0,48,115,130,204,104,0,14,37,50,75,48,0,34,78,80,129,56
2018,2,A,골목상권,1000974,동남로65길,2695,928,1767,2,555,819,595,496,228,2,108,264,200,216,138,0,447,555,395,280,90
2018,2,A,골목상권,1000973,구천면로42길,2452,1107,1345,5,241,532,617,616,441,2,74,236,270,290,235,3,167,296,347,326,206
2018,2,A,골목상권,1000972,구천면로41길,2294,1036,1258,2,239,505,618,596,334,1,82,206,298,258,191,1,157,299,320,338,143
2018,2,A,골목상권,1000971,구천면로36길,1966,1002,964,2,182,423,477,505,377,0,50,182,224,266,280,2,132,241,253,239,97
2018,2,A,골목상권,1000970,고덕로61길,756,302,454,1,82,114,153,191,215,0,25,52,53,68,104,1,57,62,100,123,111
2018,2,A,골목상권,1000969,고덕로25길,1623,583,1040,3,119,279,381,577,264,0,45,94,120,166,158,3,74,185,261,411,106
2018,2,A,골목상권,1000968,고덕로10길,4162,1746,2416,5,312,613,909,1107,1216,2,103,248,360,358,675,3,209,365,549,749,541
2018,2,A,골목상권,1000967,강동대로53길,8628,5173,3455,18,1121,2193,2123,1850,1323,7,550,1270,1343,1171,832,11,571,923,780,679,491
2018,2,A,골목상권,1000966,풍성로25길,4139,1993,2146,12,646,928,969,910,674,2,225,435,477,441,413,10,421,493,492,469,261
2018,2,A,골목상권,1000965,오금로46길,2558,1233,1325,11,348,549,599,649,402,7,120,271,301,285,249,4,228,278,298,364,153
2018,2,A,골목상권,1000964,오금로36길,10304,6564,3740,18,1629,2830,2468,2132,1227,11,795,1893,1624,1359,882,7,834,937,844,773,345
2018,2,A,골목상권,1000963,오금로11길,22045,13244,8801,57,3134,5774,5279,4639,3162,33,1728,3930,3287,2273,1993,24,1406,1844,1992,2366,1169
2018,2,A,골목상권,1000962,양재대로72길,12078,7591,4487,30,1287,2310,2594,2393,3464,18,598,1362,1693,1488,2432,12,689,948,901,905,1032
2018,2,A,골목상권,1000961,양재대로71길,9566,6095,3471,33,1383,2240,2135,1858,1917,19,652,1369,1418,1219,1418,14,731,871,717,639,499
2018,2,A,골목상권,1000960,양재대로64길,16135,9826,6309,18,1714,3223,2994,2517,5669,2,750,1904,1939,1454,3777,16,964,1319,1055,1063,1892
2018,2,A,골목상권,1000959,양재대로62길,28305,17169,11136,65,3504,5630,5756,5726,7624,33,1524,3537,3790,3240,5045,32,1980,2093,1966,2486,2579
2018,2,A,골목상권,1000958,송파대로30길,37156,22872,14284,74,4567,8117,8234,7631,8533,39,2018,5025,5494,4564,5732,35,2549,3092,2740,3067,2801
2018,2,A,골목상권,1000957,송이로36길,8777,5495,3282,23,1590,2308,2255,1652,949,12,757,1461,1470,1051,744,11,833,847,785,601,205
2018,2,A,골목상권,1000956,송이로32길,9966,6135,3831,31,1394,1833,2272,2318,2118,15,645,1137,1423,1453,1462,16,749,696,849,865,656
2018,2,A,골목상권,1000955,송이로23길,9178,5199,3979,23,1427,2624,2333,1675,1096,14,528,1457,1407,1018,775,9,899,1167,926,657,321
2018,2,A,골목상권,1000954,삼전로13길,8059,4771,3288,22,1115,1776,1942,1891,1313,8,458,1023,1172,1150,960,14,657,753,770,741,353
2018,2,A,골목상권,1000953,백제고분로50길,18537,10590,7947,54,2656,4733,4182,4056,2856,34,1457,3096,2375,1923,1705,20,1199,1637,1807,2133,1151
2018,2,A,골목상권,1000952,백제고분로46길,5865,3582,2283,9,683,1311,1409,1399,1054,6,312,844,912,776,732,3,371,467,497,623,322
2018,2,A,골목상권,1000951,백제고분로45길,10895,7090,3805,17,1482,2620,2588,2506,1682,12,724,1799,1774,1574,1207,5,758,821,814,932,475
2018,2,A,골목상권,1000950,백제고분로42길,7835,4345,3490,16,890,1579,1724,1886,1740,9,379,870,1005,1007,1075,7,511,709,719,879,665
2018,2,A,골목상권,1000949,백제고분로39길,8532,5416,3116,17,1361,2496,1907,1646,1105,8,668,1807,1249,942,742,9,693,689,658,704,363
2018,2,A,골목상권,1000948,백제고분로34길,5349,3175,2174,16,595,1190,1526,1288,734,10,273,700,939,768,485,6,322,490,587,520,249
2018,2,A,골목상권,1000947,백제고분로33길,7377,5202,2175,16,909,1807,1731,1388,1526,3,486,1351,1205,862,1295,13,423,456,526,526,231
2018,2,A,골목상권,1000946,백제고분로32길,5723,3440,2283,12,635,1250,1449,1494,883,7,295,755,913,873,597,5,340,495,536,621,286
2018,2,A,골목상권,1000945,백제고분로31길,8434,5434,3000,18,1007,1697,1967,1857,1888,4,408,1002,1286,1157,1577,14,599,695,681,700,311
2018,2,A,골목상권,1000944,백제고분로22길,4586,3073,1513,10,554,961,1057,1113,891,4,276,660,734,713,686,6,278,301,323,400,205
2018,2,A,골목상권,1000943,백제고분로21길,5240,3000,2240,11,718,1214,1290,1203,804,4,247,669,791,702,587,7,471,545,499,501,217
2018,2,A,골목상권,1000942,마천로51길,1403,705,698,1,109,221,372,417,283,1,38,88,159,223,196,0,71,133,213,194,87
2018,2,A,골목상권,1000941,동남로20길,4762,2682,2080,81,786,882,1155,1124,734,45,379,517,652,590,499,36,407,365,503,534,235
2018,2,A,골목상권,1000940,거마로20길,2354,1139,1215,1,221,443,642,673,374,1,88,231,292,299,228,0,133,212,350,374,146
2018,2,A,골목상권,1000939,학동로77길,14090,5684,8406,34,2687,4328,3571,2113,1357,8,769,1629,1357,1051,870,26,1918,2699,2214,1062,487
2018,2,A,골목상권,1000938,학동로6길,16219,9337,6882,50,3421,5296,3946,2063,1443,18,1389,3192,2539,1241,958,32,2032,2104,1407,822,485
2018,2,A,골목상권,1000937,학동로56길,21869,12221,9648,106,5166,6932,4954,3264,1447,51,2177,4005,3210,1830,948,55,2989,2927,1744,1434,499
2018,2,A,골목상권,1000936,학동로38길,25282,14643,10639,77,5234,7225,5629,3409,3708,29,1843,4135,3774,2263,2599,48,3391,3090,1855,1146,1109
2018,2,A,골목상권,1000935,테헤란로81길,71886,45562,26324,200,13098,27586,20446,8351,2205,71,5314,17191,15055,6330,1601,129,7784,10395,5391,2021,604
2018,2,A,골목상권,1000934,일원로9길,8245,2229,6016,2,2348,2820,1690,986,399,0,351,727,537,385,229,2,1997,2093,1153,601,170
2018,2,A,골목상권,1000933,일원로3길,3234,1862,1372,4,267,626,802,845,690,2,112,369,490,479,410,2,155,257,312,366,280
2018,2,A,골목상권,1000932,영동대로65길,33327,21206,12121,93,5091,8954,8369,6232,4588,58,2782,6418,5591,3539,2818,35,2309,2536,2778,2693,1770
2018,2,A,골목상권,1000931,영동대로112길,104684,73301,31383,388,20042,31342,25948,19308,7656,240,10561,21149,20139,15854,5358,148,9481,10193,5809,3454,2298
2018,2,A,골목상권,1000930,언주로81길,105329,63767,41562,407,21534,31887,27432,18991,5078,194,11947,21843,17240,9164,3379,213,9587,10044,10192,9827,1699
2018,2,A,골목상권,1000929,압구정로2길,14787,7271,7516,92,3922,4835,3190,1659,1089,39,1247,2510,1847,916,712,53,2675,2325,1343,743,377
2018,2,A,골목상권,1000928,선릉로18길,973,438,535,7,100,241,225,248,152,6,35,97,104,98,98,1,65,144,121,150,54
2018,2,A,골목상권,1000927,선릉로146길,14378,6982,7396,44,3885,4749,2884,1657,1159,7,1173,2252,1719,1032,799,37,2712,2497,1165,625,360
2018,2,A,골목상권,1000926,선릉로133길,23079,13685,9394,95,4782,6634,5557,3970,2041,41,2191,4044,3805,2391,1213,54,2591,2590,1752,1579,828
2018,2,A,골목상권,1000925,선릉로132길,23714,10709,13005,91,5359,7101,5587,3588,1988,37,2003,3241,2521,1692,1215,54,3356,3860,3066,1896,773
2018,2,A,골목상권,1000924,선릉로121길,16727,9812,6915,66,3257,5309,4041,2660,1394,37,1212,2908,2774,1855,1026,29,2045,2401,1267,805,368
2018,2,A,골목상권,1000923,삼성로75길,29081,18565,10516,61,4810,9013,8396,4665,2136,24,2201,5590,5823,3370,1557,37,2609,3423,2573,1295,579
2018,2,A,골목상권,1000922,삼성로69길,8451,4409,4042,29,1590,2299,1952,1579,1002,15,587,1152,1097,861,697,14,1003,1147,855,718,305
2018,2,A,골목상권,1000921,삼성로64길,17925,10803,7122,51,3429,5484,4807,2806,1348,27,1739,3765,2879,1444,949,24,1690,1719,1928,1362,399
2018,2,A,골목상권,1000920,삼성로63길,3354,1441,1913,21,590,901,830,675,337,11,175,363,389,301,202,10,415,538,441,374,135
2018,2,A,골목상권,1000919,삼성로57길,6984,3611,3373,117,2051,2501,1218,741,356,9,791,1495,728,367,221,108,1260,1006,490,374,135
2018,2,A,골목상권,1000918,삼성로147길,11468,5259,6209,34,2984,3759,2539,1319,833,5,903,1762,1333,723,533,29,2081,1997,1206,596,300
2018,2,A,골목상권,1000917,삼성로115길,6446,3652,2794,14,1392,2138,1460,831,611,5,524,1233,930,528,432,9,868,905,530,303,179
2018,2,A,골목상권,1000916,봉은사로68길,42906,28464,14442,58,7377,17662,11616,4525,1668,25,3274,11643,9083,3286,1153,33,4103,6019,2533,1239,515
2018,2,A,골목상권,1000915,봉은사로57길,13361,7768,5593,48,2716,4401,3102,2108,986,22,1009,2438,2093,1457,749,26,1707,1963,1009,651,237
2018,2,A,골목상권,1000914,봉은사로43길,26004,15329,10675,79,5598,8710,5795,3494,2328,41,2137,5089,4026,2345,1691,38,3461,3621,1769,1149,637
2018,2,A,골목상권,1000913,봉은사로29길,27829,16218,11611,62,6081,8651,6256,3889,2890,31,2243,4939,4316,2604,2085,31,3838,3712,1940,1285,805
2018,2,A,골목상권,1000912,봉은사로109길,74278,56459,17819,275,11922,20145,18477,16204,7255,198,7986,15000,14907,13339,5029,77,3936,5145,3570,2865,2226
2018,2,A,골목상권,1000911,도산대로89길,11788,5816,5972,60,2989,4001,2724,1434,580,15,911,2065,1611,834,380,45,2078,1936,1113,600,200
2018,2,A,골목상권,1000910,도산대로81길,16151,5759,10392,83,5638,5999,2816,1059,556,13,1411,2241,1276,489,329,70,4227,3758,1540,570,227
2018,2,A,골목상권,1000909,도산대로50길,27530,15723,11807,107,6019,8010,6113,4719,2562,42,2448,4674,4066,2860,1633,65,3571,3336,2047,1859,929
2018,2,A,골목상권,1000908,도산대로38길,30146,16506,13640,88,6771,9952,7209,4137,1989,22,2398,5511,4629,2580,1366,66,4373,4441,2580,1557,623
2018,2,A,골목상권,1000907,도산대로30길,25809,13220,12589,69,6391,8465,5888,3261,1735,15,2032,4432,3638,1927,1176,54,4359,4033,2250,1334,559
2018,2,A,골목상권,1000906,도산대로23길,23357,11513,11844,92,6175,7977,5002,2605,1506,29,1732,4014,3092,1607,1039,63,4443,3963,1910,998,467
2018,2,A,골목상권,1000905,도산대로15길,20885,9832,11053,103,5666,7166,4394,2196,1360,32,1552,3522,2584,1228,914,71,4114,3644,1810,968,446
2018,2,A,골목상권,1000904,도곡로37길,30855,16506,14349,142,7347,8813,7319,4784,2450,50,2884,4934,4460,2626,1552,92,4463,3879,2859,2158,898
2018,2,A,골목상권,1000903,논현로8길,5798,3784,2014,16,727,1416,1489,1163,987,7,389,997,971,752,668,9,338,419,518,411,319
2018,2,A,골목상권,1000902,논현로63길,31074,21136,9938,91,5024,9263,8178,5436,3082,27,2411,6080,6143,4074,2401,64,2613,3183,2035,1362,681
2018,2,A,골목상권,1000901,논현로28길,41788,22601,19187,157,7408,11049,11570,7161,4443,86,3646,6990,5692,3433,2754,71,3762,4059,5878,3728,1689
2018,2,A,골목상권,1000900,논현로26길,36498,24502,11996,89,5893,10871,9034,5964,4647,55,3117,7632,6660,4117,2921,34,2776,3239,2374,1847,1726
2018,2,A,골목상권,1000899,논현로159길,14893,6190,8703,88,4272,4886,3039,1591,1017,30,1095,2154,1543,750,618,58,3177,2732,1496,841,399
2018,2,A,골목상권,1000898,논현로139길,36040,19551,16489,111,9129,11959,7940,4250,2651,38,3040,6780,5271,2583,1839,73,6089,5179,2669,1667,812
2018,2,A,골목상권,1000897,논현로123길,10035,5818,4217,37,2145,3141,2311,1353,1048,14,888,1913,1511,802,690,23,1257,1228,800,551,358
2018,2,A,골목상권,1000896,논현로115길,22295,12829,9466,94,5536,7263,4856,2543,2003,47,2305,4151,3299,1636,1391,47,3231,3112,1557,907,612
2018,2,A,골목상권,1000895,논현로10길,11741,6986,4755,23,1428,2803,3161,2569,1757,11,657,1732,1809,1466,1311,12,771,1071,1352,1103,446
2018,2,A,골목상권,1000894,논현로106길,21595,12370,9225,58,4240,6336,4680,3198,3083,34,1741,3819,3159,1796,1821,24,2499,2517,1521,1402,1262
2018,2,A,골목상권,1000893,남부순환로365길,18717,10211,8506,97,4373,5517,4028,2988,1714,30,1712,3422,2567,1409,1071,67,2661,2095,1461,1579,643
2018,2,A,골목상권,1000892,개포로82길,788,365,423,0,61,148,208,230,141,0,14,51,89,110,101,0,47,97,119,120,40
2018,2,A,골목상권,1000891,개포로28길,15736,9433,6303,35,1885,4004,4427,3501,1884,12,926,2606,2612,1866,1411,23,959,1398,1815,1635,473
2018,2,A,골목상권,1000890,개포로20길,23510,14894,8616,48,2788,6249,6797,5177,2451,16,1451,4143,4321,3114,1849,32,1337,2106,2476,2063,602
2018,2,A,골목상권,1000889,개포로17길,21773,14054,7719,52,2884,5832,6202,4767,2036,21,1497,3951,4079,2959,1547,31,1387,1881,2123,1808,489
2018,2,A,골목상권,1000888,강남대로140길,24843,13240,11603,82,5604,8384,5725,3223,1825,16,1791,4635,3728,1790,1280,66,3813,3749,1997,1433,545
2018,2,A,골목상권,1000887,강남대로136길,31136,17438,13698,105,6478,10424,7638,4123,2368,21,2356,6130,4916,2404,1611,84,4122,4294,2722,1719,757
2018,2,A,골목상권,1000886,강남대로118길,13508,7161,6347,73,4072,4259,2732,1437,935,34,1545,2291,1818,856,617,39,2527,1968,914,581,318
2018,2,A,골목상권,1000885,서초중앙로8길,26713,16381,10332,65,5419,7867,6711,4457,2194,20,2259,4958,4614,2863,1667,45,3160,2909,2097,1594,527
2018,2,A,골목상권,1000884,방배중앙로21길,6083,3130,2953,18,813,1287,1381,1412,1172,10,328,730,740,620,702,8,485,557,641,792,470
2018,2,A,골목상권,1000883,효령로72길,24157,15963,8194,75,4919,7172,6586,3754,1651,24,2259,4786,4994,2674,1226,51,2660,2386,1592,1080,425
2018,2,A,골목상권,1000882,효령로34길,5635,3382,2253,22,986,1369,1152,1001,1105,7,391,774,752,578,880,15,595,595,400,423,225
2018,2,A,골목상권,1000881,효령로31길,13140,7907,5233,60,2780,3785,3167,1892,1456,36,1253,2321,1987,1161,1149,24,1527,1464,1180,731,307
2018,2,A,골목상권,1000880,효령로23길,10721,6759,3962,52,2367,3046,2489,1490,1277,28,1098,1989,1712,923,1009,24,1269,1057,777,567,268
2018,2,A,골목상권,1000879,청두곶길,15010,8109,6901,45,2173,3595,3339,3569,2289,9,967,2272,2055,1603,1203,36,1206,1323,1284,1966,1086
2018,2,A,골목상권,1000878,주흥길,8019,5885,2134,13,1343,2863,2097,1099,604,8,774,2155,1767,798,383,5,569,708,330,301,221
2018,2,A,골목상권,1000877,주흥15길,9806,5673,4133,31,1966,3374,2523,1181,731,8,731,1983,1704,764,483,23,1235,1391,819,417,248
2018,2,A,골목상권,1000876,언남길,15824,11153,4671,49,2167,4368,4460,3160,1620,28,1206,3056,3310,2312,1241,21,961,1312,1150,848,379
2018,2,A,골목상권,1000875,신반포로45길,11810,6562,5248,27,2377,3756,2947,1672,1031,8,810,2177,1878,1004,685,19,1567,1579,1069,668,346
2018,2,A,골목상권,1000874,서초대로8길,7554,4134,3420,20,939,1844,2041,1527,1183,16,387,992,1095,837,807,4,552,852,946,690,376
2018,2,A,골목상권,1000873,서초대로64길,10593,5662,4931,30,1989,3332,2691,1582,969,12,718,1747,1489,969,727,18,1271,1585,1202,613,242
2018,2,A,골목상권,1000872,서초대로4길,7260,4497,2763,15,903,1675,1870,1582,1215,9,444,1022,1213,993,816,6,459,653,657,589,399
2018,2,A,골목상권,1000871,서초대로25길,14290,8854,5436,59,2725,4397,3485,2197,1427,42,1276,2763,2293,1425,1055,17,1449,1634,1192,772,372
2018,2,A,골목상권,1000870,서초대로23길,15327,9546,5781,67,2575,4533,3878,2561,1713,47,1287,2883,2495,1577,1257,20,1288,1650,1383,984,456
2018,2,A,골목상권,1000869,서초대로15길,13101,7661,5440,45,1891,3379,3327,2486,1973,29,825,1944,1956,1483,1424,16,1066,1435,1371,1003,549
2018,2,A,골목상권,1000868,사평대로57길,14740,8833,5907,59,2681,4699,3870,2253,1178,24,1085,2862,2748,1432,682,35,1596,1837,1122,821,496
2018,2,A,골목상권,1000867,사평대로26길,4399,2345,2054,35,910,1271,1093,728,362,12,366,679,629,436,223,23,544,592,464,292,139
2018,2,A,골목상권,1000866,사평대로22길,4773,2907,1866,43,957,1411,1252,713,397,13,437,897,835,474,251,30,520,514,417,239,146
2018,2,A,골목상권,1000865,사임당로17길,22377,12475,9902,77,3817,7224,5780,3456,2023,27,1307,3939,3512,2202,1488,50,2510,3285,2268,1254,535
2018,2,A,골목상권,1000864,방배로42길,5251,3186,2065,21,756,1317,1212,1043,902,7,304,820,763,626,666,14,452,497,449,417,236
2018,2,A,골목상권,1000863,방배로35길,5910,3550,2360,25,850,1445,1430,1106,1054,10,334,879,902,678,747,15,516,566,528,428,307
2018,2,A,골목상권,1000862,방배로18길,9605,5636,3969,48,2317,2879,2083,1171,1107,27,948,1741,1372,678,870,21,1369,1138,711,493,237
2018,2,A,골목상권,1000861,반포대로9길,3821,2226,1595,9,667,1037,1000,661,447,3,241,610,669,406,297,6,426,427,331,255,150
2018,2,A,골목상권,1000860,바우뫼로39길,36508,23796,12712,79,5660,10460,8619,6538,5152,51,2941,7025,6167,4163,3449,28,2719,3435,2452,2375,1703
2018,2,A,골목상권,1000859,마방로2길,14632,9798,4834,38,2190,3880,3748,3033,1743,23,1187,2590,2691,2019,1288,15,1003,1290,1057,1014,455
2018,2,A,골목상권,1000858,방배천로4안길,7064,4340,2724,15,1043,1749,1773,1377,1107,9,472,1053,1151,870,785,6,571,696,622,507,322
2018,2,A,골목상권,1000857,동산로19길,14981,9535,5446,38,1729,3374,4148,3571,2121,28,870,2164,2651,2260,1562,10,859,1210,1497,1311,559
2018,2,A,골목상권,1000856,동산로10길,8463,5316,3147,28,1027,2028,2122,1919,1339,21,530,1280,1373,1220,892,7,497,748,749,699,447
2018,2,A,골목상권,1000855,동광로39길,5107,2916,2191,42,1063,1501,1236,879,386,12,489,886,745,564,220,30,574,615,491,315,166
2018,2,A,골목상권,1000854,동광로1길,7174,3535,3639,25,1153,1710,1657,1545,1084,19,520,1027,905,542,522,6,633,683,752,1003,562
2018,2,A,골목상권,1000853,동광로12길,12071,6596,5475,48,1614,2634,2794,2554,2427,23,616,1439,1594,1347,1577,25,998,1195,1200,1207,850
2018,2,A,골목상권,1000852,논현로27길,37403,25947,11456,91,6069,11247,9211,6284,4501,55,3272,7817,7047,4646,3110,36,2797,3430,2164,1638,1391
2018,2,A,골목상권,1000851,논현로1길,11399,6922,4477,37,1242,2617,2956,2623,1924,25,618,1596,1813,1582,1288,12,624,1021,1143,1041,636
2018,2,A,골목상권,1000850,남부순환로339길,28797,15829,12968,105,6578,7801,6633,5407,2273,56,2724,4859,4146,2617,1427,49,3854,2942,2487,2790,846
2018,2,A,골목상권,1000849,남부순환로325길,20262,11600,8662,57,3105,6767,4924,3316,2093,15,1330,3556,3084,2079,1536,42,1775,3211,1840,1237,557
2018,2,A,골목상권,1000848,남부순환로317길,11925,7314,4611,41,2203,3895,2972,1757,1057,14,978,2435,2027,1115,745,27,1225,1460,945,642,312
2018,2,A,골목상권,1000847,고무래로8길,32395,13413,18982,35,6927,10393,8438,4834,1768,7,1267,3934,4222,2888,1095,28,5660,6459,4216,1946,673
2018,2,A,골목상권,1000846,강남대로8길,97241,86996,10245,44,8496,19839,27822,37694,3346,32,6613,16996,24730,35830,2795,12,1883,2843,3092,1864,551
2018,2,A,골목상권,1000845,강남대로34길,38304,23607,14697,152,7657,11674,8407,5789,4625,65,3435,7630,5957,3523,2997,87,4222,4044,2450,2266,1628
2018,2,A,골목상권,1000844,강남대로23길,17820,11632,6188,52,2805,4873,4585,3593,1912,32,1525,3284,3254,2255,1282,20,1280,1589,1331,1338,630
2018,2,A,골목상권,1000843,소담길,1325,867,458,0,97,254,340,345,289,0,48,152,200,242,225,0,49,102,140,103,64
2018,2,A,골목상권,1000842,원신길,558,190,368,0,71,146,123,140,78,0,10,44,44,52,40,0,61,102,79,88,38
2018,2,A,골목상권,1000841,양지길,856,583,273,1,67,103,176,251,258,1,24,50,100,178,230,0,43,53,76,73,28
2018,2,A,골목상권,1000840,양산길,881,572,309,1,76,120,184,252,248,1,24,57,105,177,208,0,52,63,79,75,40
2018,2,A,골목상권,1000839,호암로24길,2468,1405,1063,3,182,375,621,778,509,2,63,196,348,457,339,1,119,179,273,321,170
2018,2,A,골목상권,1000838,호암로20길,1348,510,838,2,130,273,308,359,276,1,34,129,137,100,109,1,96,144,171,259,167
2018,2,A,골목상권,1000837,행운길,5137,3308,1829,24,818,1438,1086,880,891,7,408,983,704,520,686,17,410,455,382,360,205
2018,2,A,골목상권,1000836,행운1길,3681,1825,1856,12,598,896,884,741,550,1,211,465,431,369,348,11,387,431,453,372,202
2018,2,A,골목상권,1000835,청림3길,2054,930,1124,6,278,444,561,441,324,3,100,207,248,197,175,3,178,237,313,244,149
2018,2,A,골목상권,1000834,청룡길,5174,3014,2160,8,666,1055,1347,1134,964,4,292,603,807,691,617,4,374,452,540,443,347
2018,2,A,골목상권,1000833,청룡8길,3749,2147,1602,1,433,756,1004,877,678,0,202,430,585,506,424,1,231,326,419,371,254
2018,2,A,골목상권,1000832,중앙길,4127,1863,2264,9,652,905,1018,838,705,6,186,378,490,425,378,3,466,527,528,413,327
2018,2,A,골목상권,1000831,조원중앙로2길,6336,4092,2244,2,504,1031,1029,1210,2560,2,222,640,597,700,1931,0,282,391,432,510,629
2018,2,A,골목상권,1000830,조원로18길,5248,3524,1724,1,392,916,814,871,2254,1,173,568,513,541,1728,0,219,348,301,330,526
2018,2,A,골목상권,1000829,조원로10길,15946,9693,6253,50,2681,4926,4107,2498,1684,28,1152,3083,2605,1620,1205,22,1529,1843,1502,878,479
2018,2,A,골목상권,1000828,장군봉2길,2686,1310,1376,1,349,594,676,600,466,0,121,280,347,297,265,1,228,314,329,303,201
2018,2,A,골목상권,1000827,장군봉1길,3141,1688,1453,1,405,701,865,700,469,0,182,384,497,371,254,1,223,317,368,329,215
2018,2,A,골목상권,1000826,인헌길,1169,553,616,1,120,304,353,254,137,0,30,162,173,109,79,1,90,142,180,145,58
2018,2,A,골목상권,1000825,은천로25길,764,232,532,1,116,169,204,179,95,1,18,47,61,61,44,0,98,122,143,118,51
2018,2,A,골목상권,1000824,양녕로6길,3935,2133,1802,9,584,847,1032,822,641,5,228,438,584,492,386,4,356,409,448,330,255
2018,2,A,골목상권,1000823,신원로3길,1106,471,635,0,126,195,233,279,273,0,42,88,102,107,132,0,84,107,131,172,141
2018,2,A,골목상권,1000822,신사로20길,731,357,374,1,88,160,208,170,104,1,21,73,111,79,72,0,67,87,97,91,32
2018,2,A,골목상권,1000821,신림로65길,3803,1833,1970,19,593,685,750,822,934,8,236,351,389,363,486,11,357,334,361,459,448
2018,2,A,골목상권,1000820,신림로64길,4716,2063,2653,20,891,952,944,921,988,9,298,423,458,373,502,11,593,529,486,548,486
2018,2,A,골목상권,1000819,신림로48길,825,344,481,0,134,171,182,198,140,0,38,72,73,83,78,0,96,99,109,115,62
2018,2,A,골목상권,1000818,신림로38길,584,274,310,0,54,125,148,144,113,0,14,68,69,66,57,0,40,57,79,78,56
2018,2,A,골목상권,1000817,신림로28길,2177,1041,1136,3,194,376,515,599,490,2,59,190,242,261,287,1,135,186,273,338,203
2018,2,A,골목상권,1000816,신림로11길,1297,812,485,1,104,247,354,395,196,0,36,119,213,287,157,1,68,128,141,108,39
2018,2,A,골목상권,1000815,신림동길,2362,1231,1131,7,334,418,538,545,520,3,129,220,306,267,306,4,205,198,232,278,214
2018,2,A,골목상권,1000814,승방길,4663,2234,2429,11,659,972,1226,1376,419,9,330,589,571,456,279,2,329,383,655,920,140
2018,2,A,골목상권,1000813,서림7길,1461,805,656,0,115,278,406,478,184,0,39,122,217,311,116,0,76,156,189,167,68
2018,2,A,골목상권,1000812,봉천로33길,4758,2498,2260,7,594,950,1218,1132,857,5,224,488,693,580,508,2,370,462,525,552,349
2018,2,A,골목상권,1000811,봉천로13길,2107,982,1125,5,253,405,495,539,410,3,99,160,227,225,268,2,154,245,268,314,142
2018,2,A,골목상권,1000810,복은길,945,472,473,0,72,176,231,268,198,0,25,82,97,142,126,0,47,94,134,126,72
2018,2,A,골목상권,1000809,법원단지길,1014,382,632,1,125,199,273,257,159,0,28,83,119,88,64,1,97,116,154,169,95
2018,2,A,골목상권,1000808,법원단지9길,627,221,406,0,70,150,169,179,59,0,10,47,54,75,35,0,60,103,115,104,24
2018,2,A,골목상권,1000807,미성5길,1710,770,940,2,164,295,462,480,307,0,47,115,218,218,172,2,117,180,244,262,135
2018,2,A,골목상권,1000806,대학길,1651,916,735,2,115,248,419,536,331,1,39,141,250,297,188,1,76,107,169,239,143
2018,2,A,골목상권,1000805,대학14길,330,154,176,0,35,63,97,72,63,0,9,30,39,31,45,0,26,33,58,41,18
2018,2,A,골목상권,1000804,당곡길,8367,4315,4052,61,1682,2584,2255,1198,587,26,780,1389,1080,667,373,35,902,1195,1175,531,214
2018,2,A,골목상권,1000803,남현길,2316,1333,983,1,278,569,631,523,314,0,117,361,355,269,231,1,161,208,276,254,83
2018,2,A,골목상권,1000802,남현3길,6490,3040,3450,15,1024,1386,1690,1730,645,12,389,752,814,631,442,3,635,634,876,1099,203
2018,2,A,골목상권,1000801,남현2길,4438,2324,2114,7,852,1127,1040,819,593,4,238,588,596,448,450,3,614,539,444,371,143
2018,2,A,골목상권,1000800,남부순환로248길,2111,914,1197,8,410,593,502,375,223,1,97,262,238,176,140,7,313,331,264,199,83
2018,2,A,골목상권,1000799,남부순환로234길,3083,2018,1065,11,443,784,641,621,583,4,218,538,399,392,467,7,225,246,242,229,116
2018,2,A,골목상권,1000798,남부순환로172길,2729,1484,1245,1,286,641,689,654,458,1,111,349,395,344,284,0,175,292,294,310,174
2018,2,A,골목상권,1000797,남부순환로161길,2836,1575,1261,2,306,675,737,662,454,2,109,364,437,354,309,0,197,311,300,308,145
2018,2,A,골목상권,1000796,남부순환로151길,3720,2045,1675,4,444,908,906,888,570,2,151,511,528,491,362,2,293,397,378,397,208
2018,2,A,골목상권,1000795,남부순환로142길,5732,3829,1903,4,450,985,904,1000,2389,1,198,612,577,625,1816,3,252,373,327,375,573
2018,2,A,골목상권,1000794,난향길,1346,641,705,0,82,177,232,346,509,0,13,65,80,112,371,0,69,112,152,234,138
2018,2,A,골목상권,1000793,난우길,1732,784,948,4,199,322,438,469,300,0,63,145,220,210,146,4,136,177,218,259,154
2018,2,A,골목상권,1000792,난곡로74길,1339,714,625,2,164,307,341,324,201,0,49,166,192,165,142,2,115,141,149,159,59
2018,2,A,골목상권,1000791,난곡로34길,1101,466,635,1,148,220,336,297,99,0,33,97,148,128,60,1,115,123,188,169,39
2018,2,A,골목상권,1000790,난곡로26길,580,257,323,0,68,104,195,162,51,0,12,38,90,85,32,0,56,66,105,77,19
2018,2,A,골목상권,1000789,난곡로24길,631,278,353,0,67,123,212,176,53,0,12,43,96,91,36,0,55,80,116,85,17
2018,2,A,골목상권,1000788,낙성대역길,4958,3022,1936,24,818,1402,1053,784,877,6,360,898,634,464,660,18,458,504,419,320,217
2018,2,A,골목상권,1000787,국회단지길,2117,1069,1048,1,257,387,493,548,431,0,66,184,263,260,296,1,191,203,230,288,135
2018,2,A,골목상권,1000786,구암길,1336,481,855,1,171,263,349,335,217,1,30,85,116,119,130,0,141,178,233,216,87
2018,2,A,골목상권,1000785,관천로22길,15876,8917,6959,71,2713,5386,4430,2255,1021,29,1250,2898,2491,1526,723,42,1463,2488,1939,729,298
2018,2,A,골목상권,1000784,관천로15길,965,527,438,1,98,193,281,237,155,1,29,103,160,126,108,0,69,90,121,111,47
2018,2,A,골목상권,1000783,관악로30길,1944,873,1071,6,265,425,512,398,338,3,99,197,216,184,174,3,166,228,296,214,164
2018,2,A,골목상권,1000782,관악로28길,1574,730,844,6,204,340,420,331,273,3,78,161,180,160,148,3,126,179,240,171,125
2018,2,A,골목상권,1000781,관악로14길,6153,3195,2958,15,825,1496,1483,1443,891,1,308,736,768,820,562,14,517,760,715,623,329
2018,2,A,골목상권,1000780,관악로10길,7007,4260,2747,15,887,1875,1639,1689,902,2,415,1152,997,1103,591,13,472,723,642,586,311
2018,2,A,골목상권,1000779,흑석로9길,5201,2275,2926,3,1009,1516,1250,990,433,1,231,534,613,593,303,2,778,982,637,397,130
2018,2,A,골목상권,1000778,흑석로13길,5542,2485,3057,2,1043,1593,1324,1064,516,1,244,579,657,637,367,1,799,1014,667,427,149
2018,2,A,골목상권,1000777,장승배기로27길,8009,4760,3249,8,896,2445,2097,1785,778,2,378,1339,1346,1216,479,6,518,1106,751,569,299
2018,2,A,골목상권,1000776,장승배기로19길,2195,1192,1003,1,335,452,508,526,373,0,218,264,248,268,194,1,117,188,260,258,179
2018,2,A,골목상권,1000775,장승배기로10길,3208,1710,1498,1,451,644,826,784,502,0,254,353,411,429,263,1,197,291,415,355,239
2018,2,A,골목상권,1000774,여의대방로46길,4908,2668,2240,10,867,1360,1137,827,707,1,379,818,680,415,375,9,488,542,457,412,332
2018,2,A,골목상권,1000773,여의대방로24길,31246,17228,14018,80,5062,6690,6904,7652,4858,41,3316,4681,3735,3220,2235,39,1746,2009,3169,4432,2623
2018,2,A,골목상권,1000772,여의대방로22카길,21911,11810,10101,57,3954,4334,4142,5370,4054,35,2724,3165,2257,1915,1714,22,1230,1169,1885,3455,2340
2018,2,A,골목상권,1000771,여의대방로22나길,29116,15984,13132,77,4879,6316,6452,7120,4272,39,3215,4495,3504,2897,1834,38,1664,1821,2948,4223,2438
2018,2,A,골목상권,1000770,여의대방로22길,21628,11806,9822,57,3918,4277,4038,5279,4059,35,2714,3188,2226,1919,1724,22,1204,1089,1812,3360,2335
2018,2,A,골목상권,1000769,양녕로26길,892,371,521,0,97,176,239,234,146,0,19,65,105,85,97,0,78,111,134,149,49
2018,2,A,골목상권,1000768,신대방길,4986,2708,2278,9,1112,1338,1167,860,500,4,394,767,689,490,364,5,718,571,478,370,136
2018,2,A,골목상권,1000767,성대로29길,1771,664,1107,5,186,332,492,464,292,4,53,129,199,151,128,1,133,203,293,313,164
2018,2,A,골목상권,1000766,성대로1길,2183,918,1265,6,260,442,577,541,357,4,95,211,256,199,153,2,165,231,321,342,204
2018,2,A,골목상권,1000765,서달로8가길,5138,2271,2867,2,960,1477,1261,998,440,1,226,523,619,592,310,1,734,954,642,406,130
2018,2,A,골목상권,1000764,서달로15길,1095,457,638,2,174,239,278,218,184,1,43,84,108,94,127,1,131,155,170,124,57
2018,2,A,골목상권,1000763,서달로14길,1036,469,567,3,125,219,284,219,186,2,39,89,112,94,133,1,86,130,172,125,53
2018,2,A,골목상권,1000762,서달로10길,934,436,498,2,82,156,241,267,186,1,18,56,95,135,131,1,64,100,146,132,55
2018,2,A,골목상권,1000761,상도로62길,2840,1456,1384,9,331,643,799,665,393,3,114,285,406,385,263,6,217,358,393,280,130
2018,2,A,골목상권,1000760,상도로61길,2607,1306,1301,6,294,581,743,633,350,1,98,240,358,364,245,5,196,341,385,269,105
2018,2,A,골목상권,1000759,상도로47길,7362,3472,3890,32,1296,2030,1853,1469,682,0,327,869,995,846,435,32,969,1161,858,623,247
2018,2,A,골목상권,1000758,상도로37길,2513,1244,1269,31,375,588,655,560,304,0,105,334,365,276,164,31,270,254,290,284,140
2018,2,A,골목상권,1000757,상도로15길,4046,2016,2030,6,606,882,1010,901,641,4,341,486,473,406,306,2,265,396,537,495,335
2018,2,A,골목상권,1000756,사당로8길,1834,972,862,4,167,276,357,375,655,3,80,110,184,178,417,1,87,166,173,197,238
2018,2,A,골목상권,1000755,사당로30길,6273,3634,2639,10,1059,1597,1712,1241,654,9,371,905,1100,811,438,1,688,692,612,430,216
2018,2,A,골목상권,1000754,사당로2차길,1313,714,599,4,167,233,333,339,237,3,71,101,174,197,168,1,96,132,159,142,69
2018,2,A,골목상권,1000753,사당로29길,4793,2215,2578,14,594,969,1189,1127,900,6,170,459,617,523,440,8,424,510,572,604,460
2018,2,A,골목상권,1000752,사당로26길,4029,2005,2024,6,730,964,1111,790,428,5,186,455,623,469,267,1,544,509,488,321,161
2018,2,A,골목상권,1000751,사당로23나길,1115,439,676,0,69,160,258,331,297,0,36,71,91,120,121,0,33,89,167,211,176
2018,2,A,골목상권,1000750,사당로23길,1005,372,633,1,66,138,251,262,287,0,22,49,81,91,129,1,44,89,170,171,158
2018,2,A,골목상권,1000749,사당로20길,2397,1339,1058,0,252,483,705,545,412,0,76,229,419,331,284,0,176,254,286,214,128
2018,2,A,골목상권,1000748,사당로16길,2268,1208,1060,0,200,387,513,448,720,0,67,178,279,224,460,0,133,209,234,224,260
2018,2,A,골목상권,1000747,사당로16가길,1971,1016,955,1,158,291,423,408,690,0,55,114,208,203,436,1,103,177,215,205,254
2018,2,A,골목상권,1000746,만양로8길,2587,1348,1239,5,262,513,711,660,436,1,97,283,394,341,232,4,165,230,317,319,204
2018,2,A,골목상권,1000745,만양로14길,1167,563,604,3,135,249,298,263,219,1,47,124,153,111,127,2,88,125,145,152,92
2018,2,A,골목상권,1000744,등용로14길,5664,3567,2097,8,873,1948,1492,908,435,3,436,1239,1036,574,279,5,437,709,456,334,156
2018,2,A,골목상권,1000743,동작대로7길,8087,3985,4102,14,1152,1692,2047,2087,1095,7,430,928,1026,836,758,7,722,764,1021,1251,337
2018,2,A,골목상권,1000742,동작대로35길,3448,1361,2087,6,444,622,760,1010,606,3,146,284,309,324,295,3,298,338,451,686,311
2018,2,A,골목상권,1000741,동작대로33길,5859,2366,3493,23,914,1173,1252,1443,1054,8,266,551,562,477,502,15,648,622,690,966,552
2018,2,A,골목상권,1000740,동작대로29길,3169,1400,1769,12,405,617,672,786,677,4,113,283,322,329,349,8,292,334,350,457,328
2018,2,A,골목상권,1000739,동작대로17길,6383,3493,2890,6,873,1577,1812,1319,796,6,321,872,1083,766,445,0,552,705,729,553,351
2018,2,A,골목상권,1000738,대방동2길,21301,11403,9898,62,3723,3927,3795,5447,4347,39,2653,2914,1948,1942,1907,23,1070,1013,1847,3505,2440
2018,2,A,골목상권,1000737,대방동27길,4334,2353,1981,6,405,860,1015,1198,850,2,162,432,531,663,563,4,243,428,484,535,287
2018,2,A,골목상권,1000736,노량진로6길,4125,2518,1607,5,572,1524,1091,600,333,2,275,927,751,377,186,3,297,597,340,223,147
2018,2,A,골목상권,1000735,국사봉길,570,192,378,0,56,117,159,173,65,0,13,33,54,57,35,0,43,84,105,116,30
2018,2,A,골목상권,1000734,국사봉2길,1344,630,714,0,154,334,374,314,168,0,57,166,188,134,85,0,97,168,186,180,83
2018,2,A,골목상권,1000733,국사봉1길,1625,663,962,4,160,344,427,402,288,4,61,166,187,126,119,0,99,178,240,276,169
2018,2,A,골목상권,1000732,영신로9길,1946,1137,809,2,175,343,470,500,456,0,69,202,267,278,321,2,106,141,203,222,135
2018,2,A,골목상권,1000731,영등포로84길,3869,1970,1899,10,556,787,787,926,803,1,173,404,433,483,476,9,383,383,354,443,327
2018,2,A,골목상권,1000730,영등포로80길,4214,2022,2192,16,590,792,952,992,872,7,166,362,480,499,508,9,424,430,472,493,364
2018,2,A,골목상권,1000729,영등포로62길,2568,1301,1267,9,235,490,585,600,649,7,83,258,293,281,379,2,152,232,292,319,270
2018,2,A,골목상권,1000728,영등포로35길,6446,3711,2735,32,887,1646,1692,1427,762,19,344,899,1046,914,489,13,543,747,646,513,273
2018,2,A,골목상권,1000727,영등포로27길,13211,7892,5319,39,1884,3206,3056,2714,2312,7,832,1925,2009,1697,1422,32,1052,1281,1047,1017,890
2018,2,A,골목상권,1000726,영등포로25길,13194,7931,5263,35,1991,3269,3034,2632,2233,11,884,1952,1997,1690,1397,24,1107,1317,1037,942,836
2018,2,A,골목상권,1000725,여의대방로61길,5080,2561,2519,13,880,1165,1115,921,986,1,338,609,609,461,543,12,542,556,506,460,443
2018,2,A,골목상권,1000724,여의대방로43나길,2450,1405,1045,0,182,337,521,794,616,0,60,177,309,440,419,0,122,160,212,354,197
2018,2,A,골목상권,1000723,여의대방로39길,2492,1307,1185,2,310,477,582,696,425,1,129,237,287,367,286,1,181,240,295,329,139
2018,2,A,골목상권,1000722,여의대방로35길,2843,1665,1178,8,358,651,674,638,514,4,157,361,361,405,377,4,201,290,313,233,137
2018,2,A,골목상권,1000721,양평로28길,13525,9067,4458,31,2095,4497,4080,2211,611,21,1018,2962,2860,1696,510,10,1077,1535,1220,515,101
2018,2,A,골목상권,1000720,양평로22라길,17052,11485,5567,28,2725,5846,5184,2481,788,4,1255,4015,3749,1835,627,24,1470,1831,1435,646,161
2018,2,A,골목상권,1000719,양평로19길,35286,17701,17585,114,6673,11886,10328,4508,1777,46,2608,6226,5005,2539,1277,68,4065,5660,5323,1969,500
2018,2,A,골목상권,1000718,신길로60길,2599,1312,1287,10,265,531,654,657,482,6,104,272,328,309,293,4,161,259,326,348,189
2018,2,A,골목상권,1000717,신길로42길,1034,476,558,2,115,215,265,260,177,0,47,106,124,106,93,2,68,109,141,154,84
2018,2,A,골목상권,1000716,신길로42가길,3641,2058,1583,8,305,632,852,989,855,4,120,324,468,556,586,4,185,308,384,433,269
2018,2,A,골목상권,1000715,신길로39길,1786,943,843,3,149,328,439,444,423,1,51,167,227,211,286,2,98,161,212,233,137
2018,2,A,골목상권,1000714,신길로17길,1717,928,789,6,171,306,409,414,411,1,80,164,206,207,270,5,91,142,203,207,141
2018,2,A,골목상권,1000713,선유서로28길,14871,8724,6147,68,2543,3419,3658,2890,2293,28,1179,2091,2223,1632,1571,40,1364,1328,1435,1258,722
2018,2,A,골목상권,1000712,선유서로25길,5343,3634,1709,25,586,1301,1364,1118,949,10,331,914,911,776,692,15,255,387,453,342,257
2018,2,A,골목상권,1000711,선유서로24길,7984,4606,3378,24,742,1559,2105,1717,1837,11,352,895,1193,1015,1140,13,390,664,912,702,697
2018,2,A,골목상권,1000710,선유로55길,19438,12917,6521,31,3020,6384,5765,2947,1291,5,1393,4379,4059,2081,1000,26,1627,2005,1706,866,291
2018,2,A,골목상권,1000709,디지털로74길,2701,924,1777,4,726,660,572,463,276,1,131,221,212,196,163,3,595,439,360,267,113
2018,2,A,골목상권,1000708,디지털로57길,2799,1415,1384,5,315,515,705,705,554,2,86,242,355,370,360,3,229,273,350,335,194
2018,2,A,골목상권,1000707,디지털로37길,7507,4172,3335,37,1555,2330,1672,1106,807,16,521,1300,1038,695,602,21,1034,1030,634,411,205
2018,2,A,골목상권,1000706,도신로62길,3358,1791,1567,12,401,553,750,879,763,6,158,290,416,465,456,6,243,263,334,414,307
2018,2,A,골목상권,1000705,도신로60길,2377,1347,1030,9,192,407,555,648,566,7,78,209,302,380,371,2,114,198,253,268,195
2018,2,A,골목상권,1000704,도신로29길,1065,525,540,2,111,209,286,260,197,1,34,96,143,125,126,1,77,113,143,135,71
2018,2,A,골목상권,1000703,도신로15길,2703,1678,1025,3,334,533,638,588,607,2,164,323,400,366,423,1,170,210,238,222,184
2018,2,A,골목상권,1000702,도림천로21길,16100,9739,6361,62,3154,5502,3983,2109,1290,28,1284,3411,2615,1486,915,34,1870,2091,1368,623,375
2018,2,A,골목상권,1000701,도림로63길,2734,1696,1038,8,336,531,715,739,405,3,175,333,441,467,277,5,161,198,274,272,128
2018,2,A,골목상권,1000700,도림로147길,17765,10896,6869,44,3450,4284,3961,3696,2330,17,1717,2765,2524,2207,1666,27,1733,1519,1437,1489,664
2018,2,A,골목상권,1000699,도림로112길,1371,705,666,3,147,285,360,334,242,2,49,136,191,168,159,1,98,149,169,166,83
2018,2,A,골목상권,1000698,대림로8길,4338,2144,2194,1,962,1311,977,729,358,0,269,696,543,425,211,1,693,615,434,304,147
2018,2,A,골목상권,1000697,대림로7길,4745,2960,1785,5,777,1614,1229,705,415,1,400,1076,747,466,270,4,377,538,482,239,145
2018,2,A,골목상권,1000696,대림로44길,5890,3613,2277,13,593,1297,1511,1428,1048,8,282,883,1059,841,540,5,311,414,452,587,508
2018,2,A,골목상권,1000695,대림로34길,6711,4011,2700,20,903,1574,1777,1495,942,11,354,980,1134,877,655,9,549,594,643,618,287
2018,2,A,골목상권,1000694,대림로31길,15871,10405,5466,30,2088,3845,3813,3401,2694,16,1269,2913,2747,1901,1559,14,819,932,1066,1500,1135
2018,2,A,골목상권,1000693,대림로29길,4827,2594,2233,15,628,853,1145,1262,924,8,223,414,591,723,635,7,405,439,554,539,289
2018,2,A,골목상권,1000692,대림로22길,2779,1349,1430,9,394,489,643,656,588,3,100,218,314,330,384,6,294,271,329,326,204
2018,2,A,골목상권,1000691,당산로46길,13918,8767,5151,61,1400,2616,3093,3310,3438,33,708,1736,2027,1961,2302,28,692,880,1066,1349,1136
2018,2,A,골목상권,1000690,당산로38길,18438,10776,7662,108,3782,5122,3772,3199,2455,55,1643,2985,2270,1997,1826,53,2139,2137,1502,1202,629
2018,2,A,골목상권,1000689,당산로37길,26435,9717,16718,172,6079,7898,6774,3372,2140,81,2066,2868,1891,1336,1475,91,4013,5030,4883,2036,665
2018,2,A,골목상권,1000688,당산로31길,22391,11393,10998,87,3967,5271,4739,4624,3703,44,1588,2692,2437,2339,2293,43,2379,2579,2302,2285,1410
2018,2,A,골목상권,1000687,국회대로56길,15129,8399,6730,69,2516,3606,4306,2807,1825,22,859,1831,2437,1943,1307,47,1657,1775,1869,864,518
2018,2,A,골목상권,1000686,경인로90길,20982,10921,10061,88,4231,6492,5575,2839,1757,34,1570,3295,3071,1744,1207,54,2661,3197,2504,1095,550
2018,2,A,골목상권,1000685,경인로80길,20596,11489,9107,79,3998,5692,5285,3216,2326,35,1582,3092,3068,2039,1673,44,2416,2600,2217,1177,653
2018,2,A,골목상권,1000684,경인로77길,25247,13604,11643,80,5084,7205,6510,3910,2458,36,1968,3790,3610,2409,1791,44,3116,3415,2900,1501,667
2018,2,A,골목상권,1000683,가마산로61길,1457,701,756,4,127,327,361,367,271,3,43,134,181,168,172,1,84,193,180,199,99
2018,2,A,골목상권,1000682,시흥대로94길,4436,2663,1773,6,401,851,1222,1251,705,6,213,536,748,724,436,0,188,315,474,527,269
2018,2,A,골목상권,1000681,시흥대로84길,1058,487,571,2,118,233,294,270,141,2,50,125,136,102,72,0,68,108,158,168,69
2018,2,A,골목상권,1000680,시흥대로68길,4676,1916,2760,10,783,916,899,947,1121,5,326,474,376,328,407,5,457,442,523,619,714
2018,2,A,골목상권,1000679,시흥대로63길,6463,2930,3533,13,874,1461,1313,1442,1360,3,347,672,598,719,591,10,527,789,715,723,769
2018,2,A,골목상권,1000678,시흥대로62가길,3491,1168,2323,4,405,478,629,868,1107,2,101,189,226,275,375,2,304,289,403,593,732
2018,2,A,골목상권,1000677,시흥대로36길,1854,1006,848,8,191,404,476,479,296,6,77,225,231,260,207,2,114,179,245,219,89
2018,2,A,골목상권,1000676,시흥대로22길,2258,1534,724,2,160,420,604,638,434,0,80,275,374,451,354,2,80,145,230,187,80
2018,2,A,골목상권,1000675,시흥대로153길,3446,2058,1388,10,499,821,910,819,387,8,244,487,585,481,253,2,255,334,325,338,134
2018,2,A,골목상권,1000674,시흥대로150길,3293,1668,1625,4,388,632,825,913,531,3,111,303,432,473,346,1,277,329,393,440,185
2018,2,A,골목상권,1000673,시흥대로141길,4124,2474,1650,9,540,775,1023,1121,656,8,253,442,608,676,487,1,287,333,415,445,169
2018,2,A,골목상권,1000672,시흥대로138길,2997,1709,1288,2,379,587,719,822,488,2,182,327,405,458,335,0,197,260,314,364,153
2018,2,A,골목상권,1000671,시흥대로120길,2683,1526,1157,3,354,471,683,702,470,2,205,285,370,361,303,1,149,186,313,341,167
2018,2,A,골목상권,1000670,벚꽃로56길,88616,53976,34640,1296,22927,27559,20126,10804,5904,560,10774,17863,13940,6569,4270,736,12153,9696,6186,4235,1634
2018,2,A,골목상권,1000669,범안로17길,8943,6095,2848,36,1013,1932,2239,2316,1407,23,620,1368,1514,1485,1085,13,393,564,725,831,322
2018,2,A,골목상권,1000668,범안로11길,30689,20490,10199,128,4726,8752,8160,5962,2961,79,2570,6104,5696,3859,2182,49,2156,2648,2464,2103,779
2018,2,A,골목상권,1000667,문성로5길,2963,1519,1444,1,265,712,751,746,488,1,96,372,377,346,327,0,169,340,374,400,161
2018,2,A,골목상권,1000666,독산로85길,1354,681,673,1,162,240,327,408,216,1,80,118,152,198,132,0,82,122,175,210,84
2018,2,A,골목상권,1000665,독산로78다길,958,373,585,0,101,144,239,299,175,0,30,44,84,113,102,0,71,100,155,186,73
2018,2,A,골목상권,1000664,독산로70길,1600,806,794,0,182,247,446,431,294,0,79,119,216,202,190,0,103,128,230,229,104
2018,2,A,골목상권,1000663,독산로64길,1043,409,634,1,79,155,294,301,213,1,12,51,94,119,132,0,67,104,200,182,81
2018,2,A,골목상권,1000662,독산로50길,724,234,490,0,72,160,217,197,78,0,16,58,50,62,48,0,56,102,167,135,30
2018,2,A,골목상권,1000661,독산로40길,819,241,578,1,83,121,224,277,113,1,22,35,69,74,40,0,61,86,155,203,73
2018,2,A,골목상권,1000660,독산로108길,6379,4072,2307,1,438,1139,1112,1213,2476,1,199,683,631,663,1895,0,239,456,481,550,581
2018,2,A,골목상권,1000659,남부순환로112길,6923,4102,2821,23,1086,2288,1790,1141,595,16,473,1417,1180,649,367,7,613,871,610,492,228
2018,2,A,골목상권,1000658,금하로24길,1889,1017,872,4,122,292,532,646,293,2,37,116,258,399,205,2,85,176,274,247,88
2018,2,A,골목상권,1000657,금하로1길,628,279,349,1,35,74,130,157,231,0,18,41,64,77,79,1,17,33,66,80,152
2018,2,A,골목상권,1000656,금하로14길,2415,1194,1221,3,262,370,566,658,556,2,79,174,296,295,348,1,183,196,270,363,208
2018,2,A,골목상권,1000655,가산로5길,26487,18917,7570,31,4198,8768,8025,4153,1312,17,2455,6040,6290,3127,988,14,1743,2728,1735,1026,324
2018,2,A,골목상권,1000654,가산로3길,31211,20913,10298,132,4840,8893,8209,6057,3080,83,2633,6201,5775,3932,2289,49,2207,2692,2434,2125,791
2018,2,A,골목상권,1000653,중앙로1길,5192,3019,2173,3,591,958,1165,1347,1128,1,246,510,635,773,854,2,345,448,530,574,274
2018,2,A,골목상권,1000652,중앙로15길,1855,992,863,7,192,340,469,472,375,0,83,176,209,253,271,7,109,164,260,219,104
2018,2,A,골목상권,1000651,우마길,16103,10489,5614,53,2832,4987,4250,2589,1392,35,1454,3455,2957,1543,1045,18,1378,1532,1293,1046,347
2018,2,A,골목상권,1000650,오류로8길,2713,1384,1329,13,252,440,649,734,625,3,98,231,290,331,431,10,154,209,359,403,194
2018,2,A,골목상권,1000649,신도림로13길,2580,1783,797,2,224,472,643,770,469,2,118,304,428,549,382,0,106,168,215,221,87
2018,2,A,골목상권,1000648,새말로18길,15305,10093,5212,41,2687,4402,3480,2683,2012,14,1576,3129,2482,1650,1242,27,1111,1273,998,1033,770
2018,2,A,골목상권,1000647,부일로1길,2210,1602,608,34,280,517,451,570,358,31,175,353,301,420,322,3,105,164,150,150,36
2018,2,A,골목상권,1000646,부일로15길,976,614,362,2,84,166,220,267,237,0,30,80,138,175,191,2,54,86,82,92,46
2018,2,A,골목상권,1000645,부일로11길,1687,926,761,0,169,377,429,466,246,0,64,221,236,236,169,0,105,156,193,230,77
2018,2,A,골목상권,1000644,디지털로32길,34622,20868,13754,126,6580,12124,9285,4278,2229,66,2843,7700,5943,2658,1658,60,3737,4424,3342,1620,571
2018,2,A,골목상권,1000643,디지털로32가길,34484,20859,13625,128,6535,12045,9108,4368,2300,67,2831,7677,5919,2701,1664,61,3704,4368,3189,1667,636
2018,2,A,골목상권,1000642,디지털로27길,53978,35022,18956,244,11282,18829,13161,6779,3683,147,5421,12632,9536,4459,2827,97,5861,6197,3625,2320,856
2018,2,A,골목상권,1000641,도림로6길,3827,2301,1526,11,663,1005,964,730,454,5,286,629,589,465,327,6,377,376,375,265,127
2018,2,A,골목상권,1000640,도림로12길,7769,5116,2653,100,1490,2484,2031,1127,537,66,768,1776,1489,685,332,34,722,708,542,442,205
2018,2,A,골목상권,1000639,남부순환로97길,1481,758,723,2,151,241,397,373,317,1,58,113,174,191,221,1,93,128,223,182,96
2018,2,A,골목상권,1000638,구로중앙로8길,2942,1505,1437,2,305,590,804,764,477,1,102,246,382,443,331,1,203,344,422,321,146
2018,2,A,골목상권,1000637,구로중앙로7길,2620,1336,1284,2,268,470,715,718,447,1,88,190,335,412,310,1,180,280,380,306,137
2018,2,A,골목상권,1000636,구로중앙로42길,12969,7846,5123,28,1753,4221,3276,2492,1199,22,791,2168,2030,1855,980,6,962,2053,1246,637,219
2018,2,A,골목상권,1000635,구로중앙로34길,6471,3595,2876,25,666,1145,1431,1382,1822,18,330,733,937,778,799,7,336,412,494,604,1023
2018,2,A,골목상권,1000634,구로중앙로28길,17022,10849,6173,18,1941,4076,4007,3718,3262,9,1204,2938,2807,2225,1666,9,737,1138,1200,1493,1596
2018,2,A,골목상권,1000633,구로중앙로19길,5648,3202,2446,4,643,1516,1431,1380,674,1,259,800,784,934,424,3,384,716,647,446,250
2018,2,A,골목상권,1000632,구로동로8길,5042,2193,2849,1,1186,1840,1175,612,228,0,290,902,630,239,132,1,896,938,545,373,96
2018,2,A,골목상권,1000631,구로동로7길,23289,16606,6683,91,4947,8039,6179,2805,1228,58,2802,5824,4853,2110,959,33,2145,2215,1326,695,269
2018,2,A,골목상권,1000630,구로동로42길,6980,3612,3368,21,751,1558,1451,1513,1686,15,352,857,798,919,671,6,399,701,653,594,1015
2018,2,A,골목상권,1000629,구로동로41길,979,527,452,0,125,234,273,220,127,0,61,130,143,107,86,0,64,104,130,113,41
2018,2,A,골목상권,1000628,구로동로38길,4694,2768,1926,3,529,1324,1158,1160,520,0,238,721,664,805,340,3,291,603,494,355,180
2018,2,A,골목상권,1000627,구로동로28길,6247,2939,3308,6,1297,1848,1390,1189,517,1,327,825,723,716,347,5,970,1023,667,473,170
2018,2,A,골목상권,1000626,구로동로15길,23099,16487,6612,91,4945,8001,6152,2784,1126,58,2793,5796,4842,2095,903,33,2152,2205,1310,689,223
2018,2,A,골목상권,1000625,공원로6가길,16106,10591,5515,43,2745,4522,3724,2984,2088,17,1594,3194,2633,1847,1306,26,1151,1328,1091,1137,782
2018,2,A,골목상권,1000624,고척로52길,2562,1403,1159,1,210,443,633,769,506,1,97,239,321,406,339,0,113,204,312,363,167
2018,2,A,골목상권,1000623,고척로27다길,1208,492,716,1,92,247,348,382,138,1,24,89,113,177,88,0,68,158,235,205,50
2018,2,A,골목상권,1000622,고척로27길,1484,613,871,1,158,269,393,479,184,1,46,113,132,221,100,0,112,156,261,258,84
2018,2,A,골목상권,1000621,고척로21나길,1409,530,879,3,173,240,330,435,228,3,47,98,111,159,112,0,126,142,219,276,116
2018,2,A,골목상권,1000620,경인로47길,3897,2211,1686,2,424,732,855,933,951,1,160,401,479,526,644,1,264,331,376,407,307
2018,2,A,골목상권,1000619,경인로35길,2971,1505,1466,0,244,504,767,852,604,0,106,248,352,422,377,0,138,256,415,430,227
2018,2,A,골목상권,1000618,경인로31길,1060,478,582,1,80,161,324,319,175,1,26,70,126,149,106,0,54,91,198,170,69
2018,2,A,골목상권,1000617,경인로15길,1329,682,647,2,171,276,352,311,217,0,49,142,185,154,152,2,122,134,167,157,65
2018,2,A,골목상권,1000616,개봉로3길,4178,2289,1889,0,134,179,303,538,3024,0,63,75,121,251,1779,0,71,104,182,287,1245
2018,2,A,골목상권,1000615,개봉로2길,4598,2442,2156,0,142,273,457,640,3086,0,41,104,194,287,1816,0,101,169,263,353,1270
2018,2,A,골목상권,1000614,개봉로23가길,2762,1536,1226,2,290,480,674,741,575,1,128,245,331,414,417,1,162,235,343,327,158
2018,2,A,골목상권,1000613,개봉로20길,1660,780,880,1,183,294,468,396,318,1,64,104,185,193,233,0,119,190,283,203,85
2018,2,A,골목상권,1000612,개봉로1길,4250,2403,1847,0,149,237,331,501,3032,0,65,150,167,236,1785,0,84,87,164,265,1247
2018,2,A,골목상권,1000611,개봉로17다길,2152,863,1289,3,256,390,546,595,362,2,70,155,223,208,205,1,186,235,323,387,157
2018,2,A,골목상권,1000610,개봉로17길,1896,721,1175,2,215,369,482,547,281,1,58,142,194,175,151,1,157,227,288,372,130
2018,2,A,골목상권,1000609,개봉로11길,5496,2765,2731,2,296,440,639,912,3207,1,108,178,266,356,1856,1,188,262,373,556,1351
2018,2,A,골목상권,1000608,화곡로64길,17556,9976,7580,93,3483,4339,3883,3810,1948,56,1591,2652,2560,1997,1120,37,1892,1687,1323,1813,828
2018,2,A,골목상권,1000607,화곡로59길,12067,7072,4995,29,1791,2410,2615,3287,1935,20,1035,1626,1752,1599,1040,9,756,784,863,1688,895
2018,2,A,골목상권,1000606,화곡로44나길,6306,3916,2390,6,618,1473,1555,1646,1008,5,276,796,934,1123,782,1,342,677,621,523,226
2018,2,A,골목상권,1000605,화곡로31길,3578,1611,1967,7,483,727,895,855,611,1,131,310,407,389,373,6,352,417,488,466,238
2018,2,A,골목상권,1000604,화곡로20길,2658,1447,1211,2,242,490,656,762,506,2,103,252,339,405,346,0,139,238,317,357,160
2018,2,A,골목상권,1000603,화곡로13길,2230,1169,1061,1,228,371,553,648,429,0,80,163,263,351,312,1,148,208,290,297,117
2018,2,A,골목상권,1000602,초원로16길,3541,1854,1687,12,481,824,812,699,713,2,174,436,496,403,343,10,307,388,316,296,370
2018,2,A,골목상권,1000601,초록마을로8길,888,250,638,1,111,180,249,202,145,0,24,50,66,53,57,1,87,130,183,149,88
2018,2,A,골목상권,1000600,초록마을로3길,2636,1715,921,4,227,443,623,626,713,4,94,247,387,403,580,0,133,196,236,223,133
2018,2,A,골목상권,1000599,월정로20길,1836,1153,683,7,167,276,411,598,377,5,74,165,262,374,273,2,93,111,149,224,104
2018,2,A,골목상권,1000598,우장산로6길,2905,1370,1535,4,400,670,747,709,375,4,104,281,357,376,248,0,296,389,390,333,127
2018,2,A,골목상권,1000597,양천로73가길,4065,2733,1332,11,423,1019,1052,917,643,9,235,677,695,607,510,2,188,342,357,310,133
2018,2,A,골목상권,1000596,양천로71길,3291,1995,1296,3,295,751,894,874,474,3,121,413,535,537,386,0,174,338,359,337,88
2018,2,A,골목상권,1000595,양천로49길,4131,2701,1430,22,348,773,942,1167,879,16,194,490,594,697,710,6,154,283,348,470,169
2018,2,A,골목상권,1000594,양천로26길,1996,1252,744,2,219,426,536,493,320,1,115,269,339,295,233,1,104,157,197,198,87
2018,2,A,골목상권,1000593,양천로24길,2917,1562,1355,6,306,676,758,713,458,2,150,419,405,336,250,4,156,257,353,377,208
2018,2,A,골목상권,1000592,양천로24가길,3211,1727,1484,4,346,746,851,747,517,2,160,457,488,346,274,2,186,289,363,401,243
2018,2,A,골목상권,1000591,양천로14길,8044,5462,2582,15,1194,2128,1925,2011,771,2,543,1564,1375,1468,510,13,651,564,550,543,261
2018,2,A,골목상권,1000590,방화대로6라길,6133,4437,1696,11,797,1289,2046,1328,662,4,575,941,1519,943,455,7,222,348,527,385,207
2018,2,A,골목상권,1000589,방화대로21길,2966,1509,1457,12,395,587,688,584,700,1,138,300,397,332,341,11,257,287,291,252,359
2018,2,A,골목상권,1000588,등촌로5길,1874,961,913,3,179,371,488,494,339,0,61,186,255,253,206,3,118,185,233,241,133
2018,2,A,골목상권,1000587,등촌로55길,3441,1892,1549,10,405,744,792,794,696,9,168,415,463,433,404,1,237,329,329,361,292
2018,2,A,골목상권,1000586,등촌로51길,2622,1388,1234,5,280,520,585,638,594,4,111,294,329,317,333,1,169,226,256,321,261
2018,2,A,골목상권,1000585,등촌로39길,1497,614,883,4,128,249,317,374,425,4,37,100,142,147,184,0,91,149,175,227,241
2018,2,A,골목상권,1000584,등촌로13길,1777,814,963,1,144,358,466,533,275,0,43,173,174,258,166,1,101,185,292,275,109
2018,2,A,골목상권,1000583,남부순환로11길,4330,3480,850,3,563,968,1463,905,428,1,444,752,1216,747,320,2,119,216,247,158,108
2018,2,A,골목상권,1000582,까치산로4길,1967,773,1194,3,276,450,499,449,290,0,69,198,197,170,139,3,207,252,302,279,151
2018,2,A,골목상권,1000581,국회대로7길,3847,1762,2085,7,481,889,1011,899,560,2,154,418,490,374,324,5,327,471,521,525,236
2018,2,A,골목상권,1000580,공항대로8길,5091,3819,1272,15,769,1174,1629,1027,477,2,532,859,1319,773,334,13,237,315,310,254,143
2018,2,A,골목상권,1000579,공항대로61길,5318,3189,2129,12,724,1377,1300,1106,799,7,296,805,801,674,606,5,428,572,499,432,193
2018,2,A,골목상권,1000578,공항대로59다길,7386,4497,2889,13,864,1848,2028,1668,965,8,338,1053,1319,1058,721,5,526,795,709,610,244
2018,2,A,골목상권,1000577,공항대로59길,5087,3043,2044,12,764,1258,1205,1066,782,6,324,755,705,665,588,6,440,503,500,401,194
2018,2,A,골목상권,1000576,공항대로55길,10389,5825,4564,73,2221,2981,2446,1739,929,41,777,1672,1596,1154,585,32,1444,1309,850,585,344
2018,2,A,골목상권,1000575,공항대로42길,5437,2657,2780,19,611,1033,1217,1366,1191,10,269,571,678,587,542,9,342,462,539,779,649
2018,2,A,골목상권,1000574,공항대로38길,3471,1552,1919,36,559,650,849,798,579,18,226,303,397,303,305,18,333,347,452,495,274
2018,2,A,골목상권,1000573,곰달래로60길,3235,1428,1807,9,424,751,824,776,451,1,125,328,396,328,250,8,299,423,428,448,201
2018,2,A,골목상권,1000572,곰달래로53길,1089,443,646,0,102,208,317,313,149,0,22,93,111,135,82,0,80,115,206,178,67
2018,2,A,골목상권,1000571,곰달래로47길,948,399,549,0,87,175,276,267,143,0,21,86,101,114,77,0,66,89,175,153,66
2018,2,A,골목상권,1000570,곰달래로31길,1577,621,956,1,189,316,413,408,250,1,68,139,163,122,128,0,121,177,250,286,122
2018,2,A,골목상권,1000569,곰달래로25길,1944,727,1217,3,232,391,499,500,319,0,70,161,210,138,148,3,162,230,289,362,171
2018,2,A,골목상권,1000568,개화동로25길,13793,9421,4372,23,3350,3704,2899,2500,1317,5,1400,2502,2329,2068,1117,18,1950,1202,570,432,200
2018,2,A,골목상권,1000567,개화동로23길,11116,6913,4203,21,2867,3029,1877,1928,1394,6,972,1920,1414,1563,1038,15,1895,1109,463,365,356
2018,2,A,골목상권,1000566,강서로8길,3988,2029,1959,4,483,894,976,1051,580,1,218,505,510,463,332,3,265,389,466,588,248
2018,2,A,골목상권,1000565,강서로5라길,2875,1508,1367,6,333,715,755,700,366,3,160,435,386,298,226,3,173,280,369,402,140
2018,2,A,골목상권,1000564,강서로5나길,2357,1458,899,6,193,350,527,781,500,3,103,221,347,468,316,3,90,129,180,313,184
2018,2,A,골목상권,1000563,강서로5가길,3034,1488,1546,4,365,653,722,821,469,1,159,373,395,339,221,3,206,280,327,482,248
2018,2,A,골목상권,1000562,강서로47라길,3066,1172,1894,8,384,670,808,853,343,3,69,230,284,375,211,5,315,440,524,478,132
2018,2,A,골목상권,1000561,강서로47길,2931,1108,1823,9,402,665,788,742,325,3,62,224,290,324,205,6,340,441,498,418,120
2018,2,A,골목상권,1000560,강서로45다길,2131,982,1149,3,251,310,477,619,471,1,75,122,217,294,273,2,176,188,260,325,198
2018,2,A,골목상권,1000559,강서로45길,1832,675,1157,5,223,331,443,543,287,1,54,132,162,192,134,4,169,199,281,351,153
2018,2,A,골목상권,1000558,강서로35길,2563,1256,1307,6,338,477,650,623,469,1,101,197,329,317,311,5,237,280,321,306,158
2018,2,A,골목상권,1000557,강서로29길,3418,1627,1791,6,397,688,889,891,547,2,130,314,423,423,335,4,267,374,466,468,212
2018,2,A,골목상권,1000556,강서로18길,1547,604,943,1,160,285,389,399,313,0,53,125,155,127,144,1,107,160,234,272,169
2018,2,A,골목상권,1000555,강서로17가길,1387,550,837,4,153,273,365,365,227,2,56,121,157,109,105,2,97,152,208,256,122
2018,2,A,골목상권,1000554,강서로15길,2418,1236,1182,13,238,438,619,682,428,7,92,209,329,349,250,6,146,229,290,333,178
2018,2,A,골목상권,1000553,가로공원로80길,1657,797,860,3,159,303,438,484,270,2,71,151,206,228,139,1,88,152,232,256,131
2018,2,A,골목상권,1000552,가로공원로76가길,2024,1079,945,10,191,346,523,596,358,6,85,165,273,325,225,4,106,181,250,271,133
2018,2,A,골목상권,1000551,화곡로4길,4025,2621,1404,4,295,628,772,930,1396,3,83,303,410,568,1254,1,212,325,362,362,142
2018,2,A,골목상권,1000550,화곡로3길,1710,767,943,1,199,363,507,457,183,1,53,144,228,209,132,0,146,219,279,248,51
2018,2,A,골목상권,1000549,지양로7길,1576,914,662,1,78,195,413,581,308,1,24,92,203,366,228,0,54,103,210,215,80
2018,2,A,골목상권,1000548,중앙로55길,3903,2122,1781,2,422,842,987,1094,556,1,208,498,529,552,334,1,214,344,458,542,222
2018,2,A,골목상권,1000547,중앙로51길,3015,1505,1510,2,292,572,787,870,492,1,145,297,362,429,271,1,147,275,425,441,221
2018,2,A,골목상권,1000546,중앙로47길,1392,556,836,2,158,221,346,402,263,0,39,88,133,165,131,2,119,133,213,237,132
2018,2,A,골목상권,1000545,중앙로45길,1885,873,1012,2,186,287,469,504,437,0,49,120,212,262,230,2,137,167,257,242,207
2018,2,A,골목상권,1000544,중앙로36길,2066,1052,1014,9,286,412,469,506,384,3,126,210,232,259,222,6,160,202,237,247,162
2018,2,A,골목상권,1000543,중앙로32길,3308,1963,1345,11,316,662,813,765,741,5,125,327,483,468,555,6,191,335,330,297,186
2018,2,A,골목상권,1000542,중앙로25길,1076,432,644,3,121,178,270,295,209,1,31,63,108,122,107,2,90,115,162,173,102
2018,2,A,골목상권,1000541,은행정로7길,3878,2348,1530,9,373,577,629,833,1457,5,154,299,318,419,1153,4,219,278,311,414,304
2018,2,A,골목상권,1000540,은행정로5길,1944,969,975,10,280,402,419,467,366,5,127,209,210,228,190,5,153,193,209,239,176
2018,2,A,골목상권,1000539,오목로5길,2906,1762,1144,3,216,460,664,890,673,2,90,274,333,538,525,1,126,186,331,352,148
2018,2,A,골목상권,1000538,오목로3길,3692,2519,1173,5,234,487,716,1200,1050,3,109,315,395,826,871,2,125,172,321,374,179
2018,2,A,골목상권,1000537,오목로30길,4402,2699,1703,9,336,587,784,1038,1648,8,140,289,402,573,1287,1,196,298,382,465,361
2018,2,A,골목상권,1000536,오목로23길,4013,2367,1646,6,406,833,939,987,842,6,206,510,529,532,584,0,200,323,410,455,258
2018,2,A,골목상권,1000535,신월로20길,1627,719,908,2,192,286,411,413,323,2,69,131,184,161,172,0,123,155,227,252,151
2018,2,A,골목상권,1000534,신월로15길,3158,1811,1347,5,227,422,706,950,848,4,92,206,304,561,644,1,135,216,402,389,204
2018,2,A,골목상권,1000533,신목로6길,2779,1082,1697,12,365,567,742,690,403,4,90,235,286,244,223,8,275,332,456,446,180
2018,2,A,골목상권,1000532,신목로5길,2135,954,1181,9,204,439,611,591,281,5,64,176,255,288,166,4,140,263,356,303,115
2018,2,A,골목상권,1000531,신목로2길,1764,779,985,8,169,323,504,480,280,4,48,145,210,193,179,4,121,178,294,287,101
2018,2,A,골목상권,1000530,목동중앙서로8가길,1563,850,713,5,154,264,376,411,353,1,62,136,200,205,246,4,92,128,176,206,107
2018,2,A,골목상권,1000529,목동중앙서로7길,2330,1212,1118,5,182,411,567,681,484,1,76,209,262,346,318,4,106,202,305,335,166
2018,2,A,골목상권,1000528,목동중앙북로8길,2806,1384,1422,4,300,516,618,652,716,4,114,269,316,289,392,0,186,247,302,363,324
2018,2,A,골목상권,1000527,목동중앙북로16길,2438,1469,969,0,250,532,818,574,264,0,79,310,535,367,178,0,171,222,283,207,86
2018,2,A,골목상권,1000526,목동중앙본로7길,1661,770,891,0,135,338,418,497,273,0,48,169,155,228,170,0,87,169,263,269,103
2018,2,A,골목상권,1000525,목동중앙로3길,1256,493,763,2,119,251,342,331,211,1,33,87,118,124,130,1,86,164,224,207,81
2018,2,A,골목상권,1000524,목동중앙로13나길,1997,1278,719,6,275,547,537,454,178,3,132,365,319,327,132,3,143,182,218,127,46
2018,2,A,골목상권,1000523,목동중앙남로3가길,1500,730,770,1,117,311,374,436,261,0,47,163,153,216,151,1,70,148,221,220,110
2018,2,A,골목상권,1000522,목동로9길,5321,2710,2611,15,567,1059,1322,1298,1060,7,190,480,689,659,685,8,377,579,633,639,375
2018,2,A,골목상권,1000521,목동로19길,7679,4136,3543,18,730,1429,1745,1748,2009,8,202,612,904,894,1516,10,528,817,841,854,493
2018,2,A,골목상권,1000520,목동동로8길,1938,820,1118,8,173,409,544,540,264,4,51,138,216,260,151,4,122,271,328,280,113
2018,2,A,골목상권,1000519,목동동로12길,6463,3616,2847,22,1111,1697,1664,1251,718,8,461,956,1032,732,427,14,650,741,632,519,291
2018,2,A,골목상권,1000518,목동남로4길,1598,850,748,2,203,332,348,353,360,0,103,200,168,180,199,2,100,132,180,173,161
2018,2,A,골목상권,1000517,남부순환로88길,2085,1643,442,0,101,225,432,621,706,0,38,134,317,503,651,0,63,91,115,118,55
2018,2,A,골목상권,1000516,남부순환로79길,1930,999,931,4,172,284,498,518,454,4,62,143,222,268,300,0,110,141,276,250,154
2018,2,A,골목상권,1000515,남부순환로70길,3380,2227,1153,6,192,380,743,1168,891,6,87,231,415,786,702,0,105,149,328,382,189
2018,2,A,골목상권,1000514,남부순환로58길,1595,800,795,7,172,304,443,450,219,6,96,167,207,203,121,1,76,137,236,247,98
2018,2,A,골목상권,1000513,남부순환로40길,3820,2514,1306,4,262,619,739,907,1289,3,78,312,395,565,1161,1,184,307,344,342,128
2018,2,A,골목상권,1000512,남부순환로33길,2978,1889,1089,2,208,434,542,617,1175,2,83,212,255,297,1040,0,125,222,287,320,135
2018,2,A,골목상권,1000511,곰달래로5길,3945,2397,1548,6,284,651,844,903,1257,5,116,347,416,451,1062,1,168,304,428,452,195
2018,2,A,골목상권,1000510,곰달래로3길,2378,1272,1106,6,190,398,638,765,381,3,90,200,326,412,241,3,100,198,312,353,140
2018,2,A,골목상권,1000509,곰달래로2길,3097,2122,975,9,221,384,736,1077,670,8,106,249,478,758,523,1,115,135,258,319,147
2018,2,A,골목상권,1000508,곰달래로10길,2812,1707,1105,9,225,465,686,873,554,6,94,273,399,541,394,3,131,192,287,332,160
2018,2,A,골목상권,1000507,가로공원로58길,2670,1554,1116,4,220,549,636,796,465,3,58,268,345,510,370,1,162,281,291,286,95
2018,2,A,골목상권,1000506,효창원로93길,4594,2134,2460,11,940,1115,1225,932,371,3,341,479,563,528,220,8,599,636,662,404,151
2018,2,A,골목상권,1000505,토정로37길,18387,11082,7305,96,2921,4578,4505,3718,2569,36,1284,2822,3113,2158,1669,60,1637,1756,1392,1560,900
2018,2,A,골목상권,1000504,월드컵로8길,20554,10893,9661,89,4207,6909,5197,2596,1556,26,1402,3400,3205,1784,1076,63,2805,3509,1992,812,480
2018,2,A,골목상권,1000503,월드컵로7길,13233,7584,5649,48,2502,4138,3457,1935,1153,16,873,2200,2329,1374,792,32,1629,1938,1128,561,361
2018,2,A,골목상권,1000502,월드컵로36길,5868,2272,3596,14,526,777,991,1845,1715,9,187,391,521,586,578,5,339,386,470,1259,1137
2018,2,A,골목상권,1000501,월드컵로25길,2094,1101,993,1,258,493,568,486,288,1,107,267,309,231,186,0,151,226,259,255,102
2018,2,A,골목상권,1000500,월드컵로19길,7020,3725,3295,34,1430,1480,1494,1280,1302,21,592,797,822,570,923,13,838,683,672,710,379
2018,2,A,골목상권,1000499,월드컵로16길,10157,5382,4775,37,2033,2494,2307,1733,1553,20,826,1303,1294,842,1097,17,1207,1191,1013,891,456
2018,2,A,골목상권,1000498,월드컵로11길,6101,3166,2935,28,1358,1338,1208,1104,1065,14,568,706,671,463,744,14,790,632,537,641,321
2018,2,A,골목상권,1000497,월드컵로10길,12516,6638,5878,66,2621,3274,2730,1965,1860,28,1072,1707,1591,955,1285,38,1549,1567,1139,1010,575
2018,2,A,골목상권,1000496,와우산로3길,5442,3283,2159,34,1697,1796,1064,552,299,24,827,1202,697,328,205,10,870,594,367,224,94
2018,2,A,골목상권,1000495,와우산로29길,5261,2557,2704,12,1203,1330,1176,894,646,3,570,751,575,356,302,9,633,579,601,538,344
2018,2,A,골목상권,1000494,와우산로29가길,6641,4154,2487,24,1473,1732,1540,1117,755,7,716,1105,1033,734,559,17,757,627,507,383,196
2018,2,A,골목상권,1000493,양화진길,9691,4998,4693,32,2079,3378,2440,1146,616,9,640,1652,1511,766,420,23,1439,1726,929,380,196
2018,2,A,골목상권,1000492,양화로1길,8411,4360,4051,30,1722,2808,2079,985,787,8,548,1351,1260,619,574,22,1174,1457,819,366,213
2018,2,A,골목상권,1000491,양화로11길,14766,8046,6720,60,2983,4817,3632,1997,1277,21,1077,2437,2231,1377,903,39,1906,2380,1401,620,374
2018,2,A,골목상권,1000490,신촌로30길,1026,357,669,7,145,266,268,198,142,6,24,71,90,85,81,1,121,195,178,113,61
2018,2,A,골목상권,1000489,신촌로28가길,765,276,489,8,92,217,214,148,86,6,18,57,70,70,55,2,74,160,144,78,31
2018,2,A,골목상권,1000488,신촌로12길,7231,3341,3890,17,1506,1775,1653,1327,953,4,575,870,841,589,462,13,931,905,812,738,491
2018,2,A,골목상권,1000487,숭문길,29628,17117,12511,188,4711,6095,6830,9771,2033,67,1766,3002,3491,7202,1589,121,2945,3093,3339,2569,444
2018,2,A,골목상권,1000486,숭문8길,10376,6612,3764,27,1245,2307,2737,2625,1435,7,606,1355,1802,1789,1053,20,639,952,935,836,382
2018,2,A,골목상권,1000485,성지3길,3331,1918,1413,5,666,1037,815,522,286,3,233,600,537,351,194,2,433,437,278,171,92
2018,2,A,골목상권,1000484,성산로4길,7318,3363,3955,20,814,1312,1410,2116,1646,12,314,717,841,864,615,8,500,595,569,1252,1031
2018,2,A,골목상권,1000483,성미산로32길,3511,1982,1529,15,738,1020,848,575,315,7,356,603,482,326,208,8,382,417,366,249,107
2018,2,A,골목상권,1000482,성미산로1길,7976,4200,3776,36,1420,1526,1775,1668,1551,24,588,827,971,743,1047,12,832,699,804,925,504
2018,2,A,골목상권,1000481,성미산로11길,5453,3152,2301,12,900,1504,1374,1035,628,6,363,861,848,633,441,6,537,643,526,402,187
2018,2,A,골목상권,1000480,백범로16길,38317,22289,16028,188,5819,8372,8952,11783,3203,68,2377,4620,4978,8017,2229,120,3442,3752,3974,3766,974
2018,2,A,골목상권,1000479,방울내로9안길,6304,2624,3680,17,627,945,1200,1931,1584,10,247,502,673,650,542,7,380,443,527,1281,1042
2018,2,A,골목상권,1000478,모래내로7길,1375,699,676,1,144,268,348,360,254,0,40,117,186,201,155,1,104,151,162,159,99
2018,2,A,골목상권,1000477,매봉산로2길,22115,13829,8286,33,4456,8278,5928,2510,910,14,1830,5118,4316,1830,721,19,2626,3160,1612,680,189
2018,2,A,골목상권,1000476,망원로2길,2741,1520,1221,4,429,727,713,568,300,3,183,415,415,293,211,1,246,312,298,275,89
2018,2,A,골목상권,1000475,망원로11길,4672,2670,2002,20,697,1038,1258,945,714,14,283,580,721,567,505,6,414,458,537,378,209
2018,2,A,골목상권,1000474,만리재옛길,9393,4824,4569,20,1655,2751,2470,1530,967,6,583,1303,1447,946,539,14,1072,1448,1023,584,428
2018,2,A,골목상권,1000473,마포대로4길,18429,10737,7692,97,3069,4460,4409,3751,2643,34,1310,2624,2943,2125,1701,63,1759,1836,1466,1626,942
2018,2,A,골목상권,1000472,마포대로20길,10927,6043,4884,20,2117,3542,2820,1514,914,5,990,1929,1703,905,511,15,1127,1613,1117,609,403
2018,2,A,골목상권,1000471,마포대로12길,23468,13573,9895,68,4692,7350,6379,3856,1123,30,1780,3936,4242,2776,809,38,2912,3414,2137,1080,314
2018,2,A,골목상권,1000470,동교로38길,4280,2480,1800,21,849,1242,1101,678,389,11,391,735,710,383,250,10,458,507,391,295,139
2018,2,A,골목상권,1000469,동교로27길,11433,5402,6031,47,2907,3455,2401,1529,1094,19,868,1748,1473,784,510,28,2039,1707,928,745,584
2018,2,A,골목상권,1000468,동교로25길,17150,8601,8549,62,3915,5008,3806,2689,1670,26,1178,2531,2364,1572,930,36,2737,2477,1442,1117,740
2018,2,A,골목상권,1000467,동교로19길,13036,7177,5859,44,2552,4008,3264,2090,1078,19,914,2066,2036,1364,778,25,1638,1942,1228,726,300
2018,2,A,골목상권,1000466,동교로17길,16994,9191,7803,65,3410,4674,3942,2891,2012,27,1310,2416,2398,1644,1396,38,2100,2258,1544,1247,616
2018,2,A,골목상권,1000465,독막로8길,6895,3868,3027,36,2098,2352,1373,678,358,21,897,1427,869,418,236,15,1201,925,504,260,122
2018,2,A,골목상권,1000464,독막로32길,4166,2306,1860,18,525,1026,1205,801,591,8,224,544,696,428,406,10,301,482,509,373,185
2018,2,A,골목상권,1000463,독막로22길,2683,1427,1256,12,479,792,641,475,284,8,178,401,385,273,182,4,301,391,256,202,102
2018,2,A,골목상권,1000462,도화길,26843,15869,10974,139,4794,6832,6510,5636,2932,50,2300,4174,4297,3168,1880,89,2494,2658,2213,2468,1052
2018,2,A,골목상권,1000461,도화4길,14793,7912,6881,111,2657,3453,3354,3258,1960,44,1220,2035,2000,1439,1174,67,1437,1418,1354,1819,786
2018,2,A,골목상권,1000460,대흥로28길,2344,923,1421,17,358,587,661,466,255,5,100,215,234,210,159,12,258,372,427,256,96
2018,2,A,골목상권,1000459,대흥로21길,6774,3254,3520,47,1116,1854,1657,1309,791,13,378,818,820,730,495,34,738,1036,837,579,296
2018,2,A,골목상권,1000458,광성로6길,3708,1902,1806,8,533,929,964,749,525,0,194,436,527,399,346,8,339,493,437,350,179
2018,2,A,골목상권,1000457,홍제내길,1111,532,579,0,138,210,274,291,198,0,29,95,145,141,122,0,109,115,129,150,76
2018,2,A,골목상권,1000456,홍연길,1502,881,621,0,131,238,354,447,332,0,46,126,188,281,240,0,85,112,166,166,92
2018,2,A,골목상권,1000455,통일로39길,1324,493,831,1,212,278,302,290,241,1,49,103,108,126,106,0,163,175,194,164,135
2018,2,A,골목상권,1000454,통일로37길,1591,599,992,2,255,353,390,348,243,2,53,129,142,149,124,0,202,224,248,199,119
2018,2,A,골목상권,1000453,통일로11길,1322,523,799,2,148,316,370,354,132,1,29,105,152,159,77,1,119,211,218,195,55
2018,2,A,골목상권,1000452,충정로6길,73203,43453,29750,128,11649,24296,21934,12330,2866,38,4894,13672,13741,8946,2162,90,6755,10624,8193,3384,704
2018,2,A,골목상권,1000451,충정로4길,29853,18344,11509,47,4790,10048,8109,4657,2202,21,2142,5962,5450,3182,1587,26,2648,4086,2659,1475,615
2018,2,A,골목상권,1000450,증가로6길,1479,896,583,4,118,230,354,444,329,2,38,116,207,285,248,2,80,114,147,159,81
2018,2,A,골목상권,1000449,증가로23나길,2271,1067,1204,5,238,406,562,637,423,3,88,182,229,303,262,2,150,224,333,334,161
2018,2,A,골목상권,1000448,증가로20가길,1572,738,834,6,177,296,440,394,259,3,56,110,171,205,193,3,121,186,269,189,66
2018,2,A,골목상권,1000447,증가로10길,1871,1030,841,5,207,336,458,496,369,2,76,161,236,292,263,3,131,175,222,204,106
2018,2,A,골목상권,1000446,응암로1길,3364,1951,1413,13,421,780,838,819,493,8,199,494,505,450,295,5,222,286,333,369,198
2018,2,A,골목상권,1000445,연희로10길,2020,1071,949,2,335,388,433,512,350,1,127,199,209,278,257,1,208,189,224,234,93
2018,2,A,골목상권,1000444,신촌로37길,5662,3175,2487,4,945,2002,1320,898,493,0,475,1176,810,458,256,4,470,826,510,440,237
2018,2,A,골목상권,1000443,수색로8길,4447,3641,806,7,229,407,527,817,2460,6,100,232,354,620,2329,1,129,175,173,197,131
2018,2,A,골목상권,1000442,세무서길,1866,666,1200,2,273,395,464,431,301,1,63,115,139,183,165,1,210,280,325,248,136
2018,2,A,골목상권,1000441,세무서2길,1837,685,1152,2,286,354,458,426,311,2,63,123,158,172,167,0,223,231,300,254,144
2018,2,A,골목상권,1000440,세검정로1길,1262,546,716,1,117,226,312,267,339,0,31,75,102,120,218,1,86,151,210,147,121
2018,2,A,골목상권,1000439,북아현로4길,6893,4235,2658,7,1013,2155,1476,1225,1017,1,509,1297,958,736,734,6,504,858,518,489,283
2018,2,A,골목상권,1000438,모래내로15길,1925,756,1169,0,265,407,522,415,316,0,66,140,192,176,182,0,199,267,330,239,134
2018,2,A,골목상권,1000437,명지대길,2195,1146,1049,6,293,450,535,596,315,2,115,205,256,341,227,4,178,245,279,255,88
2018,2,A,골목상권,1000436,독립문로8길,3270,1727,1543,8,417,736,955,784,370,3,154,352,542,442,234,5,263,384,413,342,136
2018,2,A,골목상권,1000435,가재울로6길,1521,797,724,4,199,297,370,388,263,2,50,126,204,227,188,2,149,171,166,161,75
2018,2,A,골목상권,1000434,통일로92길,1762,900,862,6,201,413,473,433,236,2,96,228,216,216,142,4,105,185,257,217,94
2018,2,A,골목상권,1000433,통일로87길,1728,761,967,6,200,347,464,408,303,2,74,169,185,172,159,4,126,178,279,236,144
2018,2,A,골목상권,1000432,통일로78길,2345,969,1376,9,335,444,547,535,475,5,120,184,225,199,236,4,215,260,322,336,239
2018,2,A,골목상권,1000431,통일로69길,1627,666,961,4,219,319,474,389,222,1,85,143,183,140,114,3,134,176,291,249,108
2018,2,A,골목상권,1000430,진흥로1길,5158,2557,2601,4,447,783,1080,1263,1581,1,179,419,568,655,735,3,268,364,512,608,846
2018,2,A,골목상권,1000429,진흥로12길,5070,2295,2775,10,721,1373,1332,1056,578,4,238,583,659,492,319,6,483,790,673,564,259
2018,2,A,골목상권,1000428,증산서길,4194,3434,760,8,198,365,521,781,2321,6,100,216,328,593,2191,2,98,149,193,188,130
2018,2,A,골목상권,1000427,증산로9길,2214,1300,914,8,283,568,579,480,296,5,148,359,343,249,196,3,135,209,236,231,100
2018,2,A,골목상권,1000426,증산로5길,1705,934,771,3,177,299,418,499,309,2,74,146,213,287,212,1,103,153,205,212,97
2018,2,A,골목상권,1000425,증산로21길,2169,1056,1113,3,219,390,540,585,432,2,76,187,250,290,251,1,143,203,290,295,181
2018,2,A,골목상권,1000424,증산로17길,2313,1069,1244,4,290,355,486,596,582,2,123,154,210,278,302,2,167,201,276,318,280
2018,2,A,골목상권,1000423,증산로15길,1568,781,787,2,127,219,312,431,477,2,52,96,152,228,251,0,75,123,160,203,226
2018,2,A,골목상권,1000422,증산로13길,1835,905,930,3,176,268,405,492,491,3,78,122,201,244,257,0,98,146,204,248,234
2018,2,A,골목상권,1000421,응암로34길,3251,1279,1972,7,297,525,636,683,1103,3,116,226,276,257,401,4,181,299,360,426,702
2018,2,A,골목상권,1000420,응암로22길,1259,563,696,2,141,313,333,320,150,2,56,126,146,165,68,0,85,187,187,155,82
2018,2,A,골목상권,1000419,응암로14길,2358,996,1362,4,345,504,669,542,294,3,145,216,261,219,152,1,200,288,408,323,142
2018,2,A,골목상권,1000418,응암로13길,2269,1053,1216,4,302,411,555,593,404,2,136,185,228,264,238,2,166,226,327,329,166
2018,2,A,골목상권,1000417,응암로12길,1610,664,946,3,186,309,467,421,224,3,73,128,184,166,110,0,113,181,283,255,114
2018,2,A,골목상권,1000416,은평로8길,4092,1873,2219,7,418,642,795,909,1321,4,163,325,393,403,585,3,255,317,402,506,736
2018,2,A,골목상권,1000415,은평로3길,2948,1483,1465,3,345,577,746,759,518,1,124,279,352,384,343,2,221,298,394,375,175
2018,2,A,골목상권,1000414,은평로20길,776,299,477,0,132,246,200,113,85,0,32,80,88,44,55,0,100,166,112,69,30
2018,2,A,골목상권,1000413,은평로13길,7999,3879,4120,10,711,1473,1868,2031,1906,5,278,667,898,1079,952,5,433,806,970,952,954
2018,2,A,골목상권,1000412,은평로10길,4092,1725,2367,7,327,588,805,975,1390,3,124,263,367,370,598,4,203,325,438,605,792
2018,2,A,골목상권,1000411,연서로5길,2381,1311,1070,3,210,390,552,638,588,0,90,191,288,351,391,3,120,199,264,287,197
2018,2,A,골목상권,1000410,연서로41길,1381,730,651,3,148,343,417,350,120,3,67,199,202,194,65,0,81,144,215,156,55
2018,2,A,골목상권,1000409,연서로3길,1316,638,678,2,151,256,375,334,198,0,64,128,154,154,138,2,87,128,221,180,60
2018,2,A,골목상권,1000408,연서로34길,1037,371,666,3,104,208,292,252,178,3,28,80,99,80,81,0,76,128,193,172,97
2018,2,A,골목상권,1000407,연서로33길,2063,703,1360,10,357,400,510,413,373,7,84,133,170,143,166,3,273,267,340,270,207
2018,2,A,골목상권,1000406,연서로29길,2118,766,1352,13,387,452,554,415,297,5,102,182,190,152,135,8,285,270,364,263,162
2018,2,A,골목상권,1000405,연서로28길,3322,1321,2001,14,548,677,839,704,540,6,171,287,343,259,255,8,377,390,496,445,285
2018,2,A,골목상권,1000404,연서로27길,2653,1148,1505,7,362,502,708,602,472,4,107,243,292,236,266,3,255,259,416,366,206
2018,2,A,골목상권,1000403,연서로21길,4098,2019,2079,8,407,607,989,1288,799,6,106,288,454,711,454,2,301,319,535,577,345
2018,2,A,골목상권,1000402,연서로17길,4035,1895,2140,8,420,644,980,1294,689,5,110,289,438,692,361,3,310,355,542,602,328
2018,2,A,골목상권,1000401,연서로16길,3899,1691,2208,4,447,667,954,1010,817,2,119,284,415,392,479,2,328,383,539,618,338
2018,2,A,골목상권,1000400,연서로13길,3891,1782,2109,11,437,633,941,1293,576,3,123,254,425,659,318,8,314,379,516,634,258
2018,2,A,골목상권,1000399,연서로11길,2770,1391,1379,6,285,463,641,743,632,0,111,212,324,354,390,6,174,251,317,389,242
2018,2,A,골목상권,1000398,역말로9길,2793,1067,1726,6,388,531,700,668,500,3,124,212,284,225,219,3,264,319,416,443,281
2018,2,A,골목상권,1000397,수색로18길,1148,456,692,9,249,277,246,218,149,4,41,93,107,123,88,5,208,184,139,95,61
2018,2,A,골목상권,1000396,서오릉로8길,1522,662,860,2,144,265,419,430,262,1,55,123,172,170,141,1,89,142,247,260,121
2018,2,A,골목상권,1000395,서오릉로21길,1980,1161,819,2,107,221,418,780,452,0,36,75,225,559,266,2,71,146,193,221,186
2018,2,A,골목상권,1000394,불광천길,2214,1033,1181,5,324,453,511,552,369,3,144,223,226,244,193,2,180,230,285,308,176
2018,2,A,골목상권,1000393,갈현로7길,2256,820,1436,2,319,544,529,591,271,0,90,188,199,196,147,2,229,356,330,395,124
2018,2,A,골목상권,1000392,갈현로41길,1091,506,585,3,102,226,279,277,204,0,39,116,126,125,100,3,63,110,153,152,104
2018,2,A,골목상권,1000391,갈현로33길,1382,492,890,5,152,356,363,337,169,2,30,146,121,110,83,3,122,210,242,227,86
2018,2,A,골목상권,1000390,갈현로1길,1474,635,839,2,170,285,403,355,259,1,46,139,167,134,148,1,124,146,236,221,111
2018,2,A,골목상권,1000389,가좌로7길,2053,1037,1016,3,178,355,538,589,390,2,64,149,227,313,282,1,114,206,311,276,108
2018,2,A,골목상권,1000388,한글비석로44길,1337,590,747,3,112,191,287,399,345,0,31,104,118,162,175,3,81,87,169,237,170
2018,2,A,골목상권,1000387,한글비석로24길,2224,961,1263,4,179,356,517,655,513,1,48,187,225,263,237,3,131,169,292,392,276
2018,2,A,골목상권,1000386,한글비석로22길,2486,963,1523,8,194,391,587,760,546,3,50,179,234,263,234,5,144,212,353,497,312
2018,2,A,골목상권,1000385,석계로1길,2035,1025,1010,6,253,273,483,589,431,2,87,121,245,286,284,4,166,152,238,303,147
2018,2,A,골목상권,1000384,상계로9가길,3119,1115,2004,3,336,511,728,916,625,2,89,234,268,286,236,1,247,277,460,630,389
2018,2,A,골목상권,1000383,상계로1길,2534,948,1586,16,450,487,574,644,363,3,133,219,219,214,160,13,317,268,355,430,203
2018,2,A,골목상권,1000382,상계로12길,3033,1112,1921,5,420,562,723,843,480,3,122,223,252,293,219,2,298,339,471,550,261
2018,2,A,골목상권,1000381,동일로242길,1958,1031,927,2,206,392,484,530,344,2,78,218,221,268,244,0,128,174,263,262,100
2018,2,A,골목상권,1000380,동일로192길,3924,2234,1690,5,316,572,824,1069,1138,3,136,317,430,622,726,2,180,255,394,447,412
2018,2,A,골목상권,1000379,동일로173가길,6738,3776,2962,18,699,1106,1497,1834,1584,11,313,698,830,922,1002,7,386,408,667,912,582
2018,2,A,골목상권,1000378,공릉로58길,4460,2246,2214,5,863,1225,951,956,460,4,285,567,488,584,318,1,578,658,463,372,142
2018,2,A,골목상권,1000377,해등로16길,3373,1631,1742,6,362,724,887,847,547,3,107,365,423,397,336,3,255,359,464,450,211
2018,2,A,골목상권,1000376,우이천로4다길,840,381,459,2,81,149,236,252,120,2,27,57,110,115,70,0,54,92,126,137,50
2018,2,A,골목상권,1000375,우이천로32길,1558,621,937,0,278,304,393,386,197,0,46,120,156,167,132,0,232,184,237,219,65
2018,2,A,골목상권,1000374,시루봉로23길,2060,1085,975,3,161,411,578,558,349,2,59,172,283,337,232,1,102,239,295,221,117
2018,2,A,골목상권,1000373,삼양로144길,1438,519,919,3,237,234,384,375,205,0,33,101,153,136,96,3,204,133,231,239,109
2018,2,A,골목상권,1000372,방학로6가길,2040,922,1118,4,187,352,502,569,426,0,66,203,242,229,182,4,121,149,260,340,244
2018,2,A,골목상권,1000371,방학로5길,3935,2049,1886,7,423,630,844,1020,1011,4,126,318,398,521,682,3,297,312,446,499,329
2018,2,A,골목상권,1000370,방학로15길,1305,621,684,0,135,267,336,356,211,0,37,93,162,163,166,0,98,174,174,193,45
2018,2,A,골목상권,1000369,방학로10길,1670,636,1034,1,151,307,422,462,327,0,43,129,165,149,150,1,108,178,257,313,177
2018,2,A,골목상권,1000368,도봉산길,953,590,363,2,59,105,266,318,203,1,21,61,148,209,150,1,38,44,118,109,53
2018,2,A,골목상권,1000367,도봉산4길,1418,1075,343,1,50,120,357,556,334,1,25,94,256,449,250,0,25,26,101,107,84
2018,2,A,골목상권,1000366,도봉로181길,1252,741,511,2,93,150,313,419,275,1,24,72,158,265,221,1,69,78,155,154,54
2018,2,A,골목상권,1000365,도봉로169나길,1570,889,681,1,109,330,396,447,287,1,30,137,215,298,208,0,79,193,181,149,79
2018,2,A,골목상권,1000364,도봉로156길,2106,1093,1013,3,181,443,599,528,352,2,72,189,296,311,223,1,109,254,303,217,129
2018,2,A,골목상권,1000363,도봉로152가길,2412,1400,1012,5,248,533,644,568,414,2,110,258,363,371,296,3,138,275,281,197,118
2018,2,A,골목상권,1000362,도봉로147길,4034,2297,1737,21,539,880,1028,1002,564,12,257,557,594,546,331,9,282,323,434,456,233
2018,2,A,골목상권,1000361,도봉로143길,2791,1536,1255,7,254,400,643,820,667,2,81,228,365,461,399,5,173,172,278,359,268
2018,2,A,골목상권,1000360,도봉로114길,2424,1072,1352,10,380,554,582,602,296,7,110,253,262,269,171,3,270,301,320,333,125
2018,2,A,골목상권,1000359,도봉로109길,2804,1334,1470,7,555,603,652,653,334,4,140,271,306,369,244,3,415,332,346,284,90
2018,2,A,골목상권,1000358,도당로29길,6893,3901,2992,21,698,1357,1541,1579,1697,15,329,704,780,914,1159,6,369,653,761,665,538
2018,2,A,골목상권,1000357,도당로19길,2478,1392,1086,15,362,542,641,607,311,11,178,316,335,342,210,4,184,226,306,265,101
2018,2,A,골목상권,1000356,도당로13바길,1349,559,790,1,130,284,374,387,173,0,55,131,155,137,81,1,75,153,219,250,92
2018,2,A,골목상권,1000355,도당로13가길,1173,528,645,1,128,202,337,318,187,0,54,108,152,123,91,1,74,94,185,195,96
2018,2,A,골목상권,1000354,덕릉로60길,1563,670,893,16,179,306,436,430,196,10,68,129,183,169,111,6,111,177,253,261,85
2018,2,A,골목상권,1000353,노해로63다길,1758,873,885,3,205,361,446,422,321,0,62,168,213,201,229,3,143,193,233,221,92
2018,2,A,골목상권,1000352,노해로60길,2643,1186,1457,8,417,615,647,655,301,5,135,283,296,298,169,3,282,332,351,357,132
2018,2,A,골목상권,1000351,한천로140길,2834,1363,1471,4,480,582,687,698,383,1,122,274,324,380,262,3,358,308,363,318,121
2018,2,A,골목상권,1000350,한천로139가길,7029,3397,3632,13,732,1394,1533,1587,1770,7,267,647,772,889,815,6,465,747,761,698,955
2018,2,A,골목상권,1000349,한천로132길,5433,3015,2418,11,580,1219,1276,1468,879,6,221,674,679,920,515,5,359,545,597,548,364
2018,2,A,골목상권,1000348,한천로130길,2031,970,1061,4,179,320,516,602,410,1,58,157,204,304,246,3,121,163,312,298,164
2018,2,A,골목상권,1000347,한천로124나길,3125,2028,1097,3,279,554,735,1017,537,1,134,379,449,712,353,2,145,175,286,305,184
2018,2,A,골목상권,1000346,한천로109길,1630,803,827,3,201,278,416,426,306,2,70,124,203,215,189,1,131,154,213,211,117
2018,2,A,골목상권,1000345,인수봉로79길,1473,715,758,2,191,344,395,355,186,2,71,135,189,205,113,0,120,209,206,150,73
2018,2,A,골목상권,1000344,인수봉로72길,1444,701,743,2,141,262,379,396,264,2,53,124,194,178,150,0,88,138,185,218,114
2018,2,A,골목상권,1000343,인수봉로56길,1249,513,736,0,87,138,260,467,297,0,16,66,92,181,158,0,71,72,168,286,139
2018,2,A,골목상권,1000342,오패산로67길,7174,3825,3349,14,827,1561,1620,1844,1308,6,300,821,856,1096,746,8,527,740,764,748,562
2018,2,A,골목상권,1000341,오패산로52길,701,272,429,1,68,174,190,196,72,0,18,60,78,84,32,1,50,114,112,112,40
2018,2,A,골목상권,1000340,오패산로30길,998,394,604,2,130,202,315,221,128,1,46,67,119,94,67,1,84,135,196,127,61
2018,2,A,골목상권,1000339,수유로12길,2936,1375,1561,6,353,478,643,793,663,1,125,241,274,347,387,5,228,237,369,446,276
2018,2,A,골목상권,1000338,솔샘로65길,2183,978,1205,6,208,456,602,589,322,3,72,199,262,258,184,3,136,257,340,331,138
2018,2,A,골목상권,1000337,솔매로50길,2670,1121,1549,7,362,616,687,662,336,3,103,241,298,284,192,4,259,375,389,378,144
2018,2,A,골목상권,1000336,솔매로45길,2160,906,1254,2,359,450,506,486,357,0,103,172,221,205,205,2,256,278,285,281,152
2018,2,A,골목상권,1000335,솔매로41길,1832,770,1062,2,289,372,457,416,296,0,88,142,196,173,171,2,201,230,261,243,125
2018,2,A,골목상권,1000334,삼양로93길,2004,909,1095,0,192,311,433,653,415,0,50,158,188,271,242,0,142,153,245,382,173
2018,2,A,골목상권,1000333,삼양로77길,943,385,558,1,110,182,259,236,155,1,34,76,85,96,93,0,76,106,174,140,62
2018,2,A,골목상권,1000332,삼양로54길,1369,638,731,1,118,224,354,407,265,0,34,101,171,180,152,1,84,123,183,227,113
2018,2,A,골목상권,1000331,삼양로41길,2025,766,1259,0,266,411,535,503,310,0,56,143,203,206,158,0,210,268,332,297,152
2018,2,A,골목상권,1000330,삼양로27길,1295,496,799,3,147,260,397,318,170,1,48,105,152,111,79,2,99,155,245,207,91
2018,2,A,골목상권,1000329,삼양로24길,1669,760,909,3,174,354,475,419,244,0,62,166,199,189,144,3,112,188,276,230,100
2018,2,A,골목상권,1000328,삼양로20길,638,245,393,2,73,141,188,166,68,1,19,47,60,71,47,1,54,94,128,95,21
2018,2,A,골목상권,1000327,삼각산로28길,6880,3532,3348,10,714,1314,1499,1825,1518,7,251,608,735,1033,898,3,463,706,764,792,620
2018,2,A,골목상권,1000326,도봉로99길,2293,1044,1249,3,440,491,556,546,257,0,111,242,272,275,144,3,329,249,284,271,113
2018,2,A,골목상권,1000325,도봉로8길,1719,705,1014,6,331,440,405,328,209,5,112,184,172,122,110,1,219,256,233,206,99
2018,2,A,골목상권,1000324,도봉로76길,4267,2267,2000,6,529,896,954,1102,780,1,201,521,513,586,445,5,328,375,441,516,335
2018,2,A,골목상권,1000323,도봉로67길,1382,594,788,0,190,236,323,345,288,0,58,81,130,149,176,0,132,155,193,196,112
2018,2,A,골목상권,1000322,도봉로45길,1949,820,1129,5,291,450,502,457,244,3,88,169,210,202,148,2,203,281,292,255,96
2018,2,A,골목상권,1000321,도봉로18길,1199,489,710,5,127,260,350,301,156,2,35,101,147,113,91,3,92,159,203,188,65
2018,2,A,골목상권,1000320,도봉로13길,1682,719,963,6,287,373,421,381,214,4,76,161,179,168,131,2,211,212,242,213,83
2018,2,A,골목상권,1000319,덕릉로41길,7281,4068,3213,11,769,1490,1644,2049,1318,6,279,784,899,1323,777,5,490,706,745,726,541
2018,2,A,골목상권,1000318,덕릉로40길,2265,1476,789,2,160,264,558,808,473,1,78,142,332,588,335,1,82,122,226,220,138
2018,2,A,골목상권,1000317,노해로33길,1538,566,972,3,244,274,378,413,226,0,37,103,158,169,99,3,207,171,220,244,127
2018,2,A,골목상권,1000316,노해로23길,2474,1031,1443,7,199,339,473,566,890,1,81,180,245,242,282,6,118,159,228,324,608
2018,2,A,골목상권,1000315,노해로17길,3673,1567,2106,5,376,601,764,783,1144,2,153,304,364,323,421,3,223,297,400,460,723
2018,2,A,골목상권,1000314,화랑로40길,3293,2036,1257,6,296,417,646,715,1213,2,97,222,381,398,936,4,199,195,265,317,277
2018,2,A,골목상권,1000313,화랑로32길,1957,1022,935,9,246,469,499,376,358,2,73,269,254,188,236,7,173,200,245,188,122
2018,2,A,골목상권,1000312,화랑로1길,4826,2962,1864,28,650,976,1141,1055,976,12,292,623,709,642,684,16,358,353,432,413,292
2018,2,A,골목상권,1000311,화랑로19길,1920,1027,893,2,208,434,531,437,308,0,91,204,284,218,230,2,117,230,247,219,78
2018,2,A,골목상권,1000310,화랑로14길,3515,2039,1476,10,686,1043,787,614,375,2,330,673,434,355,245,8,356,370,353,259,130
2018,2,A,골목상권,1000309,화랑로13길,3928,2133,1795,8,831,1094,850,716,429,2,329,676,481,396,249,6,502,418,369,320,180
2018,2,A,골목상권,1000308,한천로76길,2890,1692,1198,5,218,373,569,613,1112,2,62,170,306,329,823,3,156,203,263,284,289
2018,2,A,골목상권,1000307,한천로101가길,1065,484,581,4,129,206,275,288,163,3,49,86,115,132,99,1,80,120,160,156,64
2018,2,A,골목상권,1000306,창경궁로43길,4425,1894,2531,26,768,1105,1303,869,354,10,206,478,574,407,219,16,562,627,729,462,135
2018,2,A,골목상권,1000305,지봉로20길,5945,3269,2676,15,638,1031,1208,1267,1786,5,259,598,607,630,1170,10,379,433,601,637,616
2018,2,A,골목상권,1000304,종암로5길,1766,933,833,3,221,529,424,404,185,1,82,290,217,223,120,2,139,239,207,181,65
2018,2,A,골목상권,1000303,종암로24가길,2110,903,1207,7,303,439,535,519,307,1,89,224,253,205,131,6,214,215,282,314,176
2018,2,A,골목상권,1000302,종암로21길,3443,1981,1462,8,369,573,781,815,897,2,158,358,425,444,594,6,211,215,356,371,303
2018,2,A,골목상권,1000301,종암로19길,1812,659,1153,8,300,347,438,453,266,2,85,148,176,144,104,6,215,199,262,309,162
2018,2,A,골목상권,1000300,종암로16길,1826,699,1127,6,284,409,470,439,218,2,80,160,178,167,112,4,204,249,292,272,106
2018,2,A,골목상권,1000299,정릉로8길,2446,1489,957,0,278,491,736,653,288,0,78,230,464,484,233,0,200,261,272,169,55
2018,2,A,골목상권,1000298,정릉로27길,2107,1051,1056,10,218,337,552,620,370,5,71,140,239,338,258,5,147,197,313,282,112
2018,2,A,골목상권,1000297,정릉로26길,1449,633,816,6,189,373,393,315,173,3,66,144,164,144,112,3,123,229,229,171,61
2018,2,A,골목상권,1000296,장위로50길,1686,1011,675,1,195,272,380,482,356,0,72,162,225,279,273,1,123,110,155,203,83
2018,2,A,골목상권,1000295,장월로1길,3631,2144,1487,7,735,1068,750,656,415,2,352,680,447,376,287,5,383,388,303,280,128
2018,2,A,골목상권,1000294,인촌로6길,5558,3116,2442,13,624,946,1099,1167,1709,4,254,559,563,601,1135,9,370,387,536,566,574
2018,2,A,골목상권,1000293,인촌로5길,3841,2030,1811,15,747,696,888,885,610,5,213,354,475,555,428,10,534,342,413,330,182
2018,2,A,골목상권,1000292,인촌로24길,2079,1153,926,15,350,484,569,382,279,3,154,296,320,204,176,12,196,188,249,178,103
2018,2,A,골목상권,1000291,개운사길,7671,3753,3918,15,1363,2431,1958,1404,500,4,356,966,1116,938,373,11,1007,1465,842,466,127
2018,2,A,골목상권,1000290,인촌로1길,7054,4045,3009,17,800,1520,1687,1826,1204,5,346,810,973,1161,750,12,454,710,714,665,454
2018,2,A,골목상권,1000289,인촌로17가길,4175,1660,2515,6,999,1335,1022,637,176,2,226,446,516,349,121,4,773,889,506,288,55
2018,2,A,골목상권,1000288,오패산로4길,5387,3029,2358,15,1072,1455,1253,1022,570,3,435,908,770,580,333,12,637,547,483,442,237
2018,2,A,골목상권,1000287,오패산로3길,2268,1117,1151,10,371,523,606,509,249,3,125,267,343,245,134,7,246,256,263,264,115
2018,2,A,골목상권,1000286,오패산로19길,2849,1316,1533,8,505,713,763,568,292,3,194,337,387,251,144,5,311,376,376,317,148
2018,2,A,골목상권,1000285,안암로5길,6898,3968,2930,20,797,1195,1501,1451,1934,6,341,713,838,795,1275,14,456,482,663,656,659
2018,2,A,골목상권,1000284,아리랑로4길,4867,2178,2689,20,686,860,951,981,1369,10,254,387,466,466,595,10,432,473,485,515,774
2018,2,A,골목상권,1000283,솔샘로6길,1204,668,536,2,139,182,289,346,246,1,43,101,151,207,165,1,96,81,138,139,81
2018,2,A,골목상권,1000282,성북로8길,3554,1692,1862,24,566,850,1019,762,333,10,200,424,497,370,191,14,366,426,522,392,142
2018,2,A,골목상권,1000281,삼양로8길,2150,853,1297,18,354,536,582,416,244,11,107,216,230,168,121,7,247,320,352,248,123
2018,2,A,골목상권,1000280,삼선교로16가길,1510,780,730,1,262,296,390,366,195,1,114,135,197,207,126,0,148,161,193,159,69
2018,2,A,골목상권,1000279,삼선교로10다길,2218,1094,1124,7,470,503,542,451,245,3,168,233,282,244,164,4,302,270,260,207,81
2018,2,A,골목상권,1000278,삼선교로10길,1466,729,737,2,198,331,379,328,228,2,77,182,181,150,137,0,121,149,198,178,91
2018,2,A,골목상권,1000277,보문로32길,6772,3819,2953,20,1053,1480,1598,1752,869,7,328,699,898,1264,623,13,725,781,700,488,246
2018,2,A,골목상권,1000276,보문로31길,5849,3030,2819,8,638,1326,1422,1613,842,1,229,609,741,968,482,7,409,717,681,645,360
2018,2,A,골목상권,1000275,보문로26길,6733,3252,3481,11,1272,1737,1510,1272,931,4,380,741,852,697,578,7,892,996,658,575,353
2018,2,A,골목상권,1000274,보문로13길,5562,3098,2464,15,598,951,1092,1164,1742,4,248,560,555,588,1143,11,350,391,537,576,599
2018,2,A,골목상권,1000273,보국문로16길,2346,1315,1031,5,273,408,542,660,458,2,69,182,291,434,337,3,204,226,251,226,121
2018,2,A,골목상권,1000272,동소문로6길,2680,1297,1383,26,409,528,722,654,341,12,140,293,365,300,187,14,269,235,357,354,154
2018,2,A,골목상권,1000271,동소문로2길,2751,1385,1366,26,424,550,740,668,343,12,156,328,393,310,186,14,268,222,347,358,157
2018,2,A,골목상권,1000270,동소문로26가길,5726,2885,2841,24,1146,1131,1236,1285,904,11,365,534,644,747,584,13,781,597,592,538,320
2018,2,A,골목상권,1000269,동소문로15길,8344,4140,4204,20,1036,1645,1758,2034,1851,9,378,739,921,1195,898,11,658,906,837,839,953
2018,2,A,골목상권,1000268,동소문로13길,9236,4623,4613,20,1184,1930,2003,2156,1943,7,430,928,1052,1245,961,13,754,1002,951,911,982
2018,2,A,골목상권,1000267,돌곶이로8길,1584,844,740,7,167,380,408,377,245,1,49,217,219,214,144,6,118,163,189,163,101
2018,2,A,골목상권,1000266,돌곶이로41길,794,388,406,3,90,138,207,207,149,3,30,66,91,103,95,0,60,72,116,104,54
2018,2,A,골목상권,1000265,돌곶이로28길,3257,2065,1192,1,282,431,532,667,1344,0,96,230,292,376,1071,1,186,201,240,291,273
2018,2,A,골목상권,1000264,돌곶이로27길,1831,957,874,2,194,366,453,415,401,0,68,177,210,211,291,2,126,189,243,204,110
2018,2,A,골목상권,1000263,돌곶이로22길,3622,2203,1419,8,349,608,676,659,1322,1,114,360,370,348,1010,7,235,248,306,311,312
2018,2,A,골목상권,1000262,돌곶이로14길,1420,735,685,7,154,371,377,305,206,1,46,218,210,160,100,6,108,153,167,145,106
2018,2,A,골목상권,1000261,길음로7길,1434,523,911,8,158,209,342,391,326,3,44,88,128,115,145,5,114,121,214,276,181
2018,2,A,골목상권,1000260,중랑천로10길,4620,3064,1556,23,511,1004,1309,1267,506,14,251,627,888,930,354,9,260,377,421,337,152
2018,2,A,골목상권,1000259,용마산로94길,1911,1133,778,0,205,241,409,574,482,0,77,101,231,355,369,0,128,140,178,219,113
2018,2,A,골목상권,1000258,용마산로118길,2733,1294,1439,3,348,519,653,724,486,1,97,218,279,359,340,2,251,301,374,365,146
2018,2,A,골목상권,1000257,용마산로112길,1602,741,861,2,196,314,423,398,269,1,70,145,197,181,147,1,126,169,226,217,122
2018,2,A,골목상권,1000256,용마산로100길,1406,722,684,3,116,209,340,382,356,2,27,91,164,208,230,1,89,118,176,174,126
2018,2,A,골목상권,1000255,신내로7가길,3245,1722,1523,6,403,488,717,987,644,2,134,218,344,570,454,4,269,270,373,417,190
2018,2,A,골목상권,1000254,사가정로54길,1483,669,814,3,214,299,339,379,249,0,44,103,154,189,179,3,170,196,185,190,70
2018,2,A,골목상권,1000253,사가정로42길,1857,939,918,3,216,409,477,448,304,0,64,190,235,237,213,3,152,219,242,211,91
2018,2,A,골목상권,1000252,봉화산로56길,2774,1289,1485,2,287,512,681,816,476,1,80,255,318,377,258,1,207,257,363,439,218
2018,2,A,골목상권,1000251,봉화산로4길,1943,975,968,2,177,347,516,502,399,2,67,169,255,232,250,0,110,178,261,270,149
2018,2,A,골목상권,1000250,봉화산로30길,4299,2371,1928,18,541,736,1017,1262,725,13,211,366,524,718,539,5,330,370,493,544,186
2018,2,A,골목상권,1000249,봉우재로33길,4907,2808,2099,16,707,1114,1252,1088,730,4,311,697,642,601,553,12,396,417,610,487,177
2018,2,A,골목상권,1000248,면목로78길,4140,2250,1890,17,528,946,1150,918,581,5,234,606,575,431,399,12,294,340,575,487,182
2018,2,A,골목상권,1000247,면목로56길,1959,1032,927,2,177,320,473,590,397,1,66,153,249,302,261,1,111,167,224,288,136
2018,2,A,골목상권,1000246,면목로55길,1940,872,1068,2,299,465,475,423,276,1,77,199,231,197,167,1,222,266,244,226,109
2018,2,A,골목상권,1000245,면목로49길,2362,946,1416,4,413,601,579,479,286,1,94,243,265,194,149,3,319,358,314,285,137
2018,2,A,골목상권,1000244,면목로48길,1719,833,886,3,197,322,418,470,309,1,58,129,197,242,206,2,139,193,221,228,103
2018,2,A,골목상권,1000243,면목로45길,2323,933,1390,5,400,583,566,476,293,1,95,227,259,201,150,4,305,356,307,275,143
2018,2,A,골목상권,1000242,면목로33길,1910,1137,773,2,177,319,504,650,258,0,55,164,287,448,183,2,122,155,217,202,75
2018,2,A,골목상권,1000241,면목로21길,1514,977,537,1,114,204,374,557,264,0,31,97,238,419,192,1,83,107,136,138,72
2018,2,A,골목상권,1000240,망우로73길,1522,838,684,2,169,290,390,399,272,1,72,144,183,239,199,1,97,146,207,160,73
2018,2,A,골목상권,1000239,망우로68길,3574,1731,1843,9,395,601,792,969,808,2,122,248,362,490,507,7,273,353,430,479,301
2018,2,A,골목상권,1000238,동일로163길,2445,1506,939,3,329,621,632,625,235,1,157,379,393,437,139,2,172,242,239,188,96
2018,2,A,골목상권,1000237,동일로157길,3991,2414,1577,4,449,858,943,901,836,1,211,518,563,562,559,3,238,340,380,339,277
2018,2,A,골목상권,1000236,동일로149길,2820,1802,1018,0,313,619,630,600,658,0,173,391,396,389,453,0,140,228,234,211,205
2018,2,A,골목상권,1000235,동일로140길,3228,1644,1584,4,298,605,747,720,854,2,108,280,375,313,566,2,190,325,372,407,288
2018,2,A,골목상권,1000234,동일로139길,2420,1318,1102,2,187,379,517,517,818,2,69,198,279,228,542,0,118,181,238,289,276
2018,2,A,골목상권,1000233,동일로139가길,3739,2350,1389,5,400,777,851,840,866,3,212,482,545,519,589,2,188,295,306,321,277
2018,2,A,골목상권,1000232,동일로130길,2341,1142,1199,2,255,437,636,609,402,1,95,184,304,289,269,1,160,253,332,320,133
2018,2,A,골목상권,1000231,동일로123길,3046,1685,1361,3,305,532,790,817,599,2,115,261,435,454,418,1,190,271,355,363,181
2018,2,A,골목상권,1000230,동일로112길,6492,3634,2858,19,890,1448,1727,1495,913,7,367,852,927,831,650,12,523,596,800,664,263
2018,2,A,골목상권,1000229,동일로101길,1947,930,1017,3,203,366,538,542,295,2,67,167,251,251,192,1,136,199,287,291,103
2018,2,A,골목상권,1000228,동일로100길,4272,2337,1935,14,564,1051,1257,925,461,5,268,677,664,429,294,9,296,374,593,496,167
2018,2,A,골목상권,1000227,답십리로75길,1868,1223,645,2,152,297,486,636,295,0,52,159,296,480,236,2,100,138,190,156,59
2018,2,A,골목상권,1000226,공릉로2길,1769,886,883,4,210,382,448,442,283,1,55,194,235,234,167,3,155,188,213,208,116
2018,2,A,골목상권,1000225,공릉로12가길,1882,817,1065,2,177,340,470,530,363,0,74,147,177,220,199,2,103,193,293,310,164
2018,2,A,골목상권,1000224,겸재로54길,2545,1275,1270,7,233,389,612,765,539,3,76,177,314,371,334,4,157,212,298,394,205
2018,2,A,골목상권,1000223,겸재로36길,2377,1125,1252,5,344,505,566,566,391,2,89,218,276,287,253,3,255,287,290,279,138
2018,2,A,골목상권,1000222,겸재로29길,4122,2325,1797,16,520,978,1200,894,514,5,246,647,635,453,339,11,274,331,565,441,175
2018,2,A,골목상권,1000221,휘경로3길,1078,425,653,4,162,204,281,257,170,3,40,77,108,106,91,1,122,127,173,151,79
2018,2,A,골목상권,1000220,휘경로2길,757,312,445,3,132,143,174,177,128,2,35,70,75,72,58,1,97,73,99,105,70
2018,2,A,골목상권,1000219,휘경로23길,831,370,461,1,91,125,229,212,173,1,23,51,103,100,92,0,68,74,126,112,81
2018,2,A,골목상권,1000218,휘경로14길,1589,730,859,7,245,315,355,339,328,4,68,158,175,159,166,3,177,157,180,180,162
2018,2,A,골목상권,1000217,한천로46길,3490,1963,1527,4,398,867,931,828,462,3,226,451,518,455,310,1,172,416,413,373,152
2018,2,A,골목상권,1000216,한천로40길,2540,1509,1031,3,306,519,616,682,414,2,212,337,357,358,243,1,94,182,259,324,171
2018,2,A,골목상권,1000215,한천로33길,2110,953,1157,2,225,405,525,571,382,2,98,205,215,233,200,0,127,200,310,338,182
2018,2,A,골목상권,1000214,한천로14길,8346,5181,3165,15,1088,1862,1947,1916,1518,3,557,1199,1303,1177,942,12,531,663,644,739,576
2018,2,A,골목상권,1000213,천호대로97길,6423,4162,2261,19,790,1413,1451,1292,1458,7,404,930,899,808,1114,12,386,483,552,484,344
2018,2,A,골목상권,1000212,천호대로77길,13441,8465,4976,61,2259,3010,2642,2689,2780,14,1054,1975,1839,1731,1852,47,1205,1035,803,958,928
2018,2,A,골목상권,1000211,천호대로45길,5812,3649,2163,0,796,1464,1552,1426,574,0,462,925,944,934,384,0,334,539,608,492,190
2018,2,A,골목상권,1000210,천호대로17길,12675,8387,4288,37,1769,3192,2993,2944,1740,18,799,1966,2188,2149,1267,19,970,1226,805,795,473
2018,2,A,골목상권,1000209,천호대로12길,15131,9069,6062,71,1939,3707,4316,3154,1944,40,1017,2457,2576,1752,1227,31,922,1250,1740,1402,717
2018,2,A,골목상권,1000208,천장산로7길,6686,3154,3532,3,1018,1838,1828,1475,524,0,262,720,897,857,418,3,756,1118,931,618,106
2018,2,A,골목상권,1000207,제기로5길,881,468,413,4,71,155,270,228,153,2,22,103,146,112,83,2,49,52,124,116,70
2018,2,A,골목상권,1000206,제기로21길,3163,1780,1383,0,425,917,760,702,359,0,153,507,470,430,220,0,272,410,290,272,139
2018,2,A,골목상권,1000205,전농로4길,9905,6191,3714,17,1813,2456,2045,1914,1660,12,935,1624,1353,1133,1134,5,878,832,692,781,526
2018,2,A,골목상권,1000204,전농로3길,2142,1096,1046,5,250,412,576,480,419,5,96,210,299,225,261,0,154,202,277,255,158
2018,2,A,골목상권,1000203,전농로29길,5278,3251,2027,2,734,1409,1451,1158,524,0,426,828,939,713,345,2,308,581,512,445,179
2018,2,A,골목상권,1000202,장한로8길,8560,5516,3044,28,1162,1871,1999,1821,1679,7,553,1170,1300,1208,1278,21,609,701,699,613,401
2018,2,A,골목상권,1000201,장한로5길,12058,7551,4507,54,1768,2762,2594,2371,2509,11,882,1750,1734,1512,1662,43,886,1012,860,859,847
2018,2,A,골목상권,1000200,장한로27길,4947,2261,2686,15,691,974,1243,1253,771,9,235,470,568,556,423,6,456,504,675,697,348
2018,2,A,골목상권,1000199,장한로27가길,4264,1937,2327,13,599,840,1093,1110,609,8,205,400,498,497,329,5,394,440,595,613,280
2018,2,A,골목상권,1000198,장한로26길,2135,1077,1058,8,309,455,532,480,351,3,88,220,277,257,232,5,221,235,255,223,119
2018,2,A,골목상권,1000197,장한로26가길,3316,1759,1557,7,464,750,860,784,451,1,168,408,491,389,302,6,296,342,369,395,149
2018,2,A,골목상권,1000196,장한로25길,3682,1751,1931,15,550,773,910,858,576,7,177,377,447,417,326,8,373,396,463,441,250
2018,2,A,골목상권,1000195,장한로14길,5777,3757,2020,13,885,1381,1411,1330,757,2,434,892,952,876,601,11,451,489,459,454,156
2018,2,A,골목상권,1000194,이문로42길,990,401,589,2,129,171,263,241,184,2,30,67,100,101,101,0,99,104,163,140,83
2018,2,A,골목상권,1000193,왕산로43길,5807,3819,1988,18,1048,1479,1414,1157,691,10,626,1063,968,710,442,8,422,416,446,447,249
2018,2,A,골목상권,1000192,왕산로33길,3090,2056,1034,17,486,701,666,683,537,11,283,488,463,440,371,6,203,213,203,243,166
2018,2,A,골목상권,1000191,왕산로32길,6421,4005,2416,0,872,1583,1680,1578,708,0,496,1000,1028,1018,463,0,376,583,652,560,245
2018,2,A,골목상권,1000190,약령시로17길,3412,2142,1270,17,485,720,781,803,606,11,274,488,510,475,384,6,211,232,271,328,222
2018,2,A,골목상권,1000189,서울시립대로4길,4559,3083,1476,3,708,1055,1249,943,601,2,461,777,831,587,425,1,247,278,418,356,176
2018,2,A,골목상권,1000188,서울시립대로29길,1702,846,856,5,242,409,429,416,201,2,94,202,238,192,118,3,148,207,191,224,83
2018,2,A,골목상권,1000187,서울시립대로16길,3632,2389,1243,2,575,990,1028,706,331,0,375,695,702,424,193,2,200,295,326,282,138
2018,2,A,골목상권,1000186,사가정로2길,3860,2144,1716,7,428,803,1011,824,787,5,204,460,509,430,536,2,224,343,502,394,251
2018,2,A,골목상권,1000185,사가정로23가길,3117,1755,1362,4,370,714,775,739,515,3,221,394,425,392,320,1,149,320,350,347,195
2018,2,A,골목상권,1000184,사가정로13길,2759,1315,1444,2,299,705,733,698,322,0,89,242,377,390,217,2,210,463,356,308,105
2018,2,A,골목상권,1000183,무학로45길,4250,2454,1796,9,689,1103,1097,769,583,4,281,589,687,490,403,5,408,514,410,279,180
2018,2,A,골목상권,1000182,무학로16길,12958,8898,4060,44,1779,3215,3204,3117,1599,19,893,2130,2483,2269,1104,25,886,1085,721,848,495
2018,2,A,골목상권,1000181,망우로21길,2511,1145,1366,8,353,552,613,513,472,2,110,269,277,209,278,6,243,283,336,304,194
2018,2,A,골목상권,1000180,망우로18길,3031,1241,1790,8,600,743,673,617,390,2,161,334,282,214,248,6,439,409,391,403,142
2018,2,A,골목상권,1000179,망우로18가길,3095,1239,1856,8,614,769,691,633,380,2,163,336,282,211,245,6,451,433,409,422,135
2018,2,A,골목상권,1000178,답십리로72길,3092,1688,1404,5,404,646,802,768,467,1,137,346,460,400,344,4,267,300,342,368,123
2018,2,A,골목상권,1000177,답십리로69길,4094,2261,1833,5,567,851,996,1025,650,4,283,450,543,553,428,1,284,401,453,472,222
2018,2,A,골목상권,1000176,답십리로68길,3833,1994,1839,8,528,843,999,914,541,4,195,459,563,450,323,4,333,384,436,464,218
2018,2,A,골목상권,1000175,답십리로64길,4157,2206,1951,8,518,827,1031,1019,754,5,202,446,571,528,454,3,316,381,460,491,300
2018,2,A,골목상권,1000174,답십리로63길,2630,1226,1404,6,304,461,629,755,475,3,116,244,291,333,239,3,188,217,338,422,236
2018,2,A,골목상권,1000173,답십리로60길,3359,1924,1435,3,384,687,825,822,638,2,177,400,502,451,392,1,207,287,323,371,246
2018,2,A,골목상권,1000172,답십리로56길,3206,1698,1508,3,357,620,822,772,632,2,141,327,447,389,392,1,216,293,375,383,240
2018,2,A,골목상권,1000171,답십리로23길,2952,2076,876,0,492,795,842,569,254,0,345,608,603,372,148,0,147,187,239,197,106
2018,2,A,골목상권,1000170,난계로30길,15916,8172,7744,77,1757,3154,4038,3891,2999,46,777,1856,2004,1769,1720,31,980,1298,2034,2122,1279
2018,2,A,골목상권,1000169,경희대로4길,6578,2967,3611,9,1117,1873,1712,1341,526,0,311,785,823,677,371,9,806,1088,889,664,155
2018,2,A,골목상권,1000168,경희대로3길,7076,3327,3749,12,1281,2108,1786,1370,519,1,376,922,896,750,382,11,905,1186,890,620,137
2018,2,A,골목상권,1000167,천호대로129길,2933,1409,1524,24,414,681,753,646,415,5,156,309,378,307,254,19,258,372,375,339,161
2018,2,A,골목상권,1000166,천호대로123길,4232,2156,2076,18,516,968,1089,1009,632,5,186,470,532,523,440,13,330,498,557,486,192
2018,2,A,골목상권,1000165,천호대로109길,5217,3130,2087,19,716,1271,1408,1099,704,10,334,754,880,671,481,9,382,517,528,428,223
2018,2,A,골목상권,1000164,자양번영로3길,1972,1043,929,5,191,344,541,569,322,4,75,144,289,315,216,1,116,200,252,254,106
2018,2,A,골목상권,1000163,자양로53길,2146,1014,1132,3,221,382,601,578,361,1,75,183,278,267,210,2,146,199,323,311,151
2018,2,A,골목상권,1000162,자양로50길,2594,1197,1397,21,359,602,654,610,348,6,138,261,329,270,193,15,221,341,325,340,155
2018,2,A,골목상권,1000161,자양로45길,3515,1707,1808,21,445,751,908,869,521,2,163,360,443,417,322,19,282,391,465,452,199
2018,2,A,골목상권,1000160,자양로26길,16464,12369,4095,11,821,2456,4779,6602,1795,6,448,1777,3696,5138,1304,5,373,679,1083,1464,491
2018,2,A,골목상권,1000159,자양로15길,6423,4133,2290,20,800,1191,1760,1817,835,10,310,702,1241,1269,601,10,490,489,519,548,234
2018,2,A,골목상권,1000158,자양로11길,5958,3766,2192,15,664,1163,1650,1729,737,8,256,684,1168,1171,479,7,408,479,482,558,258
2018,2,A,골목상권,1000157,용마산로3길,4209,2280,1929,18,554,941,1060,957,679,8,228,502,540,515,487,10,326,439,520,442,192
2018,2,A,골목상권,1000156,용마산로21길,3130,1561,1569,5,310,625,776,917,497,2,85,299,374,486,315,3,225,326,402,431,182
2018,2,A,골목상권,1000155,아차산로78길,4627,2594,2033,14,699,1273,1104,935,602,6,231,669,704,565,419,8,468,604,400,370,183
2018,2,A,골목상권,1000154,아차산로65길,4610,2405,2205,12,621,902,991,988,1096,8,271,519,571,485,551,4,350,383,420,503,545
2018,2,A,골목상권,1000153,아차산로55길,8570,5008,3562,10,544,1549,2587,2893,987,7,277,937,1622,1592,573,3,267,612,965,1301,414
2018,2,A,골목상권,1000152,아차산로51길,16900,13324,3576,14,906,2516,4953,6726,1785,7,459,1694,4013,5694,1457,7,447,822,940,1032,328
2018,2,A,골목상권,1000151,아차산로40길,5109,2903,2206,8,723,1177,1275,1229,697,5,270,575,748,791,514,3,453,602,527,438,183
2018,2,A,골목상권,1000150,면목로17길,2158,1284,874,4,254,424,490,555,431,0,107,231,275,358,313,4,147,193,215,197,118
2018,2,A,골목상권,1000149,뚝섬로64길,6393,4438,1955,19,524,1236,1832,1957,825,9,316,819,1338,1362,594,10,208,417,494,595,231
2018,2,A,골목상권,1000148,뚝섬로58길,4088,2716,1372,4,253,677,1196,1403,555,2,139,423,879,923,350,2,114,254,317,480,205
2018,2,A,골목상권,1000147,뚝섬로54길,1273,600,673,0,92,249,336,322,274,0,32,109,147,147,165,0,60,140,189,175,109
2018,2,A,골목상권,1000146,뚝섬로48길,2207,1188,1019,4,282,398,545,571,407,2,99,187,309,328,263,2,183,211,236,243,144
2018,2,A,골목상권,1000145,뚝섬로24길,1847,1248,599,3,198,351,400,397,498,3,101,251,233,246,414,0,97,100,167,151,84
2018,2,A,골목상권,1000144,뚝섬로23길,3797,2204,1593,15,661,888,850,736,647,8,305,536,456,396,503,7,356,352,394,340,144
2018,2,A,골목상권,1000143,동일로24길,5726,3578,2148,20,925,1331,1465,1243,742,6,444,898,981,734,515,14,481,433,484,509,227
2018,2,A,골목상권,1000142,동일로18길,7899,4996,2903,35,1203,1864,2055,1762,980,23,589,1246,1368,1080,690,12,614,618,687,682,290
2018,2,A,골목상권,1000141,능동로4길,1499,855,644,8,161,269,307,314,440,4,57,130,147,157,360,4,104,139,160,157,80
2018,2,A,골목상권,1000140,능동로3길,1716,922,794,8,194,290,350,385,489,4,69,133,143,186,387,4,125,157,207,199,102
2018,2,A,골목상권,1000139,능동로34길,6533,3440,3093,28,916,1645,1653,1410,881,11,377,832,850,738,632,17,539,813,803,672,249
2018,2,A,골목상권,1000138,능동로19길,3392,1653,1739,12,679,872,857,673,299,4,280,397,427,339,206,8,399,475,430,334,93
2018,2,A,골목상권,1000137,능동로13길,6722,3336,3386,16,1472,1936,1535,1164,599,7,485,924,892,597,431,9,987,1012,643,567,168
2018,2,A,골목상권,1000136,긴고랑로9길,2786,1397,1389,7,332,564,708,748,427,2,110,296,340,402,247,5,222,268,368,346,180
2018,2,A,골목상권,1000135,긴고랑로8길,6324,3786,2538,22,988,1363,1247,1390,1314,10,516,957,724,640,939,12,472,406,523,750,375
2018,2,A,골목상권,1000134,긴고랑로7길,3583,2206,1377,13,386,698,737,799,950,5,141,382,398,493,787,8,245,316,339,306,163
2018,2,A,골목상권,1000133,긴고랑로20길,3154,1584,1570,5,376,699,809,810,455,1,142,358,402,408,273,4,234,341,407,402,182
2018,2,A,골목상권,1000132,광나루로52길,10878,6083,4795,16,940,1969,2969,3347,1637,10,465,1189,1822,1757,840,6,475,780,1147,1590,797
2018,2,A,골목상권,1000131,광나루로40길,2479,1494,985,1,250,452,598,711,467,0,89,248,367,463,327,1,161,204,231,248,140
2018,2,A,골목상권,1000130,광나루로37길,3178,1732,1446,5,355,672,780,854,512,2,127,302,421,518,362,3,228,370,359,336,150
2018,2,A,골목상권,1000129,광나루로36길,4547,2755,1792,6,533,1155,1106,1123,624,3,236,685,669,730,432,3,297,470,437,393,192
2018,2,A,골목상권,1000128,광나루로24길,3067,1465,1602,9,623,823,775,594,243,4,244,353,376,314,174,5,379,470,399,280,69
2018,2,A,골목상권,1000127,광나루로12길,2562,1398,1164,9,402,582,605,567,397,7,197,344,340,243,267,2,205,238,265,324,130
2018,2,A,골목상권,1000126,한림말길,1715,761,954,5,343,399,405,345,218,0,112,151,174,181,143,5,231,248,231,164,75
2018,2,A,골목상권,1000125,한림말3길,1436,624,812,4,218,308,386,327,193,2,76,120,156,143,127,2,142,188,230,184,66
2018,2,A,골목상권,1000124,청계천로10나길,12220,8079,4141,23,1309,2643,3036,3389,1820,17,713,1759,2179,2228,1183,6,596,884,857,1161,637
2018,2,A,골목상권,1000123,장터길,1393,550,843,6,228,318,312,312,217,2,71,124,130,110,113,4,157,194,182,202,104
2018,2,A,골목상권,1000122,용답중앙길,3295,1893,1402,7,408,726,812,667,675,5,220,435,406,338,489,2,188,291,406,329,186
2018,2,A,골목상권,1000121,용답29길,10825,6801,4024,25,2006,2719,2413,2003,1659,19,1055,1792,1588,1182,1165,6,951,927,825,821,494
2018,2,A,골목상권,1000120,왕십리로6길,16842,9782,7060,35,2708,4402,4280,3540,1877,22,1523,2950,2347,1645,1295,13,1185,1452,1933,1895,582
2018,2,A,골목상권,1000119,왕십리로31길,4246,2287,1959,10,768,965,979,883,641,5,228,550,646,526,332,5,540,415,333,357,309
2018,2,A,골목상권,1000118,왕십리로26길,11028,6060,4968,27,1662,2454,2695,2655,1535,15,572,1321,1633,1658,861,12,1090,1133,1062,997,674
2018,2,A,골목상권,1000117,왕십리로21길,3584,1947,1637,12,418,781,932,947,494,6,139,355,511,570,366,6,279,426,421,377,128
2018,2,A,골목상권,1000116,왕십리로14길,17720,10481,7239,30,2703,4419,4480,3862,2226,16,1501,2987,2541,1879,1557,14,1202,1432,1939,1983,669
2018,2,A,골목상권,1000115,아차산로5길,25791,14764,11027,60,4195,6920,6687,5024,2905,32,2147,4319,3761,2558,1947,28,2048,2601,2926,2466,958
2018,2,A,골목상권,1000114,아차산로15길,23053,14949,8104,89,3961,6103,5862,4611,2427,59,2031,4124,3995,2883,1857,30,1930,1979,1867,1728,570
2018,2,A,골목상권,1000113,아차산로11길,23838,15471,8367,85,4069,6311,6122,4635,2616,53,2062,4175,4150,3033,1998,32,2007,2136,1972,1602,618
2018,2,A,골목상권,1000112,송정4가길,11738,7450,4288,51,1881,3090,3009,2406,1301,38,925,1955,1979,1520,1033,13,956,1135,1030,886,268
2018,2,A,골목상권,1000111,송정12라길,2163,1164,999,1,372,542,500,426,322,1,179,311,255,206,212,0,193,231,245,220,110
2018,2,A,골목상권,1000110,성수일로6길,33332,19377,13955,77,5966,9108,8261,6272,3648,37,3041,5836,4831,3219,2413,40,2925,3272,3430,3053,1235
2018,2,A,골목상권,1000109,성수이로7길,49655,23085,26570,242,7980,12219,14195,12682,2337,155,4701,8598,5732,2422,1477,87,3279,3621,8463,10260,860
2018,2,A,골목상권,1000108,성수이로18길,18302,11970,6332,59,3059,4786,4552,3677,2169,37,1554,3306,3135,2364,1574,22,1505,1480,1417,1313,595
2018,2,A,골목상권,1000107,성덕정길,36587,15163,21424,110,5152,8509,11191,10675,950,77,3320,6181,3750,1256,579,33,1832,2328,7441,9419,371
2018,2,A,골목상권,1000106,성덕정17길,8513,5446,3067,120,1527,2234,2093,1585,954,62,704,1420,1414,1120,726,58,823,814,679,465,228
2018,2,A,골목상권,1000105,서울숲2길,4850,3184,1666,17,710,1192,1210,998,723,11,327,747,782,713,604,6,383,445,428,285,119
2018,2,A,골목상권,1000104,상원길,19094,11081,8013,39,3035,5055,4916,3993,2056,26,1689,3383,2790,1893,1300,13,1346,1672,2126,2100,756
2018,2,A,골목상권,1000103,상원12길,8451,5478,2973,17,1115,2031,2156,1919,1213,12,508,1332,1445,1259,922,5,607,699,711,660,291
2018,2,A,골목상권,1000102,사근동길,6837,3426,3411,3,1329,1534,1960,1462,549,3,353,745,999,893,433,0,976,789,961,569,116
2018,2,A,골목상권,1000101,무학봉길,967,387,580,2,115,234,239,217,160,2,26,79,104,92,84,0,89,155,135,125,76
2018,2,A,골목상권,1000100,무학봉28길,4790,2380,2410,15,976,1050,1088,937,724,7,261,569,673,514,356,8,715,481,415,423,368
2018,2,A,골목상권,1000099,무학로6길,10605,5919,4686,26,1627,2350,2589,2564,1449,15,569,1302,1592,1624,817,11,1058,1048,997,940,632
2018,2,A,골목상권,1000098,무수막길,1094,435,659,3,150,260,278,261,142,0,42,104,94,108,87,3,108,156,184,153,55
2018,2,A,골목상권,1000097,매봉길,2086,930,1156,9,329,513,515,464,256,2,109,219,229,209,162,7,220,294,286,255,94
2018,2,A,골목상권,1000096,마조로1길,8449,4471,3978,10,1645,1848,2312,1874,760,5,473,949,1261,1193,590,5,1172,899,1051,681,170
2018,2,A,골목상권,1000095,마조로16길,3657,2280,1377,5,364,770,959,1027,532,3,200,491,583,606,397,2,164,279,376,421,135
2018,2,A,골목상권,1000094,마장로39길,3118,2081,1037,5,318,625,796,890,484,3,182,431,523,568,374,2,136,194,273,322,110
2018,2,A,골목상권,1000093,마장로27길,10947,6638,4309,22,1321,2655,2843,2687,1419,16,637,1609,1794,1716,866,6,684,1046,1049,971,553
2018,2,A,골목상권,1000092,뚝섬로5길,45575,19952,25623,137,6736,11035,13589,12487,1591,97,4248,7844,4926,1862,975,40,2488,3191,8663,10625,616
2018,2,A,골목상권,1000091,둘레9길,38192,15964,22228,122,5595,8998,11680,10810,987,86,3491,6437,4062,1307,581,36,2104,2561,7618,9503,406
2018,2,A,골목상권,1000090,금호산길,1286,575,711,3,192,275,324,307,185,0,53,127,123,154,118,3,139,148,201,153,67
2018,2,A,골목상권,1000089,금호산2길,1127,540,587,0,140,235,278,278,196,0,46,116,147,121,110,0,94,119,131,157,86
2018,2,A,골목상권,1000088,고산자로6길,18732,7954,10778,21,2660,3885,5342,5481,1343,10,996,2143,2197,1616,992,11,1664,1742,3145,3865,351
2018,2,A,골목상권,1000087,후암로28길,6395,4040,2355,15,878,1678,1791,1442,591,1,449,1154,1294,790,352,14,429,524,497,652,239
2018,2,A,골목상권,1000086,효창원로39길,1380,704,676,2,143,340,406,306,183,1,47,173,230,148,105,1,96,167,176,158,78
2018,2,A,골목상권,1000085,회나무로13길,5214,3342,1872,20,1192,1633,1273,768,328,4,605,1083,915,507,228,16,587,550,358,261,100
2018,2,A,골목상권,1000084,한남대로20길,6791,3477,3314,23,1626,1985,1471,992,694,14,512,1030,825,588,508,9,1114,955,646,404,186
2018,2,A,골목상권,1000083,한강대로88길,18633,9353,9280,371,4866,5778,4437,2464,717,144,2109,3188,2347,1083,482,227,2757,2590,2090,1381,235
2018,2,A,골목상권,1000082,한강대로7길,11827,6294,5533,44,4918,2588,1825,1260,1192,14,1880,1351,1402,865,782,30,3038,1237,423,395,410
2018,2,A,골목상권,1000081,한강대로62길,16014,10466,5548,17,1888,4101,4912,3721,1375,5,871,2521,3590,2580,899,12,1017,1580,1322,1141,476
2018,2,A,골목상권,1000080,한강대로52길,16379,10697,5682,18,1945,4175,5011,3798,1432,5,888,2570,3652,2640,942,13,1057,1605,1359,1158,490
2018,2,A,골목상권,1000079,한강대로43길,28361,17764,10597,90,8001,9135,6420,3234,1481,37,3552,5967,4909,2314,985,53,4449,3168,1511,920,496
2018,2,A,골목상권,1000078,한강대로15길,13905,7372,6533,46,5237,3067,2301,1750,1504,15,2012,1583,1621,1089,1052,31,3225,1484,680,661,452
2018,2,A,골목상권,1000077,한강대로104길,45435,27496,17939,158,10681,14091,11510,6135,2860,23,2654,9084,8729,4860,2146,135,8027,5007,2781,1275,714
2018,2,A,골목상권,1000076,청파로73길,7404,4526,2878,23,939,1782,1495,1527,1638,11,405,1021,962,839,1288,12,534,761,533,688,350
2018,2,A,골목상권,1000075,청파로71길,8771,4669,4102,19,1444,2243,1986,1706,1373,12,458,1032,1133,964,1070,7,986,1211,853,742,303
2018,2,A,골목상권,1000074,청파로47나길,8895,4655,4240,21,1525,2237,2003,1725,1384,13,487,1039,1165,916,1035,8,1038,1198,838,809,349
2018,2,A,골목상권,1000073,청파로47길,18020,8136,9884,361,4680,5304,4276,2625,774,144,1843,2575,2007,1062,505,217,2837,2729,2269,1563,269
2018,2,A,골목상권,1000072,장문로45길,967,507,460,0,104,176,222,261,204,0,32,71,113,153,138,0,72,105,109,108,66
2018,2,A,골목상권,1000071,이태원로54길,13866,7187,6679,57,3453,5384,2905,1310,757,24,1311,2999,1754,617,482,33,2142,2385,1151,693,275
2018,2,A,골목상권,1000070,이태원로27길,6909,3636,3273,40,1927,2074,1266,1030,572,13,823,1116,666,653,365,27,1104,958,600,377,207
2018,2,A,골목상권,1000069,이촌로22길,8331,4597,3734,31,4281,1753,1280,671,315,9,1776,1043,1050,560,159,22,2505,710,230,111,156
2018,2,A,골목상권,1000068,원효로89길,24009,10247,13762,379,6498,7867,5537,2808,920,145,2623,3603,2299,1046,531,234,3875,4264,3238,1762,389
2018,2,A,골목상권,1000067,원효로53길,7424,4982,2442,45,962,2333,2142,1166,776,28,563,1662,1477,766,486,17,399,671,665,400,290
2018,2,A,골목상권,1000066,원효로41길,15772,10096,5676,94,5410,4239,3440,1858,731,56,2451,2901,2678,1507,503,38,2959,1338,762,351,228
2018,2,A,골목상권,1000065,원효로19길,18748,12036,6712,99,5688,4836,3985,2335,1805,58,2587,3309,3077,1820,1185,41,3101,1527,908,515,620
2018,2,A,골목상권,1000064,우사단로4길,4054,2284,1770,8,575,1382,1044,604,441,3,215,738,662,392,274,5,360,644,382,212,167
2018,2,A,골목상권,1000063,우사단로14길,5950,2862,3088,29,1322,1897,1391,874,437,10,518,1011,738,369,216,19,804,886,653,505,221
2018,2,A,골목상권,1000062,우사단로10길,7643,3687,3956,34,1850,2384,1683,981,711,15,559,1159,940,552,462,19,1291,1225,743,429,249
2018,2,A,골목상권,1000061,신흥로20길,5267,3285,1982,15,770,1403,1412,1199,468,2,402,975,1016,637,253,13,368,428,396,562,215
2018,2,A,골목상권,1000060,소월로20길,4354,2873,1481,15,739,1326,1263,719,292,2,401,928,926,457,159,13,338,398,337,262,133
2018,2,A,골목상권,1000059,서빙고로71길,3102,2052,1050,14,463,860,875,470,420,8,251,523,592,338,340,6,212,337,283,132,80
2018,2,A,골목상권,1000058,백범로90길,21113,11374,9739,94,4421,6843,5232,2955,1568,44,1937,3706,2975,1745,967,50,2484,3137,2257,1210,601
2018,2,A,골목상권,1000057,백범로79길,5822,3535,2287,11,698,1526,1527,1249,811,7,315,971,1002,764,476,4,383,555,525,485,335
2018,2,A,골목상권,1000056,두텁바위로1길,22686,11780,10906,377,5167,6502,5560,3576,1504,147,2247,3650,3146,1661,929,230,2920,2852,2414,1915,575
2018,2,A,골목상권,1000055,대사관로34길,5494,2894,2600,20,1246,1485,1166,881,696,11,409,809,656,520,489,9,837,676,510,361,207
2018,2,A,골목상권,1000054,녹사평대로46길,3795,2584,1211,13,775,1262,962,535,248,1,437,903,717,344,182,12,338,359,245,191,66
2018,2,A,골목상권,1000053,녹사평대로40나길,5937,3696,2241,14,1143,1811,1414,1060,495,1,587,1125,909,737,337,13,556,686,505,323,158
2018,2,A,골목상권,1000052,녹사평대로32길,4251,2328,1923,10,868,1115,902,868,488,2,419,578,442,567,320,8,449,537,460,301,168
2018,2,A,골목상권,1000051,녹사평대로26길,4566,2479,2087,13,833,1181,1058,952,529,5,359,587,538,630,360,8,474,594,520,322,169
2018,2,A,골목상권,1000050,녹사평대로11길,2681,1771,910,11,414,713,730,419,394,8,234,424,478,302,325,3,180,289,252,117,69
2018,2,A,골목상권,1000049,퇴계로90길,4827,2721,2106,12,759,1257,1115,1025,659,5,345,688,692,594,397,7,414,569,423,431,262
2018,2,A,골목상권,1000048,퇴계로8길,68559,43394,25165,207,10467,24221,20297,10758,2609,65,4515,14507,14070,8336,1901,142,5952,9714,6227,2422,708
2018,2,A,골목상권,1000047,퇴계로56길,43522,21590,21932,537,11694,12445,9321,6686,2839,213,5109,7253,5510,2414,1091,324,6585,5192,3811,4272,1748
2018,2,A,골목상권,1000046,퇴계로46길,43644,22045,21599,547,10933,12045,9723,7443,2953,219,5026,6966,5630,2910,1294,328,5907,5079,4093,4533,1659
2018,2,A,골목상권,1000045,퇴계로18길,28227,13126,15101,80,4199,9663,8276,4791,1218,14,1217,4136,3872,3165,722,66,2982,5527,4404,1626,496
2018,2,A,골목상권,1000044,퇴계로12길,31400,15068,16332,129,5528,10477,8863,5265,1138,55,1862,4754,4413,3305,679,74,3666,5723,4450,1960,459
2018,2,A,골목상권,1000043,청구로1길,2590,1150,1440,6,463,671,617,557,276,3,130,284,303,283,147,3,333,387,314,274,129
2018,2,A,골목상권,1000042,청구로17길,13120,6274,6846,54,3963,3851,2557,1773,922,18,1408,1883,1479,928,558,36,2555,1968,1078,845,364
2018,2,A,골목상권,1000041,장충단로8길,11707,5985,5722,33,2685,3481,2614,1762,1132,5,790,1761,1607,1097,725,28,1895,1720,1007,665,407
2018,2,A,골목상권,1000040,삼일대로4길,84234,46155,38079,171,12917,28591,24344,14029,4182,48,5062,15029,14066,9157,2793,123,7855,13562,10278,4872,1389
2018,2,A,골목상권,1000039,명동길,129323,71238,58085,395,21183,44457,37131,20574,5583,94,7528,22394,22739,14617,3866,301,13655,22063,14392,5957,1717
2018,2,A,골목상권,1000038,동호로8길,7420,3516,3904,36,1911,1896,1533,1219,825,14,698,962,830,531,481,22,1213,934,703,688,344
2018,2,A,골목상권,1000037,동호로20길,16936,8229,8707,66,4911,4874,3376,2317,1392,19,1612,2402,2049,1318,829,47,3299,2472,1327,999,563
2018,2,A,골목상권,1000036,동호로15길,14136,6774,7362,56,4102,4052,2824,1989,1113,16,1464,1960,1602,1056,676,40,2638,2092,1222,933,437
2018,2,A,골목상권,1000035,동호로11길,4113,1878,2235,17,737,1069,1038,767,485,5,254,505,493,343,278,12,483,564,545,424,207
2018,2,A,골목상권,1000034,동호로10길,12439,6031,6408,40,3671,3646,2460,1707,915,16,1285,1808,1438,927,557,24,2386,1838,1022,780,358
2018,2,A,골목상권,1000033,다산로39길,8779,4687,4092,23,2029,2377,1868,1608,874,11,859,1360,1035,903,519,12,1170,1017,833,705,355
2018,2,A,골목상권,1000032,다산로38길,7221,3691,3530,19,1659,1745,1567,1453,778,10,651,904,850,799,477,9,1008,841,717,654,301
2018,2,A,골목상권,1000031,다산로36길,3116,1450,1666,10,731,848,712,545,270,5,238,400,359,278,170,5,493,448,353,267,100
2018,2,A,골목상권,1000030,다산로33길,10247,5356,4891,27,2149,2800,2244,1894,1133,9,826,1535,1278,1066,642,18,1323,1265,966,828,491
2018,2,A,골목상권,1000029,난계로21길,3323,1967,1356,5,560,856,793,667,442,1,258,528,507,402,271,4,302,328,286,265,171
2018,2,A,골목상권,1000028,난계로11길,4927,2997,1930,10,721,1248,1183,1114,651,5,338,752,785,703,414,5,383,496,398,411,237
2018,2,A,골목상권,1000027,필운대로1길,4396,2109,2287,15,561,913,980,973,954,10,253,447,502,412,485,5,308,466,478,561,469
2018,2,A,골목상권,1000026,평창길,812,363,449,1,121,152,164,196,178,1,35,72,96,70,89,0,86,80,68,126,89
2018,2,A,골목상권,1000025,통일로12길,1236,625,611,4,144,341,294,300,153,0,53,171,140,144,117,4,91,170,154,156,36
2018,2,A,골목상권,1000024,창신길,1921,867,1054,0,233,416,457,509,306,0,77,180,229,223,158,0,156,236,228,286,148
2018,2,A,골목상권,1000023,창신5길,3331,1551,1780,3,455,792,802,732,547,1,145,358,402,333,312,2,310,434,400,399,235
2018,2,A,골목상권,1000022,창신2길,5751,3450,2301,9,747,1432,1534,1254,775,3,394,903,928,725,497,6,353,529,606,529,278
2018,2,A,골목상권,1000021,창경궁로35길,3045,1228,1817,4,518,823,903,524,273,0,120,308,347,249,204,4,398,515,556,275,69
2018,2,A,골목상권,1000020,지봉로8길,3125,1325,1800,10,430,755,842,646,442,5,127,294,308,309,282,5,303,461,534,337,160
2018,2,A,골목상권,1000019,종로65길,9227,4586,4641,33,966,1554,1802,2168,2704,10,322,766,868,986,1634,23,644,788,934,1182,1070
2018,2,A,골목상권,1000018,종로58가길,6966,3724,3242,13,1404,2186,1704,1040,619,6,746,1138,894,542,398,7,658,1048,810,498,221
2018,2,A,골목상권,1000017,종로24길,11993,7008,4985,37,1382,2534,2794,2876,2370,15,569,1430,1702,1694,1598,22,813,1104,1092,1182,772
2018,2,A,골목상권,1000016,자하문로7길,6622,4140,2482,7,1344,2222,1591,1015,443,1,781,1440,1021,626,271,6,563,782,570,389,172
2018,2,A,골목상권,1000015,이화장길,9945,6208,3737,32,1638,3190,2698,1704,683,12,700,1871,1944,1200,481,20,938,1319,754,504,202
2018,2,A,골목상권,1000014,율곡로16길,17515,12094,5421,44,2378,5902,5214,2805,1172,15,996,3893,4127,2202,861,29,1382,2009,1087,603,311
2018,2,A,골목상권,1000013,율곡로10길,21762,10076,11686,35,4520,7462,5264,3175,1306,6,1273,3133,2908,1802,954,29,3247,4329,2356,1373,352
2018,2,A,골목상권,1000012,옥인길,1538,763,775,0,227,415,412,311,173,0,87,198,209,165,104,0,140,217,203,146,69
2018,2,A,골목상권,1000011,숭인동길,8362,4336,4026,26,868,1326,1511,1969,2662,6,290,708,854,894,1584,20,578,618,657,1075,1078
2018,2,A,골목상권,1000010,성균관로5길,20714,9412,11302,37,4086,7021,5094,3286,1190,10,1086,2688,2692,2022,914,27,3000,4333,2402,1264,276
2018,2,A,골목상권,1000009,삼청로5길,4899,3294,1605,5,820,1544,1332,963,235,1,500,1060,943,662,128,4,320,484,389,301,107
2018,2,A,골목상권,1000008,북촌로5나길,5532,3682,1850,8,867,1701,1486,1082,388,4,521,1138,1035,738,246,4,346,563,451,344,142
2018,2,A,골목상권,1000007,북촌로5길,18646,13467,5179,16,2745,6583,5330,3042,930,11,1530,4785,4133,2343,665,5,1215,1798,1197,699,265
2018,2,A,골목상권,1000006,북촌로11길,17681,12320,5361,22,2477,6154,5011,2925,1092,18,1189,4276,3826,2218,793,4,1288,1878,1185,707,299
2018,2,A,골목상권,1000005,백석동길,1762,1016,746,3,353,536,432,282,156,2,118,297,304,184,111,1,235,239,128,98,45
2018,2,A,골목상권,1000004,명륜길,18294,8085,10209,19,3823,6370,4405,2805,872,2,988,2399,2330,1675,691,17,2835,3971,2075,1130,181
2018,2,A,골목상권,1000003,돈화문로11가길,54090,32215,21875,106,9555,18642,13946,8364,3477,43,3441,10645,9743,5938,2405,63,6114,7997,4203,2426,1072
2018,2,A,골목상권,1000002,난계로27길,9382,5035,4347,68,1120,1497,1745,2315,2637,42,480,850,1007,1148,1508,26,640,647,738,1167,1129
2018,2,A,골목상권,1000001,계동길,31172,17818,13354,34,5352,11175,8318,4861,1432,14,1846,6053,5501,3334,1070,20,3506,5122,2817,1527,362
2018,1,A,골목상권,1001010,풍성로37가길,3611,1976,1635,19,435,734,899,958,566,6,192,405,481,500,392,13,243,329,418,458,174
2018,1,A,골목상권,1001009,천호옛길,3520,1662,1858,21,541,802,855,801,500,5,223,387,395,347,305,16,318,415,460,454,195
2018,1,A,골목상권,1001008,천호옛14길,4894,2483,2411,34,738,1250,1225,960,687,7,294,703,653,431,395,27,444,547,572,529,292
2018,1,A,골목상권,1001007,천호대로219길,1680,1099,581,8,186,386,466,486,148,2,108,267,311,305,106,6,78,119,155,181,42
2018,1,A,골목상권,1001006,천호대로197길,1789,854,935,4,204,395,462,463,261,1,90,194,204,199,166,3,114,201,258,264,95
2018,1,A,골목상권,1001005,천호대로187길,6531,3352,3179,16,1020,1608,1510,1437,940,7,425,866,829,633,592,9,595,742,681,804,348
2018,1,A,골목상권,1001004,천호대로170길,7386,4200,3186,19,1054,1572,1535,1443,1763,8,383,902,900,786,1221,11,671,670,635,657,542
2018,1,A,골목상권,1001003,천호대로162길,3592,1849,1743,27,539,857,869,777,523,7,246,530,469,331,266,20,293,327,400,446,257
2018,1,A,골목상권,1001002,천중로51길,4085,2240,1845,8,496,800,1022,1077,682,4,175,469,586,602,404,4,321,331,436,475,278
2018,1,A,골목상권,1001001,천중로39길,5034,2614,2420,13,596,948,1162,1204,1111,5,215,516,602,590,686,8,381,432,560,614,425
2018,1,A,골목상권,1001000,진황도로47길,6880,3576,3304,16,1068,1734,1649,1448,965,7,438,938,939,652,602,9,630,796,710,796,363
2018,1,A,골목상권,1000999,진황도로27길,6594,3427,3167,19,996,1397,1397,1205,1580,6,273,641,728,619,1160,13,723,756,669,586,420
2018,1,A,골목상권,1000998,올림픽로98길,2906,1361,1545,9,263,523,672,638,801,4,87,253,332,260,425,5,176,270,340,378,376
2018,1,A,골목상권,1000997,올림픽로80길,2800,1401,1399,11,377,501,630,619,662,3,131,267,286,280,434,8,246,234,344,339,228
2018,1,A,골목상권,1000996,올림픽로78길,3827,1929,1898,10,679,859,848,636,795,3,282,440,409,280,515,7,397,419,439,356,280
2018,1,A,골목상권,1000995,올림픽로77길,5042,2672,2370,15,826,1186,1171,902,942,4,324,634,642,443,625,11,502,552,529,459,317
2018,1,A,골목상권,1000994,올림픽로71길,4515,2366,2149,14,736,1085,1033,789,858,3,291,569,557,383,563,11,445,516,476,406,295
2018,1,A,골목상권,1000993,올림픽로48길,14090,8614,5476,84,1861,3639,3606,3084,1816,34,842,2150,2152,2074,1362,50,1019,1489,1454,1010,454
2018,1,A,골목상권,1000992,양재대로96길,4087,2380,1707,10,495,922,964,1041,655,5,271,560,525,567,452,5,224,362,439,474,203
2018,1,A,골목상권,1000991,양재대로95길,5726,3405,2321,14,662,1194,1285,1470,1101,6,346,764,746,842,701,8,316,430,539,628,400
2018,1,A,골목상권,1000990,양재대로91길,4843,2742,2101,10,527,959,1153,1266,928,4,227,539,642,726,604,6,300,420,511,540,324
2018,1,A,골목상권,1000989,양재대로133길,3688,1561,2127,8,444,667,835,919,815,4,131,291,359,367,409,4,313,376,476,552,406
2018,1,A,골목상권,1000988,양재대로124길,3909,2160,1749,8,423,782,933,931,832,2,175,428,511,499,545,6,248,354,422,432,287
2018,1,A,골목상권,1000987,양재대로116길,2513,1410,1103,3,283,547,658,580,442,1,116,287,349,332,325,2,167,260,309,248,117
2018,1,A,골목상권,1000986,양재대로101길,8262,4415,3847,21,1469,1946,1778,1422,1626,10,502,965,1032,733,1173,11,967,981,746,689,453
2018,1,A,골목상권,1000985,암사길,1499,818,681,9,142,328,355,392,273,3,58,151,184,244,178,6,84,177,171,148,95
2018,1,A,골목상권,1000984,성안로3길,14197,8347,5850,83,1874,3612,3676,3033,1919,34,803,1964,2094,1994,1458,49,1071,1648,1582,1039,461
2018,1,A,골목상권,1000983,성내로5길,10667,6355,4312,72,1333,2726,2755,2464,1317,32,614,1597,1567,1591,954,40,719,1129,1188,873,363
2018,1,A,골목상권,1000982,상일로5길,4873,3758,1115,9,1099,2051,915,618,181,3,848,1747,611,415,134,6,251,304,304,203,47
2018,1,A,골목상권,1000981,상암로5길,4533,1969,2564,8,420,757,1045,1210,1093,4,132,324,431,439,639,4,288,433,614,771,454
2018,1,A,골목상권,1000980,상암로51길,4145,2052,2093,8,467,779,1054,1109,728,4,158,413,577,514,386,4,309,366,477,595,342
2018,1,A,골목상권,1000979,상암로4길,3891,1992,1899,11,445,722,977,816,920,7,186,384,524,376,515,4,259,338,453,440,405
2018,1,A,골목상권,1000978,상암로14길,3446,1785,1661,9,397,670,867,713,790,5,168,360,485,318,449,4,229,310,382,395,341
2018,1,A,골목상권,1000977,명일로13길,3926,2061,1865,7,699,1033,859,803,525,1,284,543,461,423,349,6,415,490,398,380,176
2018,1,A,골목상권,1000976,동남로85길,838,344,494,1,80,163,200,241,153,0,24,61,76,100,83,1,56,102,124,141,70
2018,1,A,골목상권,1000975,동남로82길,624,229,395,1,47,127,145,220,84,1,13,40,53,84,38,0,34,87,92,136,46
2018,1,A,골목상권,1000974,동남로65길,2603,876,1727,2,557,817,576,459,192,0,97,253,201,202,123,2,460,564,375,257,69
2018,1,A,골목상권,1000973,구천면로42길,2507,1104,1403,10,267,516,637,639,438,8,81,240,267,284,224,2,186,276,370,355,214
2018,1,A,골목상권,1000972,구천면로41길,2366,1097,1269,11,250,505,664,606,330,9,76,223,323,272,194,2,174,282,341,334,136
2018,1,A,골목상권,1000971,구천면로36길,2036,1031,1005,7,222,424,502,523,358,2,75,180,227,273,274,5,147,244,275,250,84
2018,1,A,골목상권,1000970,고덕로61길,652,260,392,1,74,104,157,166,150,0,23,40,57,61,79,1,51,64,100,105,71
2018,1,A,골목상권,1000969,고덕로25길,1851,644,1207,5,208,347,426,638,227,3,66,129,118,190,138,2,142,218,308,448,89
2018,1,A,골목상권,1000968,고덕로10길,4244,1795,2449,6,410,688,946,1147,1047,4,130,298,367,396,600,2,280,390,579,751,447
2018,1,A,골목상권,1000967,강동대로53길,7832,4723,3109,16,1127,2229,2029,1595,836,5,512,1303,1254,1035,614,11,615,926,775,560,222
2018,1,A,골목상권,1000966,풍성로25길,3926,1888,2038,21,602,906,959,862,576,3,210,439,466,404,366,18,392,467,493,458,210
2018,1,A,골목상권,1000965,오금로46길,2589,1270,1319,11,333,604,636,652,353,6,121,311,316,289,227,5,212,293,320,363,126
2018,1,A,골목상권,1000964,오금로36길,10066,6430,3636,38,1652,2774,2464,2013,1125,12,854,1888,1628,1261,787,26,798,886,836,752,338
2018,1,A,골목상권,1000963,오금로11길,21992,13284,8708,102,3395,5765,5304,4539,2887,67,1933,3960,3270,2224,1830,35,1462,1805,2034,2315,1057
2018,1,A,골목상권,1000962,양재대로72길,11216,7107,4109,39,1306,2266,2567,2116,2922,15,584,1380,1679,1346,2103,24,722,886,888,770,819
2018,1,A,골목상권,1000961,양재대로71길,8366,5432,2934,39,1276,2117,2066,1528,1340,18,591,1335,1384,1012,1092,21,685,782,682,516,248
2018,1,A,골목상권,1000960,양재대로64길,15499,9290,6209,34,1799,3195,2983,2451,5037,9,803,1878,1891,1433,3276,25,996,1317,1092,1018,1761
2018,1,A,골목상권,1000959,양재대로62길,27670,16734,10936,119,3771,5611,5785,5536,6848,46,1667,3603,3784,3148,4486,73,2104,2008,2001,2388,2362
2018,1,A,골목상권,1000958,송파대로30길,36794,22708,14086,147,4993,8216,8367,7363,7708,64,2272,5199,5571,4463,5139,83,2721,3017,2796,2900,2569
2018,1,A,골목상권,1000957,송이로36길,8154,5112,3042,51,1517,2124,2093,1477,892,25,756,1356,1369,930,676,26,761,768,724,547,216
2018,1,A,골목상권,1000956,송이로32길,9926,6159,3767,52,1486,1859,2352,2220,1957,31,688,1171,1500,1404,1365,21,798,688,852,816,592
2018,1,A,골목상권,1000955,송이로23길,9191,5170,4021,50,1601,2647,2329,1599,965,17,657,1462,1396,938,700,33,944,1185,933,661,265
2018,1,A,골목상권,1000954,삼전로13길,7881,4667,3214,42,1128,1743,1968,1814,1186,16,469,1023,1176,1110,873,26,659,720,792,704,313
2018,1,A,골목상권,1000953,백제고분로50길,17370,9917,7453,84,2805,4654,4080,3722,2025,46,1520,3084,2283,1756,1228,38,1285,1570,1797,1966,797
2018,1,A,골목상권,1000952,백제고분로46길,6329,3996,2333,19,812,1517,1603,1446,932,10,430,1040,1030,818,668,9,382,477,573,628,264
2018,1,A,골목상권,1000951,백제고분로45길,10256,6538,3718,27,1461,2529,2508,2295,1436,17,737,1697,1649,1422,1016,10,724,832,859,873,420
2018,1,A,골목상권,1000950,백제고분로42길,7904,4421,3483,18,972,1626,1868,1865,1555,9,425,900,1069,1015,1003,9,547,726,799,850,552
2018,1,A,골목상권,1000949,백제고분로39길,8298,5152,3146,27,1456,2393,1937,1540,945,10,713,1688,1218,891,632,17,743,705,719,649,313
2018,1,A,골목상권,1000948,백제고분로34길,5321,3161,2160,32,647,1202,1534,1246,660,14,296,704,941,756,450,18,351,498,593,490,210
2018,1,A,골목상권,1000947,백제고분로33길,7245,5063,2182,34,989,1749,1658,1331,1484,11,505,1290,1118,848,1291,23,484,459,540,483,193
2018,1,A,골목상권,1000946,백제고분로32길,5583,3335,2248,22,696,1239,1421,1426,779,8,316,759,863,837,552,14,380,480,558,589,227
2018,1,A,골목상권,1000945,백제고분로31길,8119,5277,2842,31,1024,1667,1916,1699,1782,10,417,1016,1218,1079,1537,21,607,651,698,620,245
2018,1,A,골목상권,1000944,백제고분로22길,4453,2966,1487,23,574,960,1039,1044,813,8,282,677,704,665,630,15,292,283,335,379,183
2018,1,A,골목상권,1000943,백제고분로21길,5152,3004,2148,22,724,1226,1289,1138,753,9,254,717,779,688,557,13,470,509,510,450,196
2018,1,A,골목상권,1000942,마천로51길,1341,656,685,2,112,209,381,373,264,2,39,77,167,192,179,0,73,132,214,181,85
2018,1,A,골목상권,1000941,동남로20길,4796,2750,2046,188,756,946,1207,1055,644,96,387,572,675,558,462,92,369,374,532,497,182
2018,1,A,골목상권,1000940,거마로20길,2278,1112,1166,5,222,439,638,641,333,4,84,228,302,287,207,1,138,211,336,354,126
2018,1,A,골목상권,1000939,학동로77길,13821,5569,8252,79,2837,4122,3489,2059,1235,22,799,1542,1295,1068,843,57,2038,2580,2194,991,392
2018,1,A,골목상권,1000938,학동로6길,16168,9206,6962,77,3631,5233,3755,2037,1435,31,1506,3159,2370,1193,947,46,2125,2074,1385,844,488
2018,1,A,골목상권,1000937,학동로56길,22083,12121,9962,172,5676,6709,4989,3232,1305,62,2381,3928,3206,1676,868,110,3295,2781,1783,1556,437
2018,1,A,골목상권,1000936,학동로38길,25108,14758,10350,116,5294,7098,5484,3505,3611,48,1849,4213,3693,2315,2640,68,3445,2885,1791,1190,971
2018,1,A,골목상권,1000935,테헤란로81길,72653,45552,27101,347,14837,27314,20149,7915,2091,124,6058,17298,14936,5756,1380,223,8779,10016,5213,2159,711
2018,1,A,골목상권,1000934,일원로9길,7790,2257,5533,6,2132,2893,1552,819,388,1,322,789,563,359,223,5,1810,2104,989,460,165
2018,1,A,골목상권,1000933,일원로3길,3346,1929,1417,5,319,708,851,823,640,2,141,433,521,460,372,3,178,275,330,363,268
2018,1,A,골목상권,1000932,영동대로65길,32484,21039,11445,131,5259,8840,8304,5851,4099,77,2966,6456,5490,3510,2540,54,2293,2384,2814,2341,1559
2018,1,A,골목상권,1000931,영동대로112길,101795,71483,30312,781,20775,30557,24943,18658,6081,477,10992,20915,19449,15510,4140,304,9783,9642,5494,3148,1941
2018,1,A,골목상권,1000930,언주로81길,102956,63231,39725,669,22438,31541,27615,16505,4188,332,12674,21846,16915,8454,3010,337,9764,9695,10700,8051,1178
2018,1,A,골목상권,1000929,압구정로2길,14432,7197,7235,92,4101,4606,3090,1542,1001,31,1387,2438,1818,863,660,61,2714,2168,1272,679,341
2018,1,A,골목상권,1000928,선릉로18길,1042,454,588,2,100,245,249,262,184,2,28,100,112,98,114,0,72,145,137,164,70
2018,1,A,골목상권,1000927,선릉로146길,13839,6770,7069,60,3907,4490,2799,1543,1040,16,1215,2177,1684,954,724,44,2692,2313,1115,589,316
2018,1,A,골목상권,1000926,선릉로133길,23031,13369,9662,157,4893,6488,5605,3993,1895,61,2275,4012,3730,2186,1105,96,2618,2476,1875,1807,790
2018,1,A,골목상권,1000925,선릉로132길,23689,10680,13009,198,5644,6964,5540,3552,1791,71,2096,3213,2480,1664,1156,127,3548,3751,3060,1888,635
2018,1,A,골목상권,1000924,선릉로121길,17057,9939,7118,85,3684,5293,4023,2612,1360,37,1342,3027,2770,1771,992,48,2342,2266,1253,841,368
2018,1,A,골목상권,1000923,삼성로75길,28924,18825,10099,137,5014,9082,8447,4257,1987,73,2359,5769,5976,3198,1450,64,2655,3313,2471,1059,537
2018,1,A,골목상권,1000922,삼성로69길,8392,4510,3882,67,1580,2355,1955,1450,985,34,562,1244,1121,851,698,33,1018,1111,834,599,287
2018,1,A,골목상권,1000921,삼성로64길,17936,10953,6983,57,3479,5618,5002,2560,1220,32,1830,3868,2936,1412,875,25,1649,1750,2066,1148,345
2018,1,A,골목상권,1000920,삼성로63길,3160,1402,1758,24,554,860,824,587,311,9,176,360,384,278,195,15,378,500,440,309,116
2018,1,A,골목상권,1000919,삼성로57길,6647,3509,3138,101,2040,2385,1158,648,315,8,829,1445,691,336,200,93,1211,940,467,312,115
2018,1,A,골목상권,1000918,삼성로147길,11584,5149,6435,58,3119,3711,2690,1236,770,12,934,1715,1311,675,502,46,2185,1996,1379,561,268
2018,1,A,골목상권,1000917,삼성로115길,5880,3299,2581,12,1434,1817,1322,775,520,3,552,1062,830,484,368,9,882,755,492,291,152
2018,1,A,골목상권,1000916,봉은사로68길,42893,27885,15008,96,8271,17067,11313,4385,1761,39,3724,11456,8774,2804,1088,57,4547,5611,2539,1581,673
2018,1,A,골목상권,1000915,봉은사로57길,13452,7649,5803,56,3144,4256,3127,1991,878,12,1158,2413,2095,1312,659,44,1986,1843,1032,679,219
2018,1,A,골목상권,1000914,봉은사로43길,26510,15484,11026,129,6219,8539,5792,3507,2324,45,2403,5030,4005,2340,1661,84,3816,3509,1787,1167,663
2018,1,A,골목상권,1000913,봉은사로29길,28077,16359,11718,115,6446,8338,6245,3870,3063,50,2485,4887,4253,2545,2139,65,3961,3451,1992,1325,924
2018,1,A,골목상권,1000912,봉은사로109길,72338,55247,17091,564,12307,19858,17833,15845,5931,405,8325,14958,14387,13193,3979,159,3982,4900,3446,2652,1952
2018,1,A,골목상권,1000911,도산대로89길,12273,5791,6482,114,3111,4070,3026,1349,603,15,894,2016,1658,789,419,99,2217,2054,1368,560,184
2018,1,A,골목상권,1000910,도산대로81길,15776,5449,10327,133,5567,5671,2902,991,512,14,1367,2034,1256,461,317,119,4200,3637,1646,530,195
2018,1,A,골목상권,1000909,도산대로50길,27154,15310,11844,187,6048,7672,6169,4726,2352,73,2542,4551,4000,2658,1486,114,3506,3121,2169,2068,866
2018,1,A,골목상권,1000908,도산대로38길,29586,16074,13512,127,6822,9635,7139,4089,1774,44,2480,5435,4480,2418,1217,83,4342,4200,2659,1671,557
2018,1,A,골목상권,1000907,도산대로30길,25403,12884,12519,93,6412,8230,5835,3280,1553,33,2075,4385,3504,1840,1047,60,4337,3845,2331,1440,506
2018,1,A,골목상권,1000906,도산대로23길,22976,11306,11670,130,6664,7666,4799,2394,1323,35,1950,3960,2980,1465,916,95,4714,3706,1819,929,407
2018,1,A,골목상권,1000905,도산대로15길,20657,9732,10925,133,6110,6886,4248,2045,1235,40,1736,3462,2501,1150,843,93,4374,3424,1747,895,392
2018,1,A,골목상권,1000904,도곡로37길,29525,16496,13029,187,7507,8830,7141,3957,1903,72,2962,5155,4468,2458,1381,115,4545,3675,2673,1499,522
2018,1,A,골목상권,1000903,논현로8길,5763,3822,1941,21,763,1412,1506,1161,900,9,418,1008,1002,743,642,12,345,404,504,418,258
2018,1,A,골목상권,1000902,논현로63길,39574,21663,17911,332,7085,10433,12253,6889,2582,120,3313,6366,6048,3804,2012,212,3772,4067,6205,3085,570
2018,1,A,골목상권,1000901,논현로28길,31612,21359,10253,124,5972,9692,7171,4294,4359,75,3032,6770,5619,3214,2649,49,2940,2922,1552,1080,1710
2018,1,A,골목상권,1000900,논현로26길,37331,24835,12496,161,6576,11200,9160,5694,4540,82,3456,7852,6732,3935,2778,79,3120,3348,2428,1759,1762
2018,1,A,골목상권,1000899,논현로159길,14655,6071,8584,114,4554,4618,2958,1468,943,33,1192,2080,1495,686,585,81,3362,2538,1463,782,358
2018,1,A,골목상권,1000898,논현로139길,35059,19094,15965,143,9344,11455,7570,4111,2436,57,3182,6666,4990,2491,1708,86,6162,4789,2580,1620,728
2018,1,A,골목상권,1000897,논현로123길,9931,5753,4178,52,2237,3019,2203,1344,1076,23,983,1836,1432,768,711,29,1254,1183,771,576,365
2018,1,A,골목상권,1000896,논현로115길,21996,12677,9319,142,5810,6938,4641,2448,2017,69,2476,4045,3146,1535,1406,73,3334,2893,1495,913,611
2018,1,A,골목상권,1000895,논현로10길,11600,6877,4723,50,1546,2807,3232,2433,1532,26,729,1735,1842,1397,1148,24,817,1072,1390,1036,384
2018,1,A,골목상권,1000894,논현로106길,20677,12005,8672,78,4477,6099,4355,2824,2844,41,1891,3769,2984,1634,1686,37,2586,2330,1371,1190,1158
2018,1,A,골목상권,1000893,남부순환로365길,15704,8225,7479,198,4188,4697,3500,2005,1116,58,1613,2805,2090,933,726,140,2575,1892,1410,1072,390
2018,1,A,골목상권,1000892,개포로82길,818,367,451,0,76,144,222,254,122,0,17,45,93,120,92,0,59,99,129,134,30
2018,1,A,골목상권,1000891,개포로28길,15592,9251,6341,87,2119,3992,4514,3261,1619,29,1055,2592,2608,1751,1216,58,1064,1400,1906,1510,403
2018,1,A,골목상권,1000890,개포로20길,23390,14709,8681,103,3106,6286,6954,4831,2110,38,1657,4159,4332,2941,1582,65,1449,2127,2622,1890,528
2018,1,A,골목상권,1000889,개포로17길,21583,13784,7799,109,3192,5832,6325,4428,1697,46,1678,3936,4095,2749,1280,63,1514,1896,2230,1679,417
2018,1,A,골목상권,1000888,강남대로140길,24789,13373,11416,93,5928,8402,5569,3119,1678,19,1906,4891,3596,1761,1200,74,4022,3511,1973,1358,478
2018,1,A,골목상권,1000887,강남대로136길,30979,17492,13487,119,6879,10461,7386,3897,2237,36,2595,6320,4720,2266,1555,83,4284,4141,2666,1631,682
2018,1,A,골목상권,1000886,강남대로118길,13231,7030,6201,135,4229,4119,2600,1322,826,57,1613,2284,1736,794,546,78,2616,1835,864,528,280
2018,1,A,골목상권,1000885,서초중앙로8길,25898,15582,10316,136,5754,7679,6389,3977,1963,61,2342,4854,4318,2533,1474,75,3412,2825,2071,1444,489
2018,1,A,골목상권,1000884,방배중앙로21길,5901,3087,2814,20,842,1266,1371,1360,1042,8,349,726,713,620,671,12,493,540,658,740,371
2018,1,A,골목상권,1000883,효령로72길,23387,15363,8024,121,5086,6869,6261,3463,1587,52,2366,4608,4747,2458,1132,69,2720,2261,1514,1005,455
2018,1,A,골목상권,1000882,효령로34길,5745,3479,2266,47,1031,1392,1148,997,1130,14,413,806,757,589,900,33,618,586,391,408,230
2018,1,A,골목상권,1000881,효령로31길,13147,7945,5202,89,2911,3740,3087,1850,1470,42,1352,2279,1932,1165,1175,47,1559,1461,1155,685,295
2018,1,A,골목상권,1000880,효령로23길,10702,6767,3935,83,2455,3015,2420,1439,1290,41,1158,1961,1666,909,1032,42,1297,1054,754,530,258
2018,1,A,골목상권,1000879,청두곶길,14498,7828,6670,77,2085,3349,3407,3454,2126,24,1044,2172,1980,1488,1120,53,1041,1177,1427,1966,1006
2018,1,A,골목상권,1000878,주흥길,7867,5785,2082,12,1478,2882,1989,1017,489,8,791,2210,1678,756,342,4,687,672,311,261,147
2018,1,A,골목상권,1000877,주흥15길,9202,5392,3810,45,2050,3122,2289,1063,633,21,791,1887,1570,690,433,24,1259,1235,719,373,200
2018,1,A,골목상권,1000876,언남길,15925,11271,4654,69,2343,4466,4548,3045,1454,42,1316,3167,3411,2205,1130,27,1027,1299,1137,840,324
2018,1,A,골목상권,1000875,신반포로45길,11830,6569,5261,54,2584,3744,2866,1536,1046,20,903,2215,1816,916,699,34,1681,1529,1050,620,347
2018,1,A,골목상권,1000874,서초대로8길,7467,4110,3357,27,1032,1872,2002,1437,1097,13,449,1020,1064,790,774,14,583,852,938,647,323
2018,1,A,골목상권,1000873,서초대로64길,10124,5420,4704,52,2064,3167,2596,1397,848,19,776,1710,1432,846,637,33,1288,1457,1164,551,211
2018,1,A,골목상권,1000872,서초대로4길,7145,4358,2787,16,1025,1630,1872,1479,1123,12,472,988,1193,922,771,4,553,642,679,557,352
2018,1,A,골목상권,1000871,서초대로25길,13939,8496,5443,82,2932,4218,3321,2053,1333,39,1382,2600,2141,1334,1000,43,1550,1618,1180,719,333
2018,1,A,골목상권,1000870,서초대로23길,14868,9175,5693,89,2755,4363,3690,2378,1593,46,1411,2747,2307,1487,1177,43,1344,1616,1383,891,416
2018,1,A,골목상권,1000869,서초대로15길,12563,7239,5324,68,2000,3273,3151,2267,1804,27,896,1872,1778,1359,1307,41,1104,1401,1373,908,497
2018,1,A,골목상권,1000868,사평대로57길,14101,8583,5518,73,2733,4524,3683,2055,1033,37,1135,2831,2677,1301,602,36,1598,1693,1006,754,431
2018,1,A,골목상권,1000867,사평대로26길,4274,2266,2008,37,977,1278,1054,605,323,14,392,687,604,369,200,23,585,591,450,236,123
2018,1,A,골목상권,1000866,사평대로22길,4652,2846,1806,45,1019,1391,1205,631,361,15,466,904,810,417,234,30,553,487,395,214,127
2018,1,A,골목상권,1000865,사임당로17길,21976,12318,9658,113,4194,7121,5567,3122,1859,40,1510,4026,3402,1970,1370,73,2684,3095,2165,1152,489
2018,1,A,골목상권,1000864,방배로42길,5328,3242,2086,16,851,1295,1278,1057,831,6,353,812,805,645,621,10,498,483,473,412,210
2018,1,A,골목상권,1000863,방배로35길,5924,3589,2335,22,947,1414,1438,1115,988,10,386,878,903,706,706,12,561,536,535,409,282
2018,1,A,골목상권,1000862,방배로18길,9698,5651,4047,91,2481,2791,2043,1154,1138,41,1013,1677,1325,686,909,50,1468,1114,718,468,229
2018,1,A,골목상권,1000861,반포대로9길,4020,2239,1781,10,792,1137,1026,642,413,4,273,659,657,376,270,6,519,478,369,266,143
2018,1,A,골목상권,1000860,바우뫼로39길,34668,22944,11724,121,6089,10520,8304,5540,4094,68,3142,7076,6079,3710,2869,53,2947,3444,2225,1830,1225
2018,1,A,골목상권,1000859,마방로2길,14014,9338,4676,82,2269,3838,3644,2742,1439,52,1191,2569,2614,1809,1103,30,1078,1269,1030,933,336
2018,1,A,골목상권,1000858,방배천로4안길,7104,4326,2778,24,1210,1700,1803,1302,1065,14,529,1010,1166,831,776,10,681,690,637,471,289
2018,1,A,골목상권,1000857,동산로19길,14797,9356,5441,42,1846,3396,4224,3414,1875,26,967,2171,2679,2127,1386,16,879,1225,1545,1287,489
2018,1,A,골목상권,1000856,동산로10길,8500,5358,3142,24,1085,2042,2166,1918,1265,17,544,1313,1394,1240,850,7,541,729,772,678,415
2018,1,A,골목상권,1000855,동광로39길,4880,2797,2083,40,1118,1465,1170,746,341,13,529,871,701,481,202,27,589,594,469,265,139
2018,1,A,골목상권,1000854,동광로1길,10113,5589,4524,51,2553,2826,2010,1618,1055,36,1256,1894,1197,629,577,15,1297,932,813,989,478
2018,1,A,골목상권,1000853,동광로12길,11844,6503,5341,59,1715,2599,2786,2432,2253,28,657,1459,1552,1294,1513,31,1058,1140,1234,1138,740
2018,1,A,골목상권,1000852,논현로27길,36840,25732,11108,143,6575,11446,9074,5770,3832,87,3534,7971,7091,4308,2741,56,3041,3475,1983,1462,1091
2018,1,A,골목상권,1000851,논현로1길,11414,6968,4446,31,1305,2656,3041,2611,1770,19,649,1645,1832,1611,1212,12,656,1011,1209,1000,558
2018,1,A,골목상권,1000850,남부순환로339길,28290,15335,12955,161,7006,7545,6488,5086,2004,77,2825,4823,3910,2412,1288,84,4181,2722,2578,2674,716
2018,1,A,골목상권,1000849,남부순환로325길,20514,11820,8694,90,3697,6766,4962,3178,1821,41,1576,3720,3125,2013,1345,49,2121,3046,1837,1165,476
2018,1,A,골목상권,1000848,남부순환로317길,12144,7417,4727,57,2515,4040,2956,1657,919,26,1149,2554,1992,1054,642,31,1366,1486,964,603,277
2018,1,A,골목상권,1000847,고무래로8길,31847,13217,18630,31,6958,10175,8497,4500,1686,12,1295,3891,4331,2630,1058,19,5663,6284,4166,1870,628
2018,1,A,골목상권,1000846,강남대로8길,99373,88969,10404,60,9260,21384,30091,35876,2702,42,7155,18496,26964,34101,2211,18,2105,2888,3127,1775,491
2018,1,A,골목상권,1000845,강남대로34길,35536,21877,13659,280,7806,11152,7931,4716,3651,107,3473,7196,5604,3007,2490,173,4333,3956,2327,1709,1161
2018,1,A,골목상권,1000844,강남대로23길,16635,11002,5633,78,2815,4676,4258,3222,1586,46,1554,3235,3066,2023,1078,32,1261,1441,1192,1199,508
2018,1,A,골목상권,1000843,소담길,1205,758,447,0,103,226,317,321,238,0,42,127,191,212,186,0,61,99,126,109,52
2018,1,A,골목상권,1000842,원신길,550,183,367,0,91,144,116,132,67,0,12,47,37,50,37,0,79,97,79,82,30
2018,1,A,골목상권,1000841,양지길,835,575,260,1,60,102,181,245,246,1,16,50,111,176,221,0,44,52,70,69,25
2018,1,A,골목상권,1000840,양산길,859,560,299,1,65,118,195,246,234,1,12,55,120,173,199,0,53,63,75,73,35
2018,1,A,골목상권,1000839,호암로24길,2263,1354,909,4,176,362,595,679,447,3,64,187,349,427,324,1,112,175,246,252,123
2018,1,A,골목상권,1000838,호암로20길,1192,490,702,3,156,268,268,277,220,2,44,135,117,89,103,1,112,133,151,188,117
2018,1,A,골목상권,1000837,행운길,5132,3264,1868,37,901,1407,1073,877,837,11,447,968,676,542,620,26,454,439,397,335,217
2018,1,A,골목상권,1000836,행운1길,3634,1802,1832,22,615,880,907,686,524,7,201,451,463,341,339,15,414,429,444,345,185
2018,1,A,골목상권,1000835,청림3길,2048,934,1114,13,288,465,569,424,289,11,111,216,252,181,163,2,177,249,317,243,126
2018,1,A,골목상권,1000834,청룡길,4834,2724,2110,26,614,970,1275,1061,888,21,238,521,750,623,571,5,376,449,525,438,317
2018,1,A,골목상권,1000833,청룡8길,3349,1825,1524,8,379,682,885,777,618,4,153,358,504,425,381,4,226,324,381,352,237
2018,1,A,골목상권,1000832,중앙길,4134,1870,2264,27,663,911,1043,831,659,22,183,363,509,417,376,5,480,548,534,414,283
2018,1,A,골목상권,1000831,조원중앙로2길,6087,3922,2165,12,549,985,1072,1158,2311,4,266,614,621,663,1754,8,283,371,451,495,557
2018,1,A,골목상권,1000830,조원로18길,5022,3371,1651,4,435,865,820,834,2064,3,208,527,518,523,1592,1,227,338,302,311,472
2018,1,A,골목상권,1000829,조원로10길,15772,9492,6280,71,2926,4866,4073,2349,1487,38,1301,3046,2520,1508,1079,33,1625,1820,1553,841,408
2018,1,A,골목상권,1000828,장군봉2길,2456,1107,1349,5,346,556,615,530,404,2,101,252,277,252,223,3,245,304,338,278,181
2018,1,A,골목상권,1000827,장군봉1길,2666,1307,1359,8,337,591,708,583,439,4,129,290,370,279,235,4,208,301,338,304,204
2018,1,A,골목상권,1000826,인헌길,1176,573,603,2,142,310,336,273,113,1,41,177,171,115,68,1,101,133,165,158,45
2018,1,A,골목상권,1000825,은천로25길,739,211,528,1,108,169,201,173,87,0,17,37,58,56,43,1,91,132,143,117,44
2018,1,A,골목상권,1000824,양녕로6길,3700,1956,1744,25,529,795,985,768,598,22,181,378,554,450,371,3,348,417,431,318,227
2018,1,A,골목상권,1000823,신원로3길,1179,521,658,3,125,201,249,317,284,2,34,95,115,125,150,1,91,106,134,192,134
2018,1,A,골목상권,1000822,신사로20길,700,347,353,1,92,155,197,169,86,1,30,77,105,76,58,0,62,78,92,93,28
2018,1,A,골목상권,1000821,신림로65길,3751,1845,1906,22,570,673,780,813,893,12,206,356,402,384,485,10,364,317,378,429,408
2018,1,A,골목상권,1000820,신림로64길,4500,1973,2527,33,832,891,952,886,906,14,256,396,456,378,473,19,576,495,496,508,433
2018,1,A,골목상권,1000819,신림로48길,775,327,448,1,125,159,177,194,119,0,40,72,75,75,65,1,85,87,102,119,54
2018,1,A,골목상권,1000818,신림로38길,548,258,290,0,61,111,138,137,101,0,19,61,64,62,52,0,42,50,74,75,49
2018,1,A,골목상권,1000817,신림로28길,1985,1003,982,4,190,357,486,518,430,3,59,173,242,247,279,1,131,184,244,271,151
2018,1,A,골목상권,1000816,신림로11길,1272,802,470,1,105,251,354,383,178,1,40,123,219,273,146,0,65,128,135,110,32
2018,1,A,골목상권,1000815,신림동길,2364,1246,1118,6,337,440,562,539,480,3,125,236,311,268,303,3,212,204,251,271,177
2018,1,A,골목상권,1000814,승방길,4590,1963,2627,17,586,888,1378,1335,386,9,277,521,544,357,255,8,309,367,834,978,131
2018,1,A,골목상권,1000813,서림7길,1435,793,642,1,120,269,411,470,164,1,43,113,233,295,108,0,77,156,178,175,56
2018,1,A,골목상권,1000812,봉천로33길,4490,2288,2202,26,563,898,1155,1069,779,21,189,442,615,556,465,5,374,456,540,513,314
2018,1,A,골목상권,1000811,봉천로13길,2077,946,1131,7,266,390,522,517,375,1,99,150,219,223,254,6,167,240,303,294,121
2018,1,A,골목상권,1000810,복은길,930,454,476,1,80,167,237,272,173,1,24,71,105,140,113,0,56,96,132,132,60
2018,1,A,골목상권,1000809,법원단지길,1005,383,622,4,128,205,278,251,139,0,28,92,123,84,56,4,100,113,155,167,83
2018,1,A,골목상권,1000808,법원단지9길,633,227,406,0,71,153,172,186,51,0,12,48,59,75,33,0,59,105,113,111,18
2018,1,A,골목상권,1000807,미성5길,1725,771,954,5,173,304,469,459,315,1,49,126,226,191,178,4,124,178,243,268,137
2018,1,A,골목상권,1000806,대학길,1485,887,598,3,122,247,392,445,276,2,52,143,243,270,177,1,70,104,149,175,99
2018,1,A,골목상권,1000805,대학14길,325,155,170,0,41,74,84,71,55,0,16,37,32,31,39,0,25,37,52,40,16
2018,1,A,골목상권,1000804,당곡길,8314,4325,3989,69,1784,2585,2303,1033,540,33,861,1367,1150,559,355,36,923,1218,1153,474,185
2018,1,A,골목상권,1000803,남현길,2312,1331,981,10,297,593,627,508,277,2,139,373,350,261,206,8,158,220,277,247,71
2018,1,A,골목상권,1000802,남현3길,6472,2811,3661,26,996,1341,1830,1683,596,12,365,725,768,532,409,14,631,616,1062,1151,187
2018,1,A,골목상권,1000801,남현2길,4467,2314,2153,19,958,1132,1029,791,538,3,293,603,573,435,407,16,665,529,456,356,131
2018,1,A,골목상권,1000800,남부순환로248길,2143,934,1209,6,498,543,484,386,226,3,142,251,224,178,136,3,356,292,260,208,90
2018,1,A,골목상권,1000799,남부순환로234길,3071,1986,1085,17,497,765,653,605,534,6,239,525,410,392,414,11,258,240,243,213,120
2018,1,A,골목상권,1000798,남부순환로172길,2746,1517,1229,1,300,619,694,671,461,0,117,339,397,364,300,1,183,280,297,307,161
2018,1,A,골목상권,1000797,남부순환로161길,2840,1601,1239,1,311,642,730,697,459,0,117,351,428,385,320,1,194,291,302,312,139
2018,1,A,골목상권,1000796,남부순환로151길,3597,1998,1599,3,461,835,916,840,542,2,158,474,530,480,354,1,303,361,386,360,188
2018,1,A,골목상권,1000795,남부순환로142길,5519,3664,1855,6,488,932,902,953,2238,4,230,563,578,586,1703,2,258,369,324,367,535
2018,1,A,골목상권,1000794,난향길,1373,660,713,0,98,169,249,328,529,0,19,57,89,111,384,0,79,112,160,217,145
2018,1,A,골목상권,1000793,난우길,1743,783,960,5,206,332,441,463,296,1,67,154,224,188,149,4,139,178,217,275,147
2018,1,A,골목상권,1000792,난곡로74길,1294,687,607,1,172,294,342,313,172,1,54,168,187,158,119,0,118,126,155,155,53
2018,1,A,골목상권,1000791,난곡로34길,1108,475,633,4,157,226,352,287,82,0,37,107,148,129,54,4,120,119,204,158,28
2018,1,A,골목상권,1000790,난곡로26길,570,254,316,1,76,108,186,152,47,0,15,44,79,85,31,1,61,64,107,67,16
2018,1,A,골목상권,1000789,난곡로24길,644,291,353,0,86,125,214,169,50,0,21,52,89,94,35,0,65,73,125,75,15
2018,1,A,골목상권,1000788,낙성대역길,4963,2958,2005,24,882,1359,1007,845,846,8,393,876,584,490,607,16,489,483,423,355,239
2018,1,A,골목상권,1000787,국회단지길,2100,1048,1052,4,269,396,512,536,383,1,73,188,251,266,269,3,196,208,261,270,114
2018,1,A,골목상권,1000786,구암길,1324,459,865,3,160,282,346,342,191,1,29,81,109,121,118,2,131,201,237,221,73
2018,1,A,골목상권,1000785,관천로22길,15681,8873,6808,79,2893,5368,4432,1989,920,41,1352,2885,2566,1351,678,38,1541,2483,1866,638,242
2018,1,A,골목상권,1000784,관천로15길,943,530,413,1,101,196,272,239,134,1,39,108,158,126,98,0,62,88,114,113,36
2018,1,A,골목상권,1000783,관악로30길,1941,903,1038,13,289,433,516,394,296,11,121,206,227,176,162,2,168,227,289,218,134
2018,1,A,골목상권,1000782,관악로28길,1564,749,815,13,216,341,430,325,239,11,95,165,190,152,136,2,121,176,240,173,103
2018,1,A,골목상권,1000781,관악로14길,6360,3255,3105,31,871,1506,1564,1467,921,12,294,734,786,845,584,19,577,772,778,622,337
2018,1,A,골목상권,1000780,관악로10길,7108,4306,2802,28,954,1840,1720,1680,886,11,442,1128,1037,1103,585,17,512,712,683,577,301
2018,1,A,골목상권,1000779,흑석로9길,5141,2271,2870,6,1074,1475,1240,965,381,0,269,522,629,580,271,6,805,953,611,385,110
2018,1,A,골목상권,1000778,흑석로13길,5397,2423,2974,6,1095,1534,1308,1018,436,2,275,554,669,609,314,4,820,980,639,409,122
2018,1,A,골목상권,1000777,장승배기로27길,8135,4910,3225,18,996,2444,2141,1735,801,7,463,1357,1370,1171,542,11,533,1087,771,564,259
2018,1,A,골목상권,1000776,장승배기로19길,2210,1215,995,2,367,402,517,552,370,1,238,230,253,280,213,1,129,172,264,272,157
2018,1,A,골목상권,1000775,장승배기로10길,3288,1742,1546,4,483,623,854,805,519,2,264,326,441,423,286,2,219,297,413,382,233
2018,1,A,골목상권,1000774,여의대방로46길,5197,2799,2398,34,1020,1409,1183,905,646,13,469,872,659,427,359,21,551,537,524,478,287
2018,1,A,골목상권,1000773,여의대방로24길,30505,16079,14426,175,4832,6365,7098,7756,4279,92,3002,4303,3674,3107,1901,83,1830,2062,3424,4649,2378
2018,1,A,골목상권,1000772,여의대방로22카길,21085,10625,10460,125,3672,3958,4241,5550,3539,68,2370,2778,2105,1869,1435,57,1302,1180,2136,3681,2104
2018,1,A,골목상권,1000771,여의대방로22나길,28367,14867,13500,163,4614,5998,6598,7228,3766,82,2899,4114,3418,2791,1563,81,1715,1884,3180,4437,2203
2018,1,A,골목상권,1000770,여의대방로22길,20844,10635,10209,126,3636,3910,4139,5492,3541,71,2364,2799,2084,1879,1438,55,1272,1111,2055,3613,2103
2018,1,A,골목상권,1000769,양녕로26길,886,364,522,1,101,183,252,223,126,0,24,64,105,89,82,1,77,119,147,134,44
2018,1,A,골목상권,1000768,신대방길,4884,2725,2159,20,1122,1343,1163,805,431,17,419,788,713,462,326,3,703,555,450,343,105
2018,1,A,골목상권,1000767,성대로29길,1720,627,1093,8,185,330,500,438,259,3,50,129,191,135,119,5,135,201,309,303,140
2018,1,A,골목상권,1000766,성대로1길,2093,876,1217,11,270,413,586,504,309,4,89,201,259,183,140,7,181,212,327,321,169
2018,1,A,골목상권,1000765,서달로8가길,5075,2250,2825,5,1018,1438,1257,983,374,0,252,507,636,583,272,5,766,931,621,400,102
2018,1,A,골목상권,1000764,서달로15길,1039,432,607,6,155,240,262,212,164,2,36,95,99,85,115,4,119,145,163,127,49
2018,1,A,골목상권,1000763,서달로14길,1002,452,550,7,112,231,273,207,172,3,35,99,105,88,122,4,77,132,168,119,50
2018,1,A,골목상권,1000762,서달로10길,889,400,489,4,86,163,252,230,154,0,23,65,99,106,107,4,63,98,153,124,47
2018,1,A,골목상권,1000761,상도로62길,2866,1473,1393,8,369,659,834,637,359,3,131,284,452,365,238,5,238,375,382,272,121
2018,1,A,골목상권,1000760,상도로61길,2615,1297,1318,4,312,605,779,592,323,1,107,240,392,332,225,3,205,365,387,260,98
2018,1,A,골목상권,1000759,상도로47길,7289,3455,3834,41,1404,2007,1864,1396,577,2,372,869,1019,816,377,39,1032,1138,845,580,200
2018,1,A,골목상권,1000758,상도로37길,2533,1265,1268,39,419,616,672,521,266,2,122,362,372,263,144,37,297,254,300,258,122
2018,1,A,골목상권,1000757,상도로15길,4051,2012,2039,12,631,817,1030,940,621,4,343,444,488,422,311,8,288,373,542,518,310
2018,1,A,골목상권,1000756,사당로8길,1763,965,798,3,185,272,362,386,555,2,88,116,174,203,382,1,97,156,188,183,173
2018,1,A,골목상권,1000755,사당로30길,6277,3554,2723,18,1247,1547,1721,1147,597,9,431,852,1108,752,402,9,816,695,613,395,195
2018,1,A,골목상권,1000754,사당로2차길,1297,700,597,5,191,223,343,330,205,2,84,95,174,200,145,3,107,128,169,130,60
2018,1,A,골목상권,1000753,사당로29길,4774,2232,2542,18,637,972,1226,1078,843,6,198,465,664,483,416,12,439,507,562,595,427
2018,1,A,골목상권,1000752,사당로26길,4087,2016,2071,19,834,972,1111,746,405,9,226,468,651,409,253,10,608,504,460,337,152
2018,1,A,골목상권,1000751,사당로23나길,1298,516,782,8,162,259,288,308,273,3,50,119,119,116,109,5,112,140,169,192,164
2018,1,A,골목상권,1000750,사당로23길,1211,473,738,8,157,242,290,242,272,3,34,107,116,88,125,5,123,135,174,154,147
2018,1,A,골목상권,1000749,사당로20길,2386,1333,1053,2,297,491,704,512,380,0,96,231,441,299,266,2,201,260,263,213,114
2018,1,A,골목상권,1000748,사당로16길,2209,1200,1009,1,219,397,510,454,628,0,71,190,282,228,429,1,148,207,228,226,199
2018,1,A,골목상권,1000747,사당로16가길,1894,1004,890,1,160,288,417,425,603,0,55,114,204,219,412,1,105,174,213,206,191
2018,1,A,골목상권,1000746,만양로8길,2571,1357,1214,8,252,521,739,632,419,3,88,287,413,328,238,5,164,234,326,304,181
2018,1,A,골목상권,1000745,만양로14길,1122,527,595,6,134,245,288,254,195,2,45,119,138,109,114,4,89,126,150,145,81
2018,1,A,골목상권,1000744,등용로14길,5745,3657,2088,25,955,1999,1448,852,466,7,509,1286,991,533,331,18,446,713,457,319,135
2018,1,A,골목상권,1000743,동작대로7길,8250,3857,4393,33,1255,1687,2189,2078,1008,13,453,906,996,790,699,20,802,781,1193,1288,309
2018,1,A,골목상권,1000742,동작대로35길,3297,1312,1985,8,466,615,767,928,513,3,145,282,304,292,286,5,321,333,463,636,227
2018,1,A,골목상권,1000741,동작대로33길,5848,2433,3415,25,979,1168,1299,1410,967,9,277,561,590,476,520,16,702,607,709,934,447
2018,1,A,골목상권,1000740,동작대로29길,3171,1433,1738,12,431,608,706,788,626,3,133,281,350,336,330,9,298,327,356,452,296
2018,1,A,골목상권,1000739,동작대로17길,6287,3407,2880,10,966,1515,1823,1231,742,5,362,818,1108,700,414,5,604,697,715,531,328
2018,1,A,골목상권,1000738,대방동2길,20562,10268,10294,131,3452,3534,3932,5697,3816,72,2301,2527,1822,1936,1610,59,1151,1007,2110,3761,2206
2018,1,A,골목상권,1000737,대방동27길,4417,2357,2060,10,474,848,1048,1223,814,9,195,428,541,661,523,1,279,420,507,562,291
2018,1,A,골목상권,1000736,노량진로6길,4120,2533,1587,11,646,1563,1058,544,298,2,341,965,718,340,167,9,305,598,340,204,131
2018,1,A,골목상권,1000735,국사봉길,545,187,358,0,56,119,157,158,55,0,12,28,54,60,33,0,44,91,103,98,22
2018,1,A,골목상권,1000734,국사봉2길,1300,615,685,3,188,315,356,293,145,2,66,163,173,134,77,1,122,152,183,159,68
2018,1,A,골목상권,1000733,국사봉1길,1532,630,902,10,181,319,425,358,239,4,56,159,182,122,107,6,125,160,243,236,132
2018,1,A,골목상권,1000732,영신로9길,1833,1101,732,4,186,345,452,446,400,2,74,210,266,268,281,2,112,135,186,178,119
2018,1,A,골목상권,1000731,영등포로84길,5047,2973,2074,12,615,844,971,1434,1171,3,208,480,557,875,850,9,407,364,414,559,321
2018,1,A,골목상권,1000730,영등포로80길,5440,3039,2401,16,642,845,1139,1503,1295,6,194,430,606,890,913,10,448,415,533,613,382
2018,1,A,골목상권,1000729,영등포로62길,2607,1343,1264,5,229,505,584,626,658,4,72,277,294,313,383,1,157,228,290,313,275
2018,1,A,골목상권,1000728,영등포로35길,5309,2840,2469,16,808,1311,1354,1003,817,0,276,679,786,607,492,16,532,632,568,396,325
2018,1,A,골목상권,1000727,영등포로27길,12806,7831,4975,68,1975,3155,3062,2561,1985,28,868,1928,2016,1665,1326,40,1107,1227,1046,896,659
2018,1,A,골목상권,1000726,영등포로25길,12709,7830,4879,62,2065,3227,3024,2502,1829,30,911,1959,1990,1663,1277,32,1154,1268,1034,839,552
2018,1,A,골목상권,1000725,여의대방로61길,5366,2671,2695,38,1010,1194,1216,987,921,15,415,648,613,461,519,23,595,546,603,526,402
2018,1,A,골목상권,1000724,여의대방로43나길,3655,2429,1226,3,225,401,702,1302,1022,1,94,234,443,837,820,2,131,167,259,465,202
2018,1,A,골목상권,1000723,여의대방로39길,2463,1249,1214,9,322,461,602,678,391,8,124,229,293,342,253,1,198,232,309,336,138
2018,1,A,골목상권,1000722,여의대방로35길,2833,1625,1208,17,382,644,675,637,478,13,158,361,363,398,332,4,224,283,312,239,146
2018,1,A,골목상권,1000721,양평로28길,13683,9130,4553,65,2291,4613,4050,2129,535,34,1127,3058,2875,1599,437,31,1164,1555,1175,530,98
2018,1,A,골목상권,1000720,양평로22라길,17086,11533,5553,26,2887,6025,5088,2367,693,9,1379,4178,3686,1723,558,17,1508,1847,1402,644,135
2018,1,A,골목상권,1000719,양평로19길,35597,17647,17950,232,7236,12237,10177,4124,1591,115,2800,6333,4853,2371,1175,117,4436,5904,5324,1753,416
2018,1,A,골목상권,1000718,신길로60길,2597,1335,1262,7,292,546,645,626,481,3,101,283,341,313,294,4,191,263,304,313,187
2018,1,A,골목상권,1000717,신길로42길,1038,456,582,6,113,233,275,263,148,3,41,104,125,104,79,3,72,129,150,159,69
2018,1,A,골목상권,1000716,신길로42가길,4831,3085,1746,12,332,719,1053,1471,1244,5,128,393,641,948,970,7,204,326,412,523,274
2018,1,A,골목상권,1000715,신길로39길,1659,915,744,9,138,315,435,407,355,6,43,161,240,214,251,3,95,154,195,193,104
2018,1,A,골목상권,1000714,신길로17길,1661,900,761,5,188,316,412,377,363,1,78,167,206,194,254,4,110,149,206,183,109
2018,1,A,골목상권,1000713,선유서로28길,13961,8230,5731,111,2729,3306,3333,2501,1981,52,1183,2079,2068,1456,1392,59,1546,1227,1265,1045,589
2018,1,A,골목상권,1000712,선유서로25길,5080,3448,1632,28,560,1256,1254,1100,882,16,302,898,858,750,624,12,258,358,396,350,258
2018,1,A,골목상권,1000711,선유서로24길,7430,4339,3091,26,802,1618,1887,1507,1590,15,351,955,1098,913,1007,11,451,663,789,594,583
2018,1,A,골목상권,1000710,선유로55길,19439,12956,6483,39,3191,6531,5656,2831,1191,12,1536,4517,3972,1974,945,27,1655,2014,1684,857,246
2018,1,A,골목상권,1000709,디지털로74길,2599,899,1700,5,689,658,563,457,227,1,121,223,218,203,133,4,568,435,345,254,94
2018,1,A,골목상권,1000708,디지털로57길,2662,1298,1364,7,332,499,706,678,440,3,89,221,367,353,265,4,243,278,339,325,175
2018,1,A,골목상권,1000707,디지털로37길,7589,4224,3365,47,1720,2374,1669,1090,689,18,606,1370,1071,670,489,29,1114,1004,598,420,200
2018,1,A,골목상권,1000706,도신로62길,4664,2831,1833,12,453,628,949,1423,1199,5,179,357,560,863,867,7,274,271,389,560,332
2018,1,A,골목상권,1000705,도신로60길,3644,2373,1271,8,221,486,732,1185,1012,4,87,271,442,785,784,4,134,215,290,400,228
2018,1,A,골목상권,1000704,도신로29길,1051,535,516,4,103,212,290,267,175,3,35,104,137,138,118,1,68,108,153,129,57
2018,1,A,골목상권,1000703,도신로15길,3280,1816,1464,4,755,754,674,571,522,1,252,413,411,368,371,3,503,341,263,203,151
2018,1,A,골목상권,1000702,도림천로21길,16123,9779,6344,81,3467,5492,3907,1996,1180,32,1474,3486,2539,1402,846,49,1993,2006,1368,594,334
2018,1,A,골목상권,1000701,도림로63길,2712,1673,1039,14,372,533,744,676,373,6,187,342,448,436,254,8,185,191,296,240,119
2018,1,A,골목상권,1000700,도림로147길,17643,10862,6781,67,3455,4162,4121,3746,2092,26,1801,2664,2602,2235,1534,41,1654,1498,1519,1511,558
2018,1,A,골목상권,1000699,도림로112길,1363,711,652,3,153,291,367,327,222,2,57,140,192,163,157,1,96,151,175,164,65
2018,1,A,골목상권,1000698,대림로8길,4254,2152,2102,3,955,1315,968,697,316,1,278,722,554,410,187,2,677,593,414,287,129
2018,1,A,골목상권,1000697,대림로7길,4730,2980,1750,11,858,1582,1216,669,394,1,445,1076,740,448,270,10,413,506,476,221,124
2018,1,A,골목상권,1000696,대림로44길,6046,3742,2304,26,670,1310,1624,1432,984,17,354,898,1138,831,504,9,316,412,486,601,480
2018,1,A,골목상권,1000695,대림로34길,6745,4021,2724,31,1013,1567,1874,1452,808,17,415,977,1200,878,534,14,598,590,674,574,274
2018,1,A,골목상권,1000694,대림로31길,16119,10608,5511,44,2331,3914,3943,3387,2500,20,1426,2986,2806,1931,1439,24,905,928,1137,1456,1061
2018,1,A,골목상권,1000693,대림로29길,4747,2484,2263,14,667,829,1177,1236,824,6,214,390,622,711,541,8,453,439,555,525,283
2018,1,A,골목상권,1000692,대림로22길,2742,1254,1488,9,459,501,669,635,469,2,114,208,326,326,278,7,345,293,343,309,191
2018,1,A,골목상권,1000691,당산로46길,14305,8821,5484,71,1795,2611,3186,3363,3279,37,788,1754,2099,2048,2095,34,1007,857,1087,1315,1184
2018,1,A,골목상권,1000690,당산로38길,17357,10114,7243,149,3577,4791,3682,3099,2059,78,1489,2778,2262,1968,1539,71,2088,2013,1420,1131,520
2018,1,A,골목상권,1000689,당산로37길,26126,9271,16855,302,6366,7926,6666,3055,1811,164,2018,2722,1829,1299,1239,138,4348,5204,4837,1756,572
2018,1,A,골목상권,1000688,당산로31길,21138,10571,10567,124,4104,5149,4538,4217,3006,56,1575,2629,2315,2129,1867,68,2529,2520,2223,2088,1139
2018,1,A,골목상권,1000687,국회대로56길,13824,8015,5809,60,1768,3373,4313,2719,1591,15,606,1725,2578,1938,1153,45,1162,1648,1735,781,438
2018,1,A,골목상권,1000686,경인로90길,20578,10563,10015,153,4451,6338,5230,2763,1643,69,1609,3224,2896,1680,1085,84,2842,3114,2334,1083,558
2018,1,A,골목상권,1000685,경인로80길,20373,11165,9208,141,4201,5621,5134,3145,2131,70,1602,3054,2965,1981,1493,71,2599,2567,2169,1164,638
2018,1,A,골목상권,1000684,경인로77길,25081,13375,11706,170,5352,7146,6358,3804,2251,81,2074,3747,3513,2351,1609,89,3278,3399,2845,1453,642
2018,1,A,골목상권,1000683,가마산로61길,1441,704,737,5,142,312,379,365,238,3,52,130,185,174,160,2,90,182,194,191,78
2018,1,A,골목상권,1000682,시흥대로94길,4425,2630,1795,6,455,838,1319,1194,613,4,231,514,793,706,382,2,224,324,526,488,231
2018,1,A,골목상권,1000681,시흥대로84길,1066,484,582,3,127,230,330,247,129,3,51,116,139,105,70,0,76,114,191,142,59
2018,1,A,골목상권,1000680,시흥대로68길,4401,1894,2507,25,789,908,899,901,879,13,356,465,378,334,348,12,433,443,521,567,531
2018,1,A,골목상권,1000679,시흥대로63길,6173,2877,3296,28,885,1421,1309,1418,1112,9,386,641,578,744,519,19,499,780,731,674,593
2018,1,A,골목상권,1000678,시흥대로62가길,3217,1122,2095,11,409,458,648,821,870,3,108,181,227,281,322,8,301,277,421,540,548
2018,1,A,골목상권,1000677,시흥대로36길,1774,952,822,12,203,391,474,437,257,7,89,214,227,235,180,5,114,177,247,202,77
2018,1,A,골목상권,1000676,시흥대로22길,2192,1492,700,3,178,414,627,595,375,0,97,274,392,428,301,3,81,140,235,167,74
2018,1,A,골목상권,1000675,시흥대로153길,3402,2056,1346,20,525,855,908,772,322,13,266,526,571,457,223,7,259,329,337,315,99
2018,1,A,골목상권,1000674,시흥대로150길,3292,1684,1608,9,408,649,887,862,477,4,129,309,464,454,324,5,279,340,423,408,153
2018,1,A,골목상권,1000673,시흥대로141길,4199,2507,1692,18,571,824,1104,1096,586,12,277,461,643,672,442,6,294,363,461,424,144
2018,1,A,골목상권,1000672,시흥대로138길,3058,1731,1327,5,430,613,785,799,426,3,211,341,426,461,289,2,219,272,359,338,137
2018,1,A,골목상권,1000671,시흥대로120길,2749,1526,1223,5,425,497,729,690,403,3,245,287,381,355,255,2,180,210,348,335,148
2018,1,A,골목상권,1000670,벚꽃로56길,88120,53315,34805,2357,23487,27042,19745,9931,5558,1065,11078,17525,13516,5965,4166,1292,12409,9517,6229,3966,1392
2018,1,A,골목상권,1000669,범안로17길,8928,6125,2803,52,1102,1964,2308,2272,1230,35,684,1426,1526,1481,973,17,418,538,782,791,257
2018,1,A,골목상권,1000668,범안로11길,29927,20089,9838,196,4897,8609,7933,5619,2673,121,2710,6099,5518,3645,1996,75,2187,2510,2415,1974,677
2018,1,A,골목상권,1000667,문성로5길,2640,1271,1369,4,270,566,702,688,410,0,99,244,333,318,277,4,171,322,369,370,133
2018,1,A,골목상권,1000666,독산로85길,1395,677,718,1,202,250,371,389,182,0,96,122,167,190,102,1,106,128,204,199,80
2018,1,A,골목상권,1000665,독산로78다길,960,367,593,1,106,153,268,279,153,0,26,52,91,106,92,1,80,101,177,173,61
2018,1,A,골목상권,1000664,독산로70길,1634,816,818,1,210,269,462,423,269,0,94,128,227,190,177,1,116,141,235,233,92
2018,1,A,골목상권,1000663,독산로64길,1008,385,623,1,96,145,289,284,193,0,17,42,89,119,118,1,79,103,200,165,75
2018,1,A,골목상권,1000662,독산로50길,744,243,501,1,89,155,252,186,61,1,29,53,55,62,43,0,60,102,197,124,18
2018,1,A,골목상권,1000661,독산로40길,829,250,579,0,83,122,259,267,98,0,23,41,69,79,38,0,60,81,190,188,60
2018,1,A,골목상권,1000660,독산로108길,5913,3731,2182,6,471,1001,1079,1142,2214,2,230,561,605,625,1708,4,241,440,474,517,506
2018,1,A,골목상권,1000659,남부순환로112길,6899,4189,2710,38,1191,2324,1724,1097,525,30,533,1490,1160,635,341,8,658,834,564,462,184
2018,1,A,골목상권,1000658,금하로24길,1850,986,864,1,138,306,553,609,243,1,35,122,275,376,177,0,103,184,278,233,66
2018,1,A,골목상권,1000657,금하로1길,623,264,359,2,27,61,115,156,262,1,12,32,55,82,82,1,15,29,60,74,180
2018,1,A,골목상권,1000656,금하로14길,2274,1109,1165,10,274,363,594,608,425,4,92,181,299,282,251,6,182,182,295,326,174
2018,1,A,골목상권,1000655,가산로5길,11515,7406,4109,56,1649,3043,3088,2562,1117,34,832,1967,2066,1649,858,22,817,1076,1022,913,259
2018,1,A,골목상권,1000654,가산로3길,30380,20471,9909,205,5026,8740,7953,5702,2754,127,2781,6174,5575,3732,2082,78,2245,2566,2378,1970,672
2018,1,A,골목상권,1000653,중앙로1길,5027,2942,2085,8,618,934,1183,1293,991,2,264,500,643,777,756,6,354,434,540,516,235
2018,1,A,골목상권,1000652,중앙로15길,1747,922,825,7,200,363,478,457,242,0,90,174,212,250,196,7,110,189,266,207,46
2018,1,A,골목상권,1000651,우마길,16111,10505,5606,93,3075,5027,4246,2411,1259,54,1594,3571,2891,1443,952,39,1481,1456,1355,968,307
2018,1,A,골목상권,1000650,오류로8길,2515,1285,1230,14,244,407,632,647,571,6,94,217,278,295,395,8,150,190,354,352,176
2018,1,A,골목상권,1000649,신도림로13길,2534,1761,773,6,230,496,677,727,398,5,132,318,449,529,328,1,98,178,228,198,70
2018,1,A,골목상권,1000648,새말로18길,16128,10332,5796,80,3311,4704,3546,2648,1839,27,1803,3259,2493,1620,1130,53,1508,1445,1053,1028,709
2018,1,A,골목상권,1000647,부일로1길,2231,1621,610,50,307,505,480,544,345,45,192,348,320,405,311,5,115,157,160,139,34
2018,1,A,골목상권,1000646,부일로15길,938,595,343,1,88,152,234,253,210,1,34,82,141,171,166,0,54,70,93,82,44
2018,1,A,골목상권,1000645,부일로11길,1661,912,749,1,172,394,435,438,221,1,68,230,229,233,151,0,104,164,206,205,70
2018,1,A,골목상권,1000644,디지털로32길,34819,20907,13912,171,7282,12263,9016,4013,2074,85,3262,7875,5676,2474,1535,86,4020,4388,3340,1539,539
2018,1,A,골목상권,1000643,디지털로32가길,34694,20897,13797,168,7241,12168,8868,4118,2131,86,3247,7840,5674,2515,1535,82,3994,4328,3194,1603,596
2018,1,A,골목상권,1000642,디지털로27길,53313,34693,18620,436,12356,18605,12741,5979,3196,264,5950,12693,9275,4005,2506,172,6406,5912,3466,1974,690
2018,1,A,골목상권,1000641,도림로6길,3515,2096,1419,20,634,927,905,652,377,9,264,571,562,425,265,11,370,356,343,227,112
2018,1,A,골목상권,1000640,도림로12길,7694,5061,2633,162,1578,2477,1998,989,490,114,819,1787,1455,585,301,48,759,690,543,404,189
2018,1,A,골목상권,1000639,남부순환로97길,1514,752,762,5,159,272,403,388,287,1,52,127,172,202,198,4,107,145,231,186,89
2018,1,A,골목상권,1000638,구로중앙로8길,2941,1479,1462,2,339,567,842,742,449,2,102,234,410,416,315,0,237,333,432,326,134
2018,1,A,골목상권,1000637,구로중앙로7길,2576,1295,1281,2,291,474,751,660,398,1,82,197,365,370,280,1,209,277,386,290,118
2018,1,A,골목상권,1000636,구로중앙로42길,12796,7758,5038,55,1897,4240,3143,2415,1046,31,864,2156,2006,1840,861,24,1033,2084,1137,575,185
2018,1,A,골목상권,1000635,구로중앙로34길,6546,3592,2954,53,733,1175,1481,1377,1727,40,375,761,929,767,720,13,358,414,552,610,1007
2018,1,A,골목상권,1000634,구로중앙로28길,17275,10962,6313,38,2143,4187,4106,3714,3087,15,1341,3045,2772,2245,1544,23,802,1142,1334,1469,1543
2018,1,A,골목상권,1000633,구로중앙로19길,5669,3160,2509,8,690,1487,1475,1348,661,2,272,770,802,912,402,6,418,717,673,436,259
2018,1,A,골목상권,1000632,구로동로8길,4916,2131,2785,4,1264,1789,1131,550,178,2,302,896,607,218,106,2,962,893,524,332,72
2018,1,A,골목상권,1000631,구로동로7길,22118,15571,6547,141,5128,7592,5720,2491,1046,96,2876,5540,4426,1828,805,45,2252,2052,1294,663,241
2018,1,A,골목상권,1000630,구로동로42길,7128,3631,3497,44,824,1534,1507,1546,1673,34,403,818,809,927,640,10,421,716,698,619,1033
2018,1,A,골목상권,1000629,구로동로41길,1014,519,495,2,155,205,297,243,112,1,75,109,147,110,77,1,80,96,150,133,35
2018,1,A,골목상권,1000628,구로동로38길,4798,2756,2042,7,589,1288,1203,1196,515,2,266,672,675,816,325,5,323,616,528,380,190
2018,1,A,골목상권,1000627,구로동로28길,6180,2892,3288,6,1419,1781,1414,1096,464,2,355,791,766,665,313,4,1064,990,648,431,151
2018,1,A,골목상권,1000626,구로동로15길,21975,15484,6491,141,5127,7559,5700,2484,964,96,2872,5518,4410,1826,762,45,2255,2041,1290,658,202
2018,1,A,골목상권,1000625,공원로6가길,16928,10837,6091,84,3357,4812,3777,2951,1947,32,1819,3326,2614,1822,1224,52,1538,1486,1163,1129,723
2018,1,A,골목상권,1000624,고척로52길,2363,1294,1069,2,206,461,627,713,354,2,100,240,314,383,255,0,106,221,313,330,99
2018,1,A,골목상권,1000623,고척로27다길,1187,475,712,0,101,249,382,341,114,0,29,85,126,159,76,0,72,164,256,182,38
2018,1,A,골목상권,1000622,고척로27길,1439,586,853,0,152,269,427,436,155,0,38,108,147,200,93,0,114,161,280,236,62
2018,1,A,골목상권,1000621,고척로21나길,1364,493,871,3,178,234,349,412,188,2,40,91,118,148,94,1,138,143,231,264,94
2018,1,A,골목상권,1000620,경인로47길,3797,2176,1621,6,471,706,872,895,847,1,193,395,492,517,578,5,278,311,380,378,269
2018,1,A,골목상권,1000619,경인로35길,2850,1397,1453,1,257,530,795,809,458,0,116,245,343,397,296,1,141,285,452,412,162
2018,1,A,골목상권,1000618,경인로31길,998,452,546,0,77,159,340,288,134,0,26,65,138,138,85,0,51,94,202,150,49
2018,1,A,골목상권,1000617,경인로15길,1279,665,614,1,171,271,353,282,201,0,50,144,185,146,140,1,121,127,168,136,61
2018,1,A,골목상권,1000616,개봉로3길,3927,2100,1827,2,140,201,315,552,2717,2,74,95,127,238,1564,0,66,106,188,314,1153
2018,1,A,골목상권,1000615,개봉로2길,4347,2251,2096,1,162,300,454,646,2784,1,54,121,195,279,1601,0,108,179,259,367,1183
2018,1,A,골목상권,1000614,개봉로23가길,2725,1494,1231,5,293,505,689,735,498,1,124,253,332,420,364,4,169,252,357,315,134
2018,1,A,골목상권,1000613,개봉로20길,1717,771,946,2,200,333,472,415,295,0,57,120,181,206,207,2,143,213,291,209,88
2018,1,A,골목상권,1000612,개봉로1길,3994,2213,1781,2,159,263,324,520,2726,2,80,170,163,226,1572,0,79,93,161,294,1154
2018,1,A,골목상권,1000611,개봉로17다길,2225,874,1351,6,286,402,593,615,323,2,81,156,241,212,182,4,205,246,352,403,141
2018,1,A,골목상권,1000610,개봉로17길,1907,722,1185,4,233,365,517,540,248,2,63,141,205,175,136,2,170,224,312,365,112
2018,1,A,골목상권,1000609,개봉로11길,5267,2581,2686,6,329,461,669,928,2874,4,129,199,270,347,1632,2,200,262,399,581,1242
2018,1,A,골목상권,1000608,화곡로64길,17541,9970,7571,190,3721,4297,3918,3661,1754,111,1724,2692,2545,1874,1024,79,1997,1605,1373,1787,730
2018,1,A,골목상권,1000607,화곡로59길,11746,6914,4832,69,1835,2374,2620,3125,1723,43,1091,1638,1713,1495,934,26,744,736,907,1630,789
2018,1,A,골목상권,1000606,화곡로44나길,6233,3861,2372,9,695,1517,1653,1617,742,5,316,832,1013,1128,567,4,379,685,640,489,175
2018,1,A,골목상권,1000605,화곡로31길,3526,1607,1919,14,526,718,900,830,538,2,147,334,405,379,340,12,379,384,495,451,198
2018,1,A,골목상권,1000604,화곡로20길,2674,1468,1206,11,247,493,693,780,450,9,106,275,345,422,311,2,141,218,348,358,139
2018,1,A,골목상권,1000603,화곡로13길,2205,1166,1039,6,215,407,553,656,368,4,71,187,262,367,275,2,144,220,291,289,93
2018,1,A,골목상권,1000602,초원로16길,3416,1855,1561,17,490,852,788,690,579,6,181,472,484,406,306,11,309,380,304,284,273
2018,1,A,골목상권,1000601,초록마을로8길,881,247,634,5,98,195,261,197,125,2,23,53,64,58,47,3,75,142,197,139,78
2018,1,A,골목상권,1000600,초록마을로3길,2605,1684,921,4,254,480,667,642,558,3,106,278,426,430,441,1,148,202,241,212,117
2018,1,A,골목상권,1000599,월정로20길,1814,1161,653,7,153,278,433,595,348,3,68,158,288,391,253,4,85,120,145,204,95
2018,1,A,골목상권,1000598,우장산로6길,2844,1334,1510,4,411,669,740,691,329,2,108,280,356,373,215,2,303,389,384,318,114
2018,1,A,골목상권,1000597,양천로73가길,3898,2600,1298,25,418,981,1023,916,535,18,238,637,673,606,428,7,180,344,350,310,107
2018,1,A,골목상권,1000596,양천로71길,3315,1984,1331,8,306,763,930,877,431,6,131,413,541,544,349,2,175,350,389,333,82
2018,1,A,골목상권,1000595,양천로49길,4078,2721,1357,28,347,725,954,1190,834,22,189,464,595,750,701,6,158,261,359,440,133
2018,1,A,골목상권,1000594,양천로26길,1780,1094,686,13,194,343,491,460,279,12,105,214,302,268,193,1,89,129,189,192,86
2018,1,A,골목상권,1000593,양천로24길,2870,1516,1354,14,315,670,768,712,391,10,142,410,396,334,224,4,173,260,372,378,167
2018,1,A,골목상권,1000592,양천로24가길,3163,1665,1498,14,359,755,848,727,460,10,154,454,463,332,252,4,205,301,385,395,208
2018,1,A,골목상권,1000591,양천로14길,8138,5415,2723,9,1433,2092,1977,1939,688,0,600,1524,1416,1404,471,9,833,568,561,535,217
2018,1,A,골목상권,1000590,방화대로6라길,6484,4496,1988,29,1112,1400,2059,1327,557,21,653,1001,1505,909,407,8,459,399,554,418,150
2018,1,A,골목상권,1000589,방화대로21길,2881,1509,1372,20,393,626,661,586,595,6,138,343,380,332,310,14,255,283,281,254,285
2018,1,A,골목상권,1000588,등촌로5길,1809,936,873,8,178,358,480,470,315,2,66,183,245,243,197,6,112,175,235,227,118
2018,1,A,골목상권,1000587,등촌로55길,3341,1860,1481,11,391,720,779,776,664,5,151,401,465,446,392,6,240,319,314,330,272
2018,1,A,골목상권,1000586,등촌로51길,2474,1312,1162,7,239,494,563,621,550,2,69,274,320,330,317,5,170,220,243,291,233
2018,1,A,골목상권,1000585,등촌로39길,1450,597,853,5,144,236,313,362,390,3,36,97,146,146,169,2,108,139,167,216,221
2018,1,A,골목상권,1000584,등촌로13길,1730,801,929,3,164,356,464,513,230,1,53,170,167,266,144,2,111,186,297,247,86
2018,1,A,골목상권,1000583,남부순환로11길,4240,3410,830,4,571,962,1489,840,374,3,441,746,1241,696,283,1,130,216,248,144,91
2018,1,A,골목상권,1000582,까치산로4길,1944,770,1174,9,290,452,504,431,258,4,74,203,200,168,121,5,216,249,304,263,137
2018,1,A,골목상권,1000581,국회대로7길,3776,1770,2006,6,474,887,1058,841,510,2,161,436,489,368,314,4,313,451,569,473,196
2018,1,A,골목상권,1000580,공항대로8길,5001,3753,1248,16,738,1203,1626,959,459,6,494,889,1317,719,328,10,244,314,309,240,131
2018,1,A,골목상권,1000579,공항대로61길,5156,3111,2045,26,700,1349,1294,1046,741,10,272,789,797,677,566,16,428,560,497,369,175
2018,1,A,골목상권,1000578,공항대로59다길,7234,4416,2818,29,868,1852,2042,1566,877,13,335,1050,1331,1022,665,16,533,802,711,544,212
2018,1,A,골목상권,1000577,공항대로59길,5021,3066,1955,24,754,1259,1243,1015,726,9,328,763,749,662,555,15,426,496,494,353,171
2018,1,A,골목상권,1000576,공항대로55길,10534,5924,4610,132,2417,3007,2485,1664,829,73,866,1726,1652,1081,526,59,1551,1281,833,583,303
2018,1,A,골목상권,1000575,공항대로42길,5228,2579,2649,23,633,990,1198,1326,1058,16,271,548,651,588,505,7,362,442,547,738,553
2018,1,A,골목상권,1000574,공항대로38길,3286,1506,1780,75,544,620,806,725,516,39,224,291,367,296,289,36,320,329,439,429,227
2018,1,A,골목상권,1000573,곰달래로60길,3062,1348,1714,10,422,709,811,700,410,1,121,319,380,294,233,9,301,390,431,406,177
2018,1,A,골목상권,1000572,곰달래로53길,1096,432,664,2,111,215,329,309,130,1,24,84,114,136,73,1,87,131,215,173,57
2018,1,A,골목상권,1000571,곰달래로47길,945,393,552,1,80,189,294,261,120,1,22,82,105,113,70,0,58,107,189,148,50
2018,1,A,골목상권,1000570,곰달래로31길,1494,592,902,0,173,304,413,401,203,0,63,135,158,123,113,0,110,169,255,278,90
2018,1,A,골목상권,1000569,곰달래로25길,1876,700,1176,6,246,381,501,485,257,2,73,159,198,137,131,4,173,222,303,348,126
2018,1,A,골목상권,1000568,개화동로25길,12447,8746,3701,40,2831,3096,2831,2543,1106,17,1266,2097,2288,2137,941,23,1565,999,543,406,165
2018,1,A,골목상권,1000567,개화동로23길,9478,6019,3459,35,2373,2409,1749,1802,1110,15,866,1513,1327,1461,837,20,1507,896,422,341,273
2018,1,A,골목상권,1000566,강서로8길,3864,1995,1869,9,493,855,1025,992,490,3,226,498,529,436,303,6,267,357,496,556,187
2018,1,A,골목상권,1000565,강서로5라길,2764,1478,1286,8,324,667,804,646,315,5,166,409,402,283,213,3,158,258,402,363,102
2018,1,A,골목상권,1000564,강서로5나길,2324,1484,840,6,194,354,552,784,434,3,103,220,373,493,292,3,91,134,179,291,142
2018,1,A,골목상권,1000563,강서로5가길,2937,1461,1476,9,382,612,760,780,394,3,164,357,400,330,207,6,218,255,360,450,187
2018,1,A,골목상권,1000562,강서로47라길,3080,1198,1882,9,396,696,847,841,291,3,81,239,319,370,186,6,315,457,528,471,105
2018,1,A,골목상권,1000561,강서로47길,2785,1052,1733,6,383,625,782,708,281,2,72,209,295,300,174,4,311,416,487,408,107
2018,1,A,골목상권,1000560,강서로45다길,2112,985,1127,6,260,333,506,595,412,1,81,147,220,290,246,5,179,186,286,305,166
2018,1,A,골목상권,1000559,강서로45길,1783,661,1122,6,211,343,452,520,251,2,52,145,156,188,118,4,159,198,296,332,133
2018,1,A,골목상권,1000558,강서로35길,2537,1254,1283,11,360,490,663,607,406,0,114,224,325,305,286,11,246,266,338,302,120
2018,1,A,골목상권,1000557,강서로29길,3402,1637,1765,12,428,679,919,874,490,5,139,333,437,413,310,7,289,346,482,461,180
2018,1,A,골목상권,1000556,강서로18길,1503,593,910,2,158,293,387,402,261,0,51,130,150,128,134,2,107,163,237,274,127
2018,1,A,골목상권,1000555,강서로17가길,1331,527,804,2,153,266,357,363,190,1,53,113,150,110,100,1,100,153,207,253,90
2018,1,A,골목상권,1000554,강서로15길,2384,1251,1133,16,254,447,613,676,378,8,96,211,329,373,234,8,158,236,284,303,144
2018,1,A,골목상권,1000553,가로공원로80길,1606,781,825,8,158,295,460,451,234,7,64,155,214,216,125,1,94,140,246,235,109
2018,1,A,골목상권,1000552,가로공원로76가길,1966,1076,890,10,186,355,510,582,323,6,78,159,281,343,209,4,108,196,229,239,114
2018,1,A,골목상권,1000551,화곡로4길,3911,2548,1363,3,307,632,782,924,1263,3,95,312,401,592,1145,0,212,320,381,332,118
2018,1,A,골목상권,1000550,화곡로3길,1714,776,938,5,202,396,513,441,157,5,50,166,222,219,114,0,152,230,291,222,43
2018,1,A,골목상권,1000549,지양로7길,1546,906,640,3,95,201,430,561,256,2,31,95,226,353,199,1,64,106,204,208,57
2018,1,A,골목상권,1000548,중앙로55길,3860,2154,1706,7,425,830,1055,1041,502,3,213,510,554,551,323,4,212,320,501,490,179
2018,1,A,골목상권,1000547,중앙로51길,2970,1530,1440,5,284,587,844,833,417,2,137,314,394,432,251,3,147,273,450,401,166
2018,1,A,골목상권,1000546,중앙로47길,1350,509,841,1,160,233,344,368,244,0,38,93,119,141,118,1,122,140,225,227,126
2018,1,A,골목상권,1000545,중앙로45길,1852,832,1020,2,182,327,459,479,403,0,50,138,194,238,212,2,132,189,265,241,191
2018,1,A,골목상권,1000544,중앙로36길,2359,1118,1241,10,362,487,539,554,407,4,178,255,227,234,220,6,184,232,312,320,187
2018,1,A,골목상권,1000543,중앙로32길,3208,1914,1294,10,299,660,838,714,687,4,115,335,489,447,524,6,184,325,349,267,163
2018,1,A,골목상권,1000542,중앙로25길,1046,391,655,1,121,184,265,273,202,0,30,72,90,100,99,1,91,112,175,173,103
2018,1,A,골목상권,1000541,은행정로7길,4083,2396,1687,14,447,619,726,879,1398,8,208,336,324,425,1095,6,239,283,402,454,303
2018,1,A,골목상권,1000540,은행정로5길,2233,1069,1164,11,344,454,510,532,382,5,178,248,219,231,188,6,166,206,291,301,194
2018,1,A,골목상권,1000539,오목로5길,2852,1755,1097,4,219,503,680,872,574,3,94,299,341,552,466,1,125,204,339,320,108
2018,1,A,골목상권,1000538,오목로3길,3636,2509,1127,10,243,530,740,1193,920,8,108,341,421,853,778,2,135,189,319,340,142
2018,1,A,골목상권,1000537,오목로30길,4622,2742,1880,18,420,652,910,1074,1548,14,200,341,412,569,1206,4,220,311,498,505,342
2018,1,A,골목상권,1000536,오목로23길,3959,2351,1608,12,414,809,1014,929,781,9,213,516,534,504,575,3,201,293,480,425,206
2018,1,A,골목상권,1000535,신월로20길,1555,676,879,1,201,310,415,388,240,0,71,137,187,139,142,1,130,173,228,249,98
2018,1,A,골목상권,1000534,신월로15길,3091,1731,1360,3,246,457,730,948,707,1,96,216,321,558,539,2,150,241,409,390,168
2018,1,A,골목상권,1000533,신목로6길,2663,1013,1650,8,354,552,750,638,361,2,76,232,273,227,203,6,278,320,477,411,158
2018,1,A,골목상권,1000532,신목로5길,2083,928,1155,7,208,422,636,551,259,4,62,170,259,275,158,3,146,252,377,276,101
2018,1,A,골목상권,1000531,신목로2길,1677,725,952,6,173,307,499,442,250,1,45,137,201,180,161,5,128,170,298,262,89
2018,1,A,골목상권,1000530,목동중앙서로8가길,1504,814,690,6,153,246,364,415,320,1,56,122,193,217,225,5,97,124,171,198,95
2018,1,A,골목상권,1000529,목동중앙서로7길,2224,1172,1052,7,199,382,557,665,414,2,80,192,248,364,286,5,119,190,309,301,128
2018,1,A,골목상권,1000528,목동중앙북로8길,2627,1290,1337,14,262,475,598,632,646,4,71,244,308,304,359,10,191,231,290,328,287
2018,1,A,골목상권,1000527,목동중앙북로16길,2436,1460,976,10,301,552,823,527,223,5,94,326,555,324,156,5,207,226,268,203,67
2018,1,A,골목상권,1000526,목동중앙본로7길,1828,849,979,3,152,344,424,522,383,2,60,176,142,247,222,1,92,168,282,275,161
2018,1,A,골목상권,1000525,목동중앙로3길,1238,489,749,2,131,250,346,334,175,1,43,90,107,134,114,1,88,160,239,200,61
2018,1,A,골목상권,1000524,목동중앙로13나길,1892,1214,678,9,259,514,507,449,154,4,124,335,303,330,118,5,135,179,204,119,36
2018,1,A,골목상권,1000523,목동중앙남로3가길,1649,814,835,3,136,309,374,454,373,1,59,166,142,234,212,2,77,143,232,220,161
2018,1,A,골목상권,1000522,목동로9길,5208,2646,2562,16,573,1075,1342,1218,984,7,176,502,685,631,645,9,397,573,657,587,339
2018,1,A,골목상권,1000521,목동로19길,7395,3979,3416,18,767,1444,1757,1602,1807,9,211,636,883,850,1390,9,556,808,874,752,417
2018,1,A,골목상권,1000520,목동동로8길,1887,814,1073,6,179,392,577,504,229,3,47,142,228,250,144,3,132,250,349,254,85
2018,1,A,골목상권,1000519,목동동로12길,6296,3499,2797,32,1115,1652,1672,1187,638,11,451,946,1025,696,370,21,664,706,647,491,268
2018,1,A,골목상권,1000518,목동남로4길,1530,820,710,6,214,314,351,335,310,5,113,190,165,177,170,1,101,124,186,158,140
2018,1,A,골목상권,1000517,남부순환로88길,2015,1577,438,1,107,256,463,596,592,0,39,159,351,480,548,1,68,97,112,116,44
2018,1,A,골목상권,1000516,남부순환로79길,1935,986,949,0,185,283,509,548,410,0,68,135,227,279,277,0,117,148,282,269,133
2018,1,A,골목상권,1000515,남부순환로70길,3310,2193,1117,14,207,402,774,1173,740,11,89,251,440,802,600,3,118,151,334,371,140
2018,1,A,골목상권,1000514,남부순환로58길,1550,779,771,15,178,307,434,444,172,13,90,172,208,199,97,2,88,135,226,245,75
2018,1,A,골목상권,1000513,남부순환로40길,3678,2408,1270,3,281,593,750,900,1151,3,92,294,392,572,1055,0,189,299,358,328,96
2018,1,A,골목상권,1000512,남부순환로33길,2928,1841,1087,4,204,433,560,643,1084,4,82,212,248,334,961,0,122,221,312,309,123
2018,1,A,골목상권,1000511,곰달래로5길,3786,2322,1464,10,294,628,864,848,1142,9,120,341,426,448,978,1,174,287,438,400,164
2018,1,A,골목상권,1000510,곰달래로3길,2315,1258,1057,9,198,403,636,747,322,7,87,201,336,423,204,2,111,202,300,324,118
2018,1,A,골목상권,1000509,곰달래로2길,3077,2126,951,17,214,418,783,1062,583,13,94,275,529,756,459,4,120,143,254,306,124
2018,1,A,골목상권,1000508,곰달래로10길,2827,1745,1082,13,227,506,702,877,502,9,96,299,404,573,364,4,131,207,298,304,138
2018,1,A,골목상권,1000507,가로공원로58길,2579,1502,1077,3,238,528,637,794,379,3,73,258,337,517,314,0,165,270,300,277,65
2018,1,A,골목상권,1000506,효창원로93길,4660,2191,2469,12,982,1169,1277,875,345,3,349,524,584,526,205,9,633,645,693,349,140
2018,1,A,골목상권,1000505,토정로37길,17097,10418,6679,43,2621,4401,4310,3415,2307,23,1113,2766,2992,2002,1522,20,1508,1635,1318,1413,785
2018,1,A,골목상권,1000504,월드컵로8길,20688,10916,9772,159,4538,6947,5092,2497,1455,33,1553,3435,3203,1696,996,126,2985,3512,1889,801,459
2018,1,A,골목상권,1000503,월드컵로7길,13203,7539,5664,87,2609,4154,3382,1892,1079,12,919,2255,2297,1334,722,75,1690,1899,1085,558,357
2018,1,A,골목상권,1000502,월드컵로36길,5976,2331,3645,17,511,791,1095,1930,1632,7,203,407,557,570,587,10,308,384,538,1360,1045
2018,1,A,골목상권,1000501,월드컵로25길,2032,1080,952,5,276,470,564,464,253,4,120,262,305,217,172,1,156,208,259,247,81
2018,1,A,골목상권,1000500,월드컵로19길,7248,3888,3360,54,1497,1590,1583,1230,1294,25,608,893,878,564,920,29,889,697,705,666,374
2018,1,A,골목상권,1000499,월드컵로16길,10586,5638,4948,64,2276,2637,2398,1698,1513,24,902,1415,1371,850,1076,40,1374,1222,1027,848,437
2018,1,A,골목상권,1000498,월드컵로11길,6277,3307,2970,49,1431,1383,1271,1046,1097,23,591,747,708,455,783,26,840,636,563,591,314
2018,1,A,골목상권,1000497,월드컵로10길,12933,6806,6127,101,2843,3396,2793,1976,1824,35,1138,1773,1617,986,1257,66,1705,1623,1176,990,567
2018,1,A,골목상권,1000496,와우산로3길,5351,3247,2104,106,1753,1644,1042,512,294,46,850,1144,700,317,190,60,903,500,342,195,104
2018,1,A,골목상권,1000495,와우산로29길,4911,2400,2511,18,1192,1205,1172,779,545,5,575,673,559,322,266,13,617,532,613,457,279
2018,1,A,골목상권,1000494,와우산로29가길,6452,4097,2355,40,1500,1643,1533,1103,633,10,731,1089,1020,762,485,30,769,554,513,341,148
2018,1,A,골목상권,1000493,양화진길,9779,5000,4779,77,2180,3358,2390,1172,602,10,691,1674,1456,777,392,67,1489,1684,934,395,210
2018,1,A,골목상권,1000492,양화로1길,8345,4308,4037,76,1865,2835,1994,930,645,10,627,1387,1198,612,474,66,1238,1448,796,318,171
2018,1,A,골목상권,1000491,양화로11길,14707,7942,6765,93,3069,4769,3610,1940,1226,29,1115,2403,2256,1300,839,64,1954,2366,1354,640,387
2018,1,A,골목상권,1000490,신촌로30길,1105,391,714,8,200,302,274,197,124,8,31,84,105,91,72,0,169,218,169,106,52
2018,1,A,골목상권,1000489,신촌로28가길,773,277,496,8,113,236,205,135,76,8,25,61,68,68,47,0,88,175,137,67,29
2018,1,A,골목상권,1000488,신촌로12길,6897,3179,3718,21,1526,1665,1647,1204,834,10,589,792,841,542,405,11,937,873,806,662,429
2018,1,A,골목상권,1000487,숭문길,29321,17089,12232,330,4893,5714,7373,9604,1407,116,1917,2826,3746,7420,1064,214,2976,2888,3627,2184,343
2018,1,A,골목상권,1000486,숭문8길,10280,6558,3722,41,1353,2268,2753,2665,1200,15,656,1342,1793,1867,885,26,697,926,960,798,315
2018,1,A,골목상권,1000485,성지3길,3399,1969,1430,7,681,966,865,578,302,5,255,580,553,381,195,2,426,386,312,197,107
2018,1,A,골목상권,1000484,성산로4길,7183,3257,3926,18,812,1266,1459,2108,1520,5,327,711,848,810,556,13,485,555,611,1298,964
2018,1,A,골목상권,1000483,성미산로32길,3333,1843,1490,16,715,989,820,534,259,6,337,566,443,312,179,10,378,423,377,222,80
2018,1,A,골목상권,1000482,성미산로1길,8173,4374,3799,58,1440,1610,1908,1617,1540,25,605,918,1041,731,1054,33,835,692,867,886,486
2018,1,A,골목상권,1000481,성미산로11길,5246,3015,2231,31,896,1449,1325,980,565,11,375,818,814,600,397,20,521,631,511,380,168
2018,1,A,골목상권,1000480,백범로16길,38110,22233,15877,356,6112,8066,9460,11708,2408,123,2589,4508,5165,8221,1627,233,3523,3558,4295,3487,781
2018,1,A,골목상권,1000479,방울내로9안길,6320,2641,3679,18,621,956,1251,1955,1519,8,255,523,690,627,538,10,366,433,561,1328,981
2018,1,A,골목상권,1000478,모래내로7길,1372,685,687,2,171,264,366,344,225,0,56,113,193,186,137,2,115,151,173,158,88
2018,1,A,골목상권,1000477,매봉산로2길,19441,11932,7509,40,3739,7030,5505,2276,851,11,1465,4233,3906,1638,679,29,2274,2797,1599,638,172
2018,1,A,골목상권,1000476,망원로2길,2712,1526,1186,7,452,712,731,533,277,2,195,416,433,280,200,5,257,296,298,253,77
2018,1,A,골목상권,1000475,망원로11길,4692,2762,1930,26,725,1118,1291,893,639,16,304,670,766,546,460,10,421,448,525,347,179
2018,1,A,골목상권,1000474,만리재옛길,9819,5011,4808,33,1981,3001,2602,1435,767,6,631,1515,1536,882,441,27,1350,1486,1066,553,326
2018,1,A,골목상권,1000473,마포대로4길,17032,9975,7057,50,2666,4231,4249,3440,2396,21,1087,2546,2814,1951,1556,29,1579,1685,1435,1489,840
2018,1,A,골목상권,1000472,마포대로20길,11024,5983,5041,30,2369,3692,2862,1350,721,6,967,2055,1739,805,411,24,1402,1637,1123,545,310
2018,1,A,골목상권,1000471,마포대로12길,23204,13477,9727,155,4807,7406,6288,3578,970,53,1786,4112,4244,2588,694,102,3021,3294,2044,990,276
2018,1,A,골목상권,1000470,동교로38길,4176,2364,1812,21,861,1238,1094,631,331,13,374,722,679,355,221,8,487,516,415,276,110
2018,1,A,골목상권,1000469,동교로27길,11278,5188,6090,71,3066,3366,2323,1495,957,26,903,1680,1400,719,460,45,2163,1686,923,776,497
2018,1,A,골목상권,1000468,동교로25길,16792,8398,8394,108,4035,4848,3623,2610,1568,35,1198,2508,2299,1473,885,73,2837,2340,1324,1137,683
2018,1,A,골목상권,1000467,동교로19길,12894,7178,5716,87,2674,3962,3124,2008,1039,27,956,2124,2021,1304,746,60,1718,1838,1103,704,293
2018,1,A,골목상권,1000466,동교로17길,17191,9351,7840,128,3532,4616,3902,2880,2133,36,1338,2457,2432,1627,1461,92,2194,2159,1470,1253,672
2018,1,A,골목상권,1000465,독막로8길,6761,3811,2950,106,2135,2119,1385,666,350,47,940,1332,874,403,215,59,1195,787,511,263,135
2018,1,A,골목상권,1000464,독막로32길,4323,2421,1902,27,620,1067,1224,822,563,15,291,593,719,421,382,12,329,474,505,401,181
2018,1,A,골목상권,1000463,독막로22길,2802,1441,1361,21,578,840,662,441,260,6,202,421,394,259,159,15,376,419,268,182,101
2018,1,A,골목상권,1000462,도화길,25604,15297,10307,102,4681,6581,6523,5117,2600,43,2235,4097,4335,2888,1699,59,2446,2484,2188,2229,901
2018,1,A,골목상권,1000461,도화4길,13485,7268,6217,67,2287,3297,3219,2875,1740,26,1003,1969,1884,1301,1085,41,1284,1328,1335,1574,655
2018,1,A,골목상권,1000460,대흥로28길,2302,898,1404,16,363,576,672,422,253,9,98,203,243,202,143,7,265,373,429,220,110
2018,1,A,골목상권,1000459,대흥로21길,6760,3269,3491,56,1218,1817,1678,1256,735,23,410,816,836,722,462,33,808,1001,842,534,273
2018,1,A,골목상권,1000458,광성로6길,3839,2007,1832,16,595,946,1016,780,486,5,252,457,559,404,330,11,343,489,457,376,156
2018,1,A,골목상권,1000457,홍제내길,1067,539,528,1,144,228,277,249,168,0,35,110,157,129,108,1,109,118,120,120,60
2018,1,A,골목상권,1000456,홍연길,1440,840,600,0,131,243,349,434,283,0,42,124,197,270,207,0,89,119,152,164,76
2018,1,A,골목상권,1000455,통일로39길,1314,490,824,3,196,281,311,289,234,1,36,99,119,125,110,2,160,182,192,164,124
2018,1,A,골목상권,1000454,통일로37길,1562,584,978,5,251,346,395,327,238,2,48,121,146,138,129,3,203,225,249,189,109
2018,1,A,골목상권,1000453,통일로11길,1139,413,726,0,139,276,325,285,114,0,25,79,125,118,66,0,114,197,200,167,48
2018,1,A,골목상권,1000452,충정로6길,73128,43697,29431,151,12226,24375,22072,11709,2595,47,4993,13939,14006,8752,1960,104,7233,10436,8066,2957,635
2018,1,A,골목상권,1000451,충정로4길,29792,18370,11422,67,5051,10056,8164,4388,2066,27,2190,6077,5553,3045,1478,40,2861,3979,2611,1343,588
2018,1,A,골목상권,1000450,증가로6길,1435,865,570,1,134,237,359,415,289,0,40,116,210,284,215,1,94,121,149,131,74
2018,1,A,골목상권,1000449,증가로23나길,2243,1054,1189,5,261,418,580,622,357,2,98,189,229,297,239,3,163,229,351,325,118
2018,1,A,골목상권,1000448,증가로20가길,1576,750,826,7,192,304,442,412,219,1,60,125,161,227,176,6,132,179,281,185,43
2018,1,A,골목상권,1000447,증가로10길,1823,1005,818,1,219,341,463,470,329,0,76,162,236,295,236,1,143,179,227,175,93
2018,1,A,골목상권,1000446,응암로1길,3340,1932,1408,28,455,813,838,789,417,16,218,526,480,432,260,12,237,287,358,357,157
2018,1,A,골목상권,1000445,연희로10길,1954,1035,919,6,348,379,455,441,325,1,137,192,206,264,235,5,211,187,249,177,90
2018,1,A,골목상권,1000444,신촌로37길,5643,3141,2502,16,1003,2004,1309,829,482,1,463,1177,798,441,261,15,540,827,511,388,221
2018,1,A,골목상권,1000443,수색로8길,4865,4008,857,8,229,402,524,806,2896,6,94,230,345,628,2705,2,135,172,179,178,191
2018,1,A,골목상권,1000442,세무서길,1981,738,1243,3,275,459,508,432,304,1,64,145,176,186,166,2,211,314,332,246,138
2018,1,A,골목상권,1000441,세무서2길,1806,668,1138,6,278,355,476,399,292,3,62,120,160,157,166,3,216,235,316,242,126
2018,1,A,골목상권,1000440,세검정로1길,1357,620,737,0,145,283,338,264,327,0,46,97,127,129,221,0,99,186,211,135,106
2018,1,A,골목상권,1000439,북아현로4길,7007,4281,2726,17,1136,2179,1474,1217,984,1,518,1315,964,767,716,16,618,864,510,450,268
2018,1,A,골목상권,1000438,모래내로15길,1921,764,1157,1,271,434,520,418,277,0,67,154,193,177,173,1,204,280,327,241,104
2018,1,A,골목상권,1000437,명지대길,2170,1143,1027,8,312,441,562,575,272,2,120,204,270,351,196,6,192,237,292,224,76
2018,1,A,골목상권,1000436,독립문로8길,3085,1644,1441,4,410,732,909,698,332,0,150,364,525,392,213,4,260,368,384,306,119
2018,1,A,골목상권,1000435,가재울로6길,1504,781,723,1,209,313,369,380,232,0,53,140,198,227,163,1,156,173,171,153,69
2018,1,A,골목상권,1000434,통일로92길,1728,863,865,8,208,400,487,443,182,3,90,208,221,230,111,5,118,192,266,213,71
2018,1,A,골목상권,1000433,통일로87길,1647,724,923,9,210,313,475,402,238,3,76,150,191,179,125,6,134,163,284,223,113
2018,1,A,골목상권,1000432,통일로78길,2398,968,1430,15,322,434,556,573,498,6,98,194,227,206,237,9,224,240,329,367,261
2018,1,A,골목상권,1000431,통일로69길,1618,666,952,7,237,310,487,368,209,2,89,140,195,130,110,5,148,170,292,238,99
2018,1,A,골목상권,1000430,진흥로1길,5227,2613,2614,9,466,825,1133,1251,1543,5,193,455,596,648,716,4,273,370,537,603,827
2018,1,A,골목상권,1000429,진흥로12길,5082,2327,2755,13,839,1344,1374,1011,501,4,278,591,698,475,281,9,561,753,676,536,220
2018,1,A,골목상권,1000428,증산서길,4762,3916,846,11,212,388,523,786,2842,6,104,221,328,615,2642,5,108,167,195,171,200
2018,1,A,골목상권,1000427,증산로9길,2231,1304,927,22,303,605,571,473,257,13,163,380,325,250,173,9,140,225,246,223,84
2018,1,A,골목상권,1000426,증산로5길,1712,927,785,10,190,319,440,480,273,5,83,141,219,288,191,5,107,178,221,192,82
2018,1,A,골목상권,1000425,증산로21길,2088,992,1096,6,253,375,525,547,382,0,75,176,239,271,231,6,178,199,286,276,151
2018,1,A,골목상권,1000424,증산로17길,2330,1048,1282,9,278,354,526,589,574,4,115,156,223,251,299,5,163,198,303,338,275
2018,1,A,골목상권,1000423,증산로15길,1603,773,830,0,121,217,343,449,473,0,46,98,161,215,253,0,75,119,182,234,220
2018,1,A,골목상권,1000422,증산로13길,1866,883,983,1,163,272,439,498,493,1,67,124,202,234,255,0,96,148,237,264,238
2018,1,A,골목상권,1000421,응암로34길,3204,1231,1973,7,292,505,592,714,1094,3,122,215,247,263,381,4,170,290,345,451,713
2018,1,A,골목상권,1000420,응암로22길,1269,565,704,2,156,330,332,300,149,1,58,136,151,152,67,1,98,194,181,148,82
2018,1,A,골목상권,1000419,응암로14길,2183,923,1260,8,333,512,635,456,239,4,132,213,254,191,129,4,201,299,381,265,110
2018,1,A,골목상권,1000418,응암로13길,2213,1002,1211,11,293,412,567,550,380,5,125,183,235,228,226,6,168,229,332,322,154
2018,1,A,골목상권,1000417,응암로12길,1507,626,881,3,183,336,457,350,178,1,66,140,185,138,96,2,117,196,272,212,82
2018,1,A,골목상권,1000416,은평로8길,4060,1824,2236,11,410,629,801,934,1275,5,158,324,386,418,533,6,252,305,415,516,742
2018,1,A,골목상권,1000415,은평로3길,2898,1442,1456,7,364,578,769,757,423,2,118,276,345,406,295,5,246,302,424,351,128
2018,1,A,골목상권,1000414,은평로20길,801,304,497,1,152,241,201,119,87,0,33,83,86,46,56,1,119,158,115,73,31
2018,1,A,골목상권,1000413,은평로13길,7877,3846,4031,18,720,1426,1853,2015,1845,10,288,648,913,1084,903,8,432,778,940,931,942
2018,1,A,골목상권,1000412,은평로10길,4080,1706,2374,10,321,580,793,1002,1374,6,128,257,355,374,586,4,193,323,438,628,788
2018,1,A,골목상권,1000411,연서로5길,2390,1332,1058,5,204,419,571,635,556,3,89,214,293,348,385,2,115,205,278,287,171
2018,1,A,골목상권,1000410,연서로41길,1381,722,659,3,161,349,419,356,93,3,71,184,209,198,57,0,90,165,210,158,36
2018,1,A,골목상권,1000409,연서로3길,1308,621,687,2,154,262,368,340,182,0,66,116,142,167,130,2,88,146,226,173,52
2018,1,A,골목상권,1000408,연서로34길,1043,379,664,2,114,198,321,259,149,2,31,74,110,87,75,0,83,124,211,172,74
2018,1,A,골목상권,1000407,연서로33길,2054,697,1357,8,357,401,495,428,365,3,70,139,160,157,168,5,287,262,335,271,197
2018,1,A,골목상권,1000406,연서로29길,2040,743,1297,10,407,443,546,387,247,3,110,170,197,149,114,7,297,273,349,238,133
2018,1,A,골목상권,1000405,연서로28길,3374,1349,2025,18,562,705,831,737,521,7,172,299,344,286,241,11,390,406,487,451,280
2018,1,A,골목상권,1000404,연서로27길,2648,1181,1467,9,376,528,700,587,448,3,121,251,289,245,272,6,255,277,411,342,176
2018,1,A,골목상권,1000403,연서로21길,4102,2056,2046,15,422,634,1015,1288,728,5,115,304,466,731,435,10,307,330,549,557,293
2018,1,A,골목상권,1000402,연서로17길,4038,1921,2117,17,440,653,1037,1285,606,6,123,303,461,698,330,11,317,350,576,587,276
2018,1,A,골목상권,1000401,연서로16길,3943,1739,2204,13,489,684,1005,994,758,6,147,304,423,395,464,7,342,380,582,599,294
2018,1,A,골목상권,1000400,연서로13길,3902,1791,2111,16,442,635,1009,1286,514,4,131,259,441,669,287,12,311,376,568,617,227
2018,1,A,골목상권,1000399,연서로11길,2778,1403,1375,9,285,480,672,725,607,3,116,227,328,346,383,6,169,253,344,379,224
2018,1,A,골목상권,1000398,역말로9길,2866,1115,1751,17,391,528,725,716,489,6,127,220,299,247,216,11,264,308,426,469,273
2018,1,A,골목상권,1000397,수색로18길,1016,400,616,4,204,258,226,195,129,2,24,94,94,114,72,2,180,164,132,81,57
2018,1,A,골목상권,1000396,서오릉로8길,1518,650,868,1,169,266,431,419,232,0,59,126,175,162,128,1,110,140,256,257,104
2018,1,A,골목상권,1000395,서오릉로21길,1943,1159,784,4,92,248,445,761,393,1,27,90,239,563,239,3,65,158,206,198,154
2018,1,A,골목상권,1000394,불광천길,2304,1065,1239,12,342,476,554,545,375,5,148,236,241,239,196,7,194,240,313,306,179
2018,1,A,골목상권,1000393,갈현로7길,2257,808,1449,3,357,524,558,572,243,0,98,172,190,213,135,3,259,352,368,359,108
2018,1,A,골목상권,1000392,갈현로41길,1033,478,555,2,116,214,286,262,153,1,43,101,121,128,84,1,73,113,165,134,69
2018,1,A,골목상권,1000391,갈현로33길,1356,490,866,6,166,344,382,318,140,2,38,138,132,105,75,4,128,206,250,213,65
2018,1,A,골목상권,1000390,갈현로1길,1402,605,797,3,194,258,383,341,223,1,52,120,155,136,141,2,142,138,228,205,82
2018,1,A,골목상권,1000389,가좌로7길,2020,1059,961,9,190,373,543,571,334,3,67,168,245,327,249,6,123,205,298,244,85
2018,1,A,골목상권,1000388,한글비석로44길,1311,580,731,2,118,175,301,397,318,0,39,90,123,159,169,2,79,85,178,238,149
2018,1,A,골목상권,1000387,한글비석로24길,2135,930,1205,6,178,343,524,641,443,1,55,169,227,256,222,5,123,174,297,385,221
2018,1,A,골목상권,1000386,한글비석로22길,2362,914,1448,10,197,360,600,732,463,3,56,156,235,259,205,7,141,204,365,473,258
2018,1,A,골목상권,1000385,석계로1길,2059,1101,958,7,247,301,489,618,397,4,88,148,247,341,273,3,159,153,242,277,124
2018,1,A,골목상권,1000384,상계로9가길,2963,1051,1912,7,321,483,738,893,521,2,87,215,263,277,207,5,234,268,475,616,314
2018,1,A,골목상권,1000383,상계로1길,2455,910,1545,20,444,466,605,615,305,6,128,211,219,203,143,14,316,255,386,412,162
2018,1,A,골목상권,1000382,상계로12길,2948,1048,1900,9,405,546,770,810,408,5,106,207,257,278,195,4,299,339,513,532,213
2018,1,A,골목상권,1000381,동일로242길,1903,1041,862,10,212,369,494,484,334,6,93,202,232,269,239,4,119,167,262,215,95
2018,1,A,골목상권,1000380,동일로192길,3997,2230,1767,13,360,587,881,1083,1073,4,159,313,451,612,691,9,201,274,430,471,382
2018,1,A,골목상권,1000379,동일로173가길,6291,3405,2886,35,652,969,1442,1778,1415,17,271,571,734,907,905,18,381,398,708,871,510
2018,1,A,골목상권,1000378,공릉로58길,4438,2225,2213,4,845,1191,1000,976,422,2,283,552,502,597,289,2,562,639,498,379,133
2018,1,A,골목상권,1000377,해등로16길,3343,1569,1774,11,432,734,892,826,448,4,127,362,420,385,271,7,305,372,472,441,177
2018,1,A,골목상권,1000376,우이천로4다길,826,372,454,2,83,145,245,223,128,2,28,56,110,100,76,0,55,89,135,123,52
2018,1,A,골목상권,1000375,우이천로32길,1516,611,905,1,277,299,399,370,170,1,50,131,144,175,110,0,227,168,255,195,60
2018,1,A,골목상권,1000374,시루봉로23길,1924,1106,818,9,169,394,543,496,313,6,63,176,301,331,229,3,106,218,242,165,84
2018,1,A,골목상권,1000373,삼양로144길,1369,497,872,4,226,245,358,371,165,1,34,100,147,140,75,3,192,145,211,231,90
2018,1,A,골목상권,1000372,방학로6가길,1975,850,1125,6,202,345,540,538,344,0,79,189,233,206,143,6,123,156,307,332,201
2018,1,A,골목상권,1000371,방학로5길,3890,1998,1892,12,437,647,896,988,910,3,130,326,419,511,609,9,307,321,477,477,301
2018,1,A,골목상권,1000370,방학로15길,1332,641,691,1,128,279,359,358,207,1,39,102,162,173,164,0,89,177,197,185,43
2018,1,A,골목상권,1000369,방학로10길,1658,632,1026,3,164,316,465,446,264,0,47,141,180,144,120,3,117,175,285,302,144
2018,1,A,골목상권,1000368,도봉산길,968,588,380,1,58,119,269,311,210,1,18,63,153,209,144,0,40,56,116,102,66
2018,1,A,골목상권,1000367,도봉산4길,1409,1076,333,0,53,131,378,543,304,0,29,98,289,439,221,0,24,33,89,104,83
2018,1,A,골목상권,1000366,도봉로181길,1263,740,523,1,93,163,328,423,255,1,24,76,171,279,189,0,69,87,157,144,66
2018,1,A,골목상권,1000365,도봉로169나길,1562,922,640,1,128,321,425,403,284,0,37,133,245,289,218,1,91,188,180,114,66
2018,1,A,골목상권,1000364,도봉로156길,1937,1095,842,10,187,418,550,476,296,7,75,190,305,304,214,3,112,228,245,172,82
2018,1,A,골목상권,1000363,도봉로152가길,2370,1395,975,7,259,516,653,540,395,4,117,245,382,357,290,3,142,271,271,183,105
2018,1,A,골목상권,1000362,도봉로147길,3936,2217,1719,23,560,903,1061,922,467,14,269,572,585,494,283,9,291,331,476,428,184
2018,1,A,골목상권,1000361,도봉로143길,2689,1511,1178,10,259,423,685,767,545,1,94,246,387,441,342,9,165,177,298,326,203
2018,1,A,골목상권,1000360,도봉로114길,2352,1049,1303,23,394,517,609,545,264,6,120,244,263,260,156,17,274,273,346,285,108
2018,1,A,골목상권,1000359,도봉로109길,2706,1305,1401,15,520,592,672,617,290,5,133,279,309,366,213,10,387,313,363,251,77
2018,1,A,골목상권,1000358,도당로29길,6772,3919,2853,26,658,1334,1520,1539,1695,21,309,692,769,917,1211,5,349,642,751,622,484
2018,1,A,골목상권,1000357,도당로19길,2414,1329,1085,16,374,545,651,566,262,14,174,325,321,315,180,2,200,220,330,251,82
2018,1,A,골목상권,1000356,도당로13바길,1331,500,831,1,138,276,384,371,161,0,46,128,134,118,74,1,92,148,250,253,87
2018,1,A,골목상권,1000355,도당로13가길,1124,463,661,1,128,206,328,293,168,0,48,106,131,98,80,1,80,100,197,195,88
2018,1,A,골목상권,1000354,덕릉로60길,1497,627,870,21,168,286,443,386,193,9,57,122,167,164,108,12,111,164,276,222,85
2018,1,A,골목상권,1000353,노해로63다길,1696,845,851,6,236,350,450,410,244,1,77,157,220,211,179,5,159,193,230,199,65
2018,1,A,골목상권,1000352,노해로60길,2519,1147,1372,22,421,575,639,591,271,6,138,277,285,283,158,16,283,298,354,308,113
2018,1,A,골목상권,1000351,한천로140길,2754,1323,1431,6,466,569,704,665,344,0,116,273,318,377,239,6,350,296,386,288,105
2018,1,A,골목상권,1000350,한천로139가길,6907,3333,3574,13,781,1378,1549,1580,1606,5,265,647,752,905,759,8,516,731,797,675,847
2018,1,A,골목상권,1000349,한천로132길,5261,2965,2296,15,579,1220,1288,1415,744,4,208,684,690,915,464,11,371,536,598,500,280
2018,1,A,골목상권,1000348,한천로130길,1911,935,976,6,178,344,523,532,328,1,51,154,213,287,229,5,127,190,310,245,99
2018,1,A,골목상권,1000347,한천로124나길,2991,2002,989,6,288,560,790,916,431,2,142,372,503,668,315,4,146,188,287,248,116
2018,1,A,골목상권,1000346,한천로109길,1629,788,841,4,216,291,425,402,291,2,73,124,205,201,183,2,143,167,220,201,108
2018,1,A,골목상권,1000345,인수봉로79길,1458,714,744,4,207,363,387,339,158,1,76,149,194,195,99,3,131,214,193,144,59
2018,1,A,골목상권,1000344,인수봉로72길,1518,697,821,4,152,269,406,437,250,1,54,132,201,175,134,3,98,137,205,262,116
2018,1,A,골목상권,1000343,인수봉로56길,1239,521,718,4,93,146,289,440,267,3,21,66,101,174,156,1,72,80,188,266,111
2018,1,A,골목상권,1000342,오패산로67길,7124,3804,3320,20,914,1565,1697,1764,1164,8,322,837,890,1074,673,12,592,728,807,690,491
2018,1,A,골목상권,1000341,오패산로52길,693,275,418,6,75,175,188,187,62,3,21,59,75,86,31,3,54,116,113,101,31
2018,1,A,골목상권,1000340,오패산로30길,991,394,597,4,125,217,321,215,109,2,39,80,121,93,59,2,86,137,200,122,50
2018,1,A,골목상권,1000339,수유로12길,2954,1351,1603,14,393,457,678,777,635,6,128,231,289,324,373,8,265,226,389,453,262
2018,1,A,골목상권,1000338,솔샘로65길,2197,988,1209,15,243,465,645,542,287,6,84,204,274,253,167,9,159,261,371,289,120
2018,1,A,골목상권,1000337,솔매로50길,2685,1168,1517,14,369,630,723,620,329,3,113,250,328,288,186,11,256,380,395,332,143
2018,1,A,골목상권,1000336,솔매로45길,2170,917,1253,9,338,435,526,483,379,1,96,162,244,199,215,8,242,273,282,284,164
2018,1,A,골목상권,1000335,솔매로41길,1807,775,1032,4,261,368,488,392,294,1,77,142,221,164,170,3,184,226,267,228,124
2018,1,A,골목상권,1000334,삼양로93길,2043,886,1157,4,197,304,463,674,401,3,55,150,191,264,223,1,142,154,272,410,178
2018,1,A,골목상권,1000333,삼양로77길,961,395,566,3,108,173,281,243,153,1,33,70,104,97,90,2,75,103,177,146,63
2018,1,A,골목상권,1000332,삼양로54길,1403,670,733,1,135,244,379,400,244,1,36,123,183,192,135,0,99,121,196,208,109
2018,1,A,골목상권,1000331,삼양로41길,2055,750,1305,6,278,399,582,512,278,3,51,145,197,211,143,3,227,254,385,301,135
2018,1,A,골목상권,1000330,삼양로27길,1295,482,813,3,156,260,421,308,147,3,44,105,147,113,70,0,112,155,274,195,77
2018,1,A,골목상권,1000329,삼양로24길,1632,721,911,6,197,337,494,385,213,5,67,149,202,170,128,1,130,188,292,215,85
2018,1,A,골목상권,1000328,삼양로20길,621,231,390,6,82,138,192,148,55,4,20,49,67,55,36,2,62,89,125,93,19
2018,1,A,골목상권,1000327,삼각산로28길,6823,3513,3310,17,769,1305,1561,1777,1394,9,253,617,754,1035,845,8,516,688,807,742,549
2018,1,A,골목상권,1000326,도봉로99길,2216,1008,1208,3,416,480,556,526,235,0,105,243,253,278,129,3,311,237,303,248,106
2018,1,A,골목상권,1000325,도봉로8길,1697,677,1020,14,325,452,420,301,185,6,113,175,173,113,97,8,212,277,247,188,88
2018,1,A,골목상권,1000324,도봉로76길,4243,2257,1986,16,593,886,1018,1026,704,4,216,512,557,545,423,12,377,374,461,481,281
2018,1,A,골목상권,1000323,도봉로67길,1414,581,833,8,179,217,350,364,296,1,39,73,145,139,184,7,140,144,205,225,112
2018,1,A,골목상권,1000322,도봉로45길,1976,871,1105,6,288,465,541,427,249,4,90,179,252,198,148,2,198,286,289,229,101
2018,1,A,골목상권,1000321,도봉로18길,1154,456,698,9,133,267,331,281,133,0,36,103,126,112,79,9,97,164,205,169,54
2018,1,A,골목상권,1000320,도봉로13길,1651,699,952,11,309,374,413,358,186,4,82,154,181,156,122,7,227,220,232,202,64
2018,1,A,골목상권,1000319,덕릉로41길,7122,4021,3101,17,801,1483,1713,1967,1141,6,283,789,942,1303,698,11,518,694,771,664,443
2018,1,A,골목상권,1000318,덕릉로40길,2283,1493,790,5,166,295,621,781,415,4,83,151,369,585,301,1,83,144,252,196,114
2018,1,A,골목상권,1000317,노해로33길,1498,562,936,3,243,270,374,413,195,1,36,114,149,180,82,2,207,156,225,233,113
2018,1,A,골목상권,1000316,노해로23길,2391,1010,1381,2,221,356,479,531,802,0,85,196,231,236,262,2,136,160,248,295,540
2018,1,A,골목상권,1000315,노해로17길,3533,1519,2014,2,419,597,750,753,1012,1,158,302,348,323,387,1,261,295,402,430,625
2018,1,A,골목상권,1000314,화랑로40길,3230,1992,1238,7,289,428,679,710,1117,4,97,228,389,412,862,3,192,200,290,298,255
2018,1,A,골목상권,1000313,화랑로32길,2061,1054,1007,14,290,465,525,395,372,2,89,267,272,187,237,12,201,198,253,208,135
2018,1,A,골목상권,1000312,화랑로1길,4721,2932,1789,19,640,944,1191,1024,903,7,297,603,754,637,634,12,343,341,437,387,269
2018,1,A,골목상권,1000311,화랑로19길,1830,944,886,0,203,433,540,407,247,0,82,199,284,203,176,0,121,234,256,204,71
2018,1,A,골목상권,1000310,화랑로14길,3334,1933,1401,5,674,920,791,627,317,2,334,581,429,386,201,3,340,339,362,241,116
2018,1,A,골목상권,1000309,화랑로13길,3794,2039,1755,4,849,992,866,725,358,1,352,596,481,403,206,3,497,396,385,322,152
2018,1,A,골목상권,1000308,한천로76길,2785,1639,1146,4,219,399,554,594,1015,2,67,173,299,345,753,2,152,226,255,249,262
2018,1,A,골목상권,1000307,한천로101가길,1115,502,613,11,148,224,299,282,151,7,47,96,135,131,86,4,101,128,164,151,65
2018,1,A,골목상권,1000306,창경궁로43길,4590,1923,2667,41,903,1198,1338,803,307,11,234,502,591,388,197,30,669,696,747,415,110
2018,1,A,골목상권,1000305,지봉로20길,5480,2953,2527,21,586,967,1132,1155,1619,5,203,529,569,585,1062,16,383,438,563,570,557
2018,1,A,골목상권,1000304,종암로5길,1703,899,804,6,229,506,424,380,158,1,87,267,219,223,102,5,142,239,205,157,56
2018,1,A,골목상권,1000303,종암로24가길,2062,880,1182,8,297,440,541,524,252,2,92,221,253,201,111,6,205,219,288,323,141
2018,1,A,골목상권,1000302,종암로21길,3398,1946,1452,8,373,586,836,788,807,2,157,356,463,422,546,6,216,230,373,366,261
2018,1,A,골목상권,1000301,종암로19길,1782,648,1134,11,296,351,456,443,225,2,81,156,173,142,94,9,215,195,283,301,131
2018,1,A,골목상권,1000300,종암로16길,1775,680,1095,12,271,411,472,433,176,3,75,162,180,167,93,9,196,249,292,266,83
2018,1,A,골목상권,1000299,정릉로8길,2404,1465,939,0,309,475,759,609,252,0,82,229,491,453,210,0,227,246,268,156,42
2018,1,A,골목상권,1000298,정릉로27길,2039,996,1043,3,206,351,567,579,333,0,62,141,237,330,226,3,144,210,330,249,107
2018,1,A,골목상권,1000297,정릉로26길,1367,586,781,3,189,359,374,289,153,1,64,147,147,125,102,2,125,212,227,164,51
2018,1,A,골목상권,1000296,장위로50길,1867,1079,788,4,206,282,428,542,405,3,75,172,239,315,275,1,131,110,189,227,130
2018,1,A,골목상권,1000295,장월로1길,3442,2015,1427,3,724,973,757,650,335,1,368,596,439,388,223,2,356,377,318,262,112
2018,1,A,골목상권,1000294,인촌로6길,5091,2785,2306,20,563,881,1031,1047,1549,5,199,489,521,541,1030,15,364,392,510,506,519
2018,1,A,골목상권,1000293,인촌로5길,3650,1980,1670,11,720,644,875,857,543,3,211,332,491,553,390,8,509,312,384,304,153
2018,1,A,골목상권,1000292,인촌로24길,2002,1125,877,10,329,525,525,367,246,2,159,316,299,193,156,8,170,209,226,174,90
2018,1,A,골목상권,1000291,개운사길,7558,3737,3821,9,1474,2418,1937,1298,422,3,380,1000,1153,883,318,6,1094,1418,784,415,104
2018,1,A,골목상권,1000290,인촌로1길,6707,3790,2917,22,787,1447,1640,1686,1125,7,292,719,963,1099,710,15,495,728,677,587,415
2018,1,A,골목상권,1000289,인촌로17가길,4098,1624,2474,5,1039,1328,1001,582,143,1,221,465,508,330,99,4,818,863,493,252,44
2018,1,A,골목상권,1000288,오패산로4길,5280,2975,2305,12,1104,1350,1278,1044,492,4,470,829,779,602,291,8,634,521,499,442,201
2018,1,A,골목상권,1000287,오패산로3길,2305,1148,1157,8,387,546,622,511,231,2,145,273,354,245,129,6,242,273,268,266,102
2018,1,A,골목상권,1000286,오패산로19길,2826,1306,1520,19,492,728,805,534,248,9,197,339,400,239,122,10,295,389,405,295,126
2018,1,A,골목상권,1000285,안암로5길,6460,3651,2809,27,758,1148,1425,1351,1751,7,289,651,796,753,1155,20,469,497,629,598,596
2018,1,A,골목상권,1000284,아리랑로4길,4851,2194,2657,37,740,866,998,956,1254,20,290,385,493,444,562,17,450,481,505,512,692
2018,1,A,골목상권,1000283,솔샘로6길,1195,667,528,0,136,192,298,345,224,0,44,102,153,217,151,0,92,90,145,128,73
2018,1,A,골목상권,1000282,성북로8길,3498,1646,1852,31,566,893,1026,703,279,9,203,427,486,350,171,22,363,466,540,353,108
2018,1,A,골목상권,1000281,삼양로8길,2145,838,1307,19,368,519,623,391,225,7,115,202,241,157,116,12,253,317,382,234,109
2018,1,A,골목상권,1000280,삼선교로16가길,1461,757,704,4,274,278,380,353,172,1,105,128,213,197,113,3,169,150,167,156,59
2018,1,A,골목상권,1000279,삼선교로10다길,2244,1092,1152,18,518,489,544,440,235,9,171,226,300,236,150,9,347,263,244,204,85
2018,1,A,골목상권,1000278,삼선교로10길,1416,676,740,4,184,311,385,321,211,1,55,167,184,147,122,3,129,144,201,174,89
2018,1,A,골목상권,1000277,보문로32길,6625,3775,2850,24,1074,1424,1634,1680,789,13,339,681,949,1228,565,11,735,743,685,452,224
2018,1,A,골목상권,1000276,보문로31길,6281,3166,3115,7,700,1334,1529,1815,896,4,242,597,810,1026,487,3,458,737,719,789,409
2018,1,A,골목상권,1000275,보문로26길,6275,2934,3341,16,1245,1651,1397,1105,861,3,307,680,784,613,547,13,938,971,613,492,314
2018,1,A,골목상권,1000274,보문로13길,5187,2792,2395,21,549,885,1046,1086,1600,5,192,493,522,538,1042,16,357,392,524,548,558
2018,1,A,골목상권,1000273,보국문로16길,2299,1290,1009,0,253,415,568,665,398,0,62,188,295,455,290,0,191,227,273,210,108
2018,1,A,골목상권,1000272,동소문로6길,2635,1257,1378,33,409,548,748,604,293,10,143,295,361,277,171,23,266,253,387,327,122
2018,1,A,골목상권,1000271,동소문로2길,2693,1339,1354,32,419,574,765,616,287,10,155,332,387,291,164,22,264,242,378,325,123
2018,1,A,골목상권,1000270,동소문로26가길,5616,2877,2739,36,1180,1069,1249,1258,824,20,394,518,664,747,534,16,786,551,585,511,290
2018,1,A,골목상권,1000269,동소문로15길,8717,4286,4431,34,1120,1635,1874,2238,1816,17,424,725,995,1236,889,17,696,910,879,1002,927
2018,1,A,골목상권,1000268,동소문로13길,9574,4730,4844,37,1261,1907,2105,2358,1906,18,461,897,1113,1286,955,19,800,1010,992,1072,951
2018,1,A,골목상권,1000267,돌곶이로8길,1563,836,727,8,196,401,368,379,211,0,63,215,205,229,124,8,133,186,163,150,87
2018,1,A,골목상권,1000266,돌곶이로41길,842,397,445,12,102,158,227,212,131,8,31,77,102,107,72,4,71,81,125,105,59
2018,1,A,골목상권,1000265,돌곶이로28길,3440,2106,1334,7,307,424,602,741,1359,5,100,230,326,417,1028,2,207,194,276,324,331
2018,1,A,골목상권,1000264,돌곶이로27길,1973,978,995,3,210,362,481,445,472,2,65,171,228,212,300,1,145,191,253,233,172
2018,1,A,골목상권,1000263,돌곶이로22길,3678,2202,1476,16,387,598,718,690,1269,4,128,356,395,361,958,12,259,242,323,329,311
2018,1,A,골목상권,1000262,돌곶이로14길,1402,728,674,10,179,380,345,311,177,0,60,216,194,173,85,10,119,164,151,138,92
2018,1,A,골목상권,1000261,길음로7길,1404,528,876,15,164,220,367,348,290,6,44,98,133,110,137,9,120,122,234,238,153
2018,1,A,골목상권,1000260,중랑천로10길,4566,3083,1483,24,545,1036,1312,1234,415,17,257,681,901,926,301,7,288,355,411,308,114
2018,1,A,골목상권,1000259,용마산로94길,1914,1124,790,1,210,245,423,586,449,1,78,110,238,365,332,0,132,135,185,221,117
2018,1,A,골목상권,1000258,용마산로118길,2731,1312,1419,2,379,520,666,723,441,1,104,226,283,377,321,1,275,294,383,346,120
2018,1,A,골목상권,1000257,용마산로112길,1597,748,849,2,215,323,438,386,233,1,78,154,198,178,139,1,137,169,240,208,94
2018,1,A,골목상권,1000256,용마산로100길,1403,710,693,2,112,221,360,402,306,1,31,95,166,208,209,1,81,126,194,194,97
2018,1,A,골목상권,1000255,신내로7가길,3233,1698,1535,11,387,498,796,987,554,7,119,224,379,583,386,4,268,274,417,404,168
2018,1,A,골목상권,1000254,사가정로54길,1473,688,785,1,219,294,380,357,222,0,49,108,169,195,167,1,170,186,211,162,55
2018,1,A,골목상권,1000253,사가정로42길,1846,947,899,4,236,425,495,417,269,2,72,195,251,233,194,2,164,230,244,184,75
2018,1,A,골목상권,1000252,봉화산로56길,2820,1288,1532,3,324,511,735,803,444,1,93,246,328,368,252,2,231,265,407,435,192
2018,1,A,골목상권,1000251,봉화산로4길,1882,941,941,3,169,344,524,476,366,3,59,160,257,219,243,0,110,184,267,257,123
2018,1,A,골목상권,1000250,봉화산로30길,4243,2304,1939,23,527,747,1094,1185,667,19,193,366,550,696,480,4,334,381,544,489,187
2018,1,A,골목상권,1000249,봉우재로33길,4818,2767,2051,16,690,1092,1296,1012,712,5,298,677,640,591,556,11,392,415,656,421,156
2018,1,A,골목상권,1000248,면목로78길,4030,2225,1805,14,535,918,1164,835,564,3,235,591,554,425,417,11,300,327,610,410,147
2018,1,A,골목상권,1000247,면목로56길,1933,1007,926,5,173,309,466,613,367,4,59,153,239,314,238,1,114,156,227,299,129
2018,1,A,골목상권,1000246,면목로55길,1883,849,1034,2,318,468,466,406,223,1,80,200,227,195,146,1,238,268,239,211,77
2018,1,A,골목상권,1000245,면목로49길,2282,923,1359,3,423,596,567,448,245,1,95,245,253,189,140,2,328,351,314,259,105
2018,1,A,골목상권,1000244,면목로48길,1671,822,849,5,191,313,416,489,257,4,51,124,195,261,187,1,140,189,221,228,70
2018,1,A,골목상권,1000243,면목로45길,2241,905,1336,3,411,581,552,443,251,1,92,235,244,193,140,2,319,346,308,250,111
2018,1,A,골목상권,1000242,면목로33길,1892,1118,774,3,205,327,519,628,210,1,63,159,304,444,147,2,142,168,215,184,63
2018,1,A,골목상권,1000241,면목로21길,1487,941,546,4,123,211,375,546,228,2,30,96,244,413,156,2,93,115,131,133,72
2018,1,A,골목상권,1000240,망우로73길,1531,843,688,1,178,296,398,403,255,1,71,147,187,247,190,0,107,149,211,156,65
2018,1,A,골목상권,1000239,망우로68길,3562,1721,1841,15,437,625,824,948,713,3,141,257,372,493,455,12,296,368,452,455,258
2018,1,A,골목상권,1000238,동일로163길,2433,1505,928,6,345,608,662,608,204,3,162,380,412,420,128,3,183,228,250,188,76
2018,1,A,골목상권,1000237,동일로157길,3910,2373,1537,8,455,887,967,890,703,4,206,545,583,548,487,4,249,342,384,342,216
2018,1,A,골목상권,1000236,동일로149길,2742,1764,978,4,321,645,645,573,554,2,174,411,409,374,394,2,147,234,236,199,160
2018,1,A,골목상권,1000235,동일로140길,3154,1592,1562,2,309,635,794,673,741,2,105,290,395,293,507,0,204,345,399,380,234
2018,1,A,골목상권,1000234,동일로139길,2308,1262,1046,4,187,387,518,509,703,3,73,198,281,220,487,1,114,189,237,289,216
2018,1,A,골목상권,1000233,동일로139가길,3652,2297,1355,5,404,798,870,821,754,4,206,488,568,505,526,1,198,310,302,316,228
2018,1,A,골목상권,1000232,동일로130길,2221,1072,1149,2,245,416,657,534,367,2,81,168,311,262,248,0,164,248,346,272,119
2018,1,A,골목상권,1000231,동일로123길,3116,1711,1405,7,322,536,814,791,646,6,109,256,455,454,431,1,213,280,359,337,215
2018,1,A,골목상권,1000230,동일로112길,6498,3610,2888,22,901,1454,1768,1427,926,7,359,855,912,838,639,15,542,599,856,589,287
2018,1,A,골목상권,1000229,동일로101길,1862,888,974,4,220,394,494,496,254,0,69,169,236,241,173,4,151,225,258,255,81
2018,1,A,골목상권,1000228,동일로100길,4101,2238,1863,13,583,1023,1252,808,422,1,270,666,625,405,271,12,313,357,627,403,151
2018,1,A,골목상권,1000227,답십리로75길,1856,1206,650,4,169,313,493,628,249,2,59,156,313,481,195,2,110,157,180,147,54
2018,1,A,골목상권,1000226,공릉로2길,1729,886,843,5,211,387,452,432,242,2,55,213,235,229,152,3,156,174,217,203,90
2018,1,A,골목상권,1000225,공릉로12가길,1873,838,1035,2,172,353,475,530,341,0,64,160,186,242,186,2,108,193,289,288,155
2018,1,A,골목상권,1000224,겸재로54길,2509,1279,1230,8,235,391,616,781,478,5,70,193,308,393,310,3,165,198,308,388,168
2018,1,A,골목상권,1000223,겸재로36길,2291,1105,1186,4,356,498,562,543,328,2,88,219,279,287,230,2,268,279,283,256,98
2018,1,A,골목상권,1000222,겸재로29길,3948,2244,1704,13,530,952,1209,806,438,2,248,634,616,441,303,11,282,318,593,365,135
2018,1,A,골목상권,1000221,휘경로3길,993,388,605,7,150,188,267,242,139,5,32,65,102,108,76,2,118,123,165,134,63
2018,1,A,골목상권,1000220,휘경로2길,716,290,426,6,110,141,178,164,117,4,28,61,79,64,54,2,82,80,99,100,63
2018,1,A,골목상권,1000219,휘경로23길,802,363,439,4,73,137,223,207,158,3,13,61,94,104,88,1,60,76,129,103,70
2018,1,A,골목상권,1000218,휘경로14길,2445,998,1447,9,492,547,545,539,313,5,113,233,245,231,171,4,379,314,300,308,142
2018,1,A,골목상권,1000217,한천로46길,3554,1998,1556,7,473,856,968,833,417,4,260,437,535,474,288,3,213,419,433,359,129
2018,1,A,골목상권,1000216,한천로40길,2583,1528,1055,0,369,517,652,693,352,0,237,326,366,382,217,0,132,191,286,311,135
2018,1,A,골목상권,1000215,한천로33길,2047,915,1132,2,260,388,531,520,346,1,109,201,208,213,183,1,151,187,323,307,163
2018,1,A,골목상권,1000214,한천로14길,8180,5086,3094,47,1132,1867,1966,1889,1279,11,591,1190,1292,1180,822,36,541,677,674,709,457
2018,1,A,골목상권,1000213,천호대로97길,6151,4117,2034,24,684,1398,1385,1241,1419,14,387,928,881,813,1094,10,297,470,504,428,325
2018,1,A,골목상권,1000212,천호대로77길,13073,8368,4705,97,2216,2932,2653,2676,2499,28,1088,1975,1799,1751,1727,69,1128,957,854,925,772
2018,1,A,골목상권,1000211,천호대로45길,5851,3675,2176,9,844,1458,1541,1414,585,4,508,907,922,936,398,5,336,551,619,478,187
2018,1,A,골목상권,1000210,천호대로17길,12553,8355,4198,43,1863,3069,2989,2923,1666,24,839,1923,2189,2139,1241,19,1024,1146,800,784,425
2018,1,A,골목상권,1000209,천호대로12길,15005,9134,5871,90,2018,3802,4525,2795,1775,54,1048,2541,2646,1699,1146,36,970,1261,1879,1096,629
2018,1,A,골목상권,1000208,천장산로7길,6731,3211,3520,2,1102,1917,1859,1390,461,0,290,761,939,848,373,2,812,1156,920,542,88
2018,1,A,골목상권,1000207,제기로5길,901,500,401,4,81,179,277,226,134,0,38,113,155,111,83,4,43,66,122,115,51
2018,1,A,골목상권,1000206,제기로21길,3177,1798,1379,5,524,939,729,683,297,4,199,521,444,438,192,1,325,418,285,245,105
2018,1,A,골목상권,1000205,전농로4길,10215,6512,3703,32,1853,2541,2270,2005,1514,22,960,1719,1500,1258,1053,10,893,822,770,747,461
2018,1,A,골목상권,1000204,전농로3길,2027,1049,978,7,257,383,553,455,372,6,99,192,300,221,231,1,158,191,253,234,141
2018,1,A,골목상권,1000203,전농로29길,5209,3242,1967,8,800,1406,1415,1114,466,2,479,833,924,701,303,6,321,573,491,413,163
2018,1,A,골목상권,1000202,장한로8길,8210,5414,2796,54,1051,1835,1931,1730,1609,17,536,1147,1285,1192,1237,37,515,688,646,538,372
2018,1,A,골목상권,1000201,장한로5길,11721,7444,4277,87,1706,2735,2557,2367,2269,23,884,1760,1708,1527,1542,64,822,975,849,840,727
2018,1,A,골목상권,1000200,장한로27길,4852,2205,2647,23,696,989,1256,1194,694,9,237,474,561,535,389,14,459,515,695,659,305
2018,1,A,골목상권,1000199,장한로27가길,4226,1912,2314,19,613,876,1090,1090,538,7,198,424,478,499,306,12,415,452,612,591,232
2018,1,A,골목상권,1000198,장한로26길,2178,1108,1070,15,332,455,556,491,329,5,114,227,281,258,223,10,218,228,275,233,106
2018,1,A,골목상권,1000197,장한로26가길,3279,1724,1555,14,475,728,868,784,410,2,185,389,491,383,274,12,290,339,377,401,136
2018,1,A,골목상권,1000196,장한로25길,3585,1706,1879,21,543,766,915,810,530,6,186,376,452,385,301,15,357,390,463,425,229
2018,1,A,골목상권,1000195,장한로14길,5694,3676,2018,41,903,1348,1408,1327,667,6,460,854,940,885,531,35,443,494,468,442,136
2018,1,A,골목상권,1000194,이문로42길,947,377,570,6,130,173,256,229,153,3,29,65,97,103,80,3,101,108,159,126,73
2018,1,A,골목상권,1000193,왕산로43길,5947,3912,2035,49,1071,1498,1512,1161,656,31,673,1070,1029,710,399,18,398,428,483,451,257
2018,1,A,골목상권,1000192,왕산로33길,3079,2035,1044,38,505,691,715,641,489,28,284,473,497,415,338,10,221,218,218,226,151
2018,1,A,골목상권,1000191,왕산로32길,6417,4013,2404,11,918,1563,1678,1554,693,5,543,978,1014,1014,459,6,375,585,664,540,234
2018,1,A,골목상권,1000190,약령시로17길,3420,2129,1291,38,511,729,831,762,549,28,290,475,535,450,351,10,221,254,296,312,198
2018,1,A,골목상권,1000189,서울시립대로4길,4471,3022,1449,6,740,1070,1246,884,525,2,506,771,830,539,374,4,234,299,416,345,151
2018,1,A,골목상권,1000188,서울시립대로29길,1695,830,865,10,245,399,451,391,199,4,94,194,242,187,109,6,151,205,209,204,90
2018,1,A,골목상권,1000187,서울시립대로16길,3573,2371,1202,7,624,993,1005,667,277,1,421,688,690,409,162,6,203,305,315,258,115
2018,1,A,골목상권,1000186,사가정로2길,3801,2124,1677,9,481,788,1029,780,714,7,243,448,517,418,491,2,238,340,512,362,223
2018,1,A,골목상권,1000185,사가정로23가길,3189,1795,1394,4,451,697,807,770,460,2,254,382,438,424,295,2,197,315,369,346,165
2018,1,A,골목상권,1000184,사가정로13길,2714,1328,1386,4,334,716,716,667,277,1,99,269,376,391,192,3,235,447,340,276,85
2018,1,A,골목상권,1000183,무학로45길,4207,2451,1756,16,730,1099,1086,756,520,6,313,604,678,490,360,10,417,495,408,266,160
2018,1,A,골목상권,1000182,무학로16길,12908,8868,4040,53,1830,3135,3243,3141,1506,28,897,2114,2502,2268,1059,25,933,1021,741,873,447
2018,1,A,골목상권,1000181,망우로21길,4172,1659,2513,36,1057,1082,885,712,400,8,271,481,390,279,230,28,786,601,495,433,170
2018,1,A,골목상권,1000180,망우로18길,2921,1200,1721,35,768,810,575,451,282,7,218,382,263,158,172,28,550,428,312,293,110
2018,1,A,골목상권,1000179,망우로18가길,2981,1197,1784,35,781,834,596,463,272,7,218,384,263,156,169,28,563,450,333,307,103
2018,1,A,골목상권,1000178,답십리로72길,3058,1657,1401,9,420,637,795,775,422,1,154,339,447,402,314,8,266,298,348,373,108
2018,1,A,골목상권,1000177,답십리로69길,4148,2300,1848,13,622,865,1029,1046,573,7,304,456,551,581,401,6,318,409,478,465,172
2018,1,A,골목상권,1000176,답십리로68길,3769,1952,1817,22,538,837,1000,893,479,7,223,446,555,437,284,15,315,391,445,456,195
2018,1,A,골목상권,1000175,답십리로64길,4098,2160,1938,18,525,841,1064,985,665,7,215,443,588,513,394,11,310,398,476,472,271
2018,1,A,골목상권,1000174,답십리로63길,2594,1194,1400,7,306,475,651,723,432,4,110,254,283,322,221,3,196,221,368,401,211
2018,1,A,골목상권,1000173,답십리로60길,3332,1906,1426,8,412,705,857,777,573,5,187,423,510,433,348,3,225,282,347,344,225
2018,1,A,골목상권,1000172,답십리로56길,3143,1677,1466,7,400,609,824,715,588,4,158,332,450,367,366,3,242,277,374,348,222
2018,1,A,골목상권,1000171,답십리로23길,2897,2056,841,3,531,779,821,542,221,0,391,592,595,357,121,3,140,187,226,185,100
2018,1,A,골목상권,1000170,난계로30길,16041,8395,7646,132,1814,3253,4327,3665,2850,63,797,1937,2122,1789,1687,69,1017,1316,2205,1876,1163
2018,1,A,골목상권,1000169,경희대로4길,6526,2962,3564,10,1178,1909,1713,1241,475,3,325,813,832,651,338,7,853,1096,881,590,137
2018,1,A,골목상권,1000168,경희대로3길,7091,3366,3725,17,1385,2150,1786,1287,466,8,403,963,915,736,341,9,982,1187,871,551,125
2018,1,A,골목상권,1000167,천호대로129길,2981,1455,1526,45,452,667,792,650,375,18,170,299,411,319,238,27,282,368,381,331,137
2018,1,A,골목상권,1000166,천호대로123길,4069,2069,2000,14,538,968,1097,934,518,6,185,462,550,490,376,8,353,506,547,444,142
2018,1,A,골목상권,1000165,천호대로109길,5382,3073,2309,23,876,1346,1424,1126,587,6,388,810,824,638,407,17,488,536,600,488,180
2018,1,A,골목상권,1000164,자양번영로3길,1974,1031,943,6,197,363,563,568,277,6,76,156,287,312,194,0,121,207,276,256,83
2018,1,A,골목상권,1000163,자양로53길,2137,1018,1119,8,239,414,612,567,297,4,83,192,288,261,190,4,156,222,324,306,107
2018,1,A,골목상권,1000162,자양로50길,2640,1262,1378,44,401,597,681,606,311,18,165,257,352,284,186,26,236,340,329,322,125
2018,1,A,골목상권,1000161,자양로45길,3531,1738,1793,40,482,745,950,854,460,14,180,352,480,421,291,26,302,393,470,433,169
2018,1,A,골목상권,1000160,자양로26길,16309,12289,4020,29,879,2516,5063,6391,1431,17,488,1824,3949,4969,1042,12,391,692,1114,1422,389
2018,1,A,골목상권,1000159,자양로15길,6293,3983,2310,37,812,1195,1797,1710,742,16,305,708,1276,1149,529,21,507,487,521,561,213
2018,1,A,골목상권,1000158,자양로11길,5958,3681,2277,29,724,1175,1726,1628,676,16,268,693,1212,1056,436,13,456,482,514,572,240
2018,1,A,골목상권,1000157,용마산로3길,4105,2173,1932,6,558,964,1063,965,549,2,231,527,525,488,400,4,327,437,538,477,149
2018,1,A,골목상권,1000156,용마산로21길,3109,1545,1564,6,332,638,783,895,455,1,100,296,358,486,304,5,232,342,425,409,151
2018,1,A,골목상권,1000155,아차산로78길,4656,2646,2010,18,730,1290,1156,927,535,13,228,711,751,553,390,5,502,579,405,374,145
2018,1,A,골목상권,1000154,아차산로65길,4598,2505,2093,24,642,977,979,933,1043,16,297,582,562,482,566,8,345,395,417,451,477
2018,1,A,골목상권,1000153,아차산로55길,8467,4963,3504,28,583,1580,2690,2764,822,19,303,955,1698,1494,494,9,280,625,992,1270,328
2018,1,A,골목상권,1000152,아차산로51길,16658,13146,3512,28,925,2576,5228,6451,1450,17,460,1776,4280,5447,1166,11,465,800,948,1004,284
2018,1,A,골목상권,1000151,아차산로40길,5088,2877,2211,20,785,1177,1301,1189,616,14,281,598,755,771,458,6,504,579,546,418,158
2018,1,A,골목상권,1000150,면목로17길,2202,1314,888,12,299,455,498,549,389,5,123,246,287,368,285,7,176,209,211,181,104
2018,1,A,골목상권,1000149,뚝섬로64길,5906,3972,1934,22,541,1132,1785,1682,744,14,314,731,1278,1107,528,8,227,401,507,575,216
2018,1,A,골목상권,1000148,뚝섬로58길,4182,2745,1437,5,292,694,1289,1358,544,4,148,429,942,877,345,1,144,265,347,481,199
2018,1,A,골목상권,1000147,뚝섬로54길,1400,674,726,1,98,277,375,357,292,0,29,116,167,184,178,1,69,161,208,173,114
2018,1,A,골목상권,1000146,뚝섬로48길,2293,1247,1046,9,305,429,581,582,387,7,108,216,320,340,256,2,197,213,261,242,131
2018,1,A,골목상권,1000145,뚝섬로24길,1882,1262,620,9,226,409,434,390,414,4,123,288,263,239,345,5,103,121,171,151,69
2018,1,A,골목상권,1000144,뚝섬로23길,4169,2226,1943,26,720,935,972,833,683,12,330,562,499,400,423,14,390,373,473,433,260
2018,1,A,골목상권,1000143,동일로24길,5710,3566,2144,31,929,1375,1469,1195,711,16,455,929,962,729,475,15,474,446,507,466,236
2018,1,A,골목상권,1000142,동일로18길,8134,5206,2928,56,1264,1972,2179,1778,885,40,628,1329,1427,1139,643,16,636,643,752,639,242
2018,1,A,골목상권,1000141,능동로4길,1713,759,954,10,181,252,357,417,496,4,64,105,149,154,283,6,117,147,208,263,213
2018,1,A,골목상권,1000140,능동로3길,1957,855,1102,11,223,292,403,489,539,4,76,126,154,186,309,7,147,166,249,303,230
2018,1,A,골목상권,1000139,능동로34길,6367,3294,3073,13,916,1659,1643,1406,730,4,360,853,844,707,526,9,556,806,799,699,204
2018,1,A,골목상권,1000138,능동로19길,3426,1650,1776,13,738,896,854,655,270,3,302,406,423,326,190,10,436,490,431,329,80
2018,1,A,골목상권,1000137,능동로13길,6636,3273,3363,34,1491,1980,1476,1066,589,15,490,966,844,554,404,19,1001,1014,632,512,185
2018,1,A,골목상권,1000136,긴고랑로9길,2965,1443,1522,21,479,610,755,713,387,3,174,308,334,387,237,18,305,302,421,326,150
2018,1,A,골목상권,1000135,긴고랑로8길,6720,3893,2827,57,1207,1448,1442,1410,1156,23,621,955,770,657,867,34,586,493,672,753,289
2018,1,A,골목상권,1000134,긴고랑로7길,3935,2291,1644,30,584,765,857,827,872,9,228,402,414,501,737,21,356,363,443,326,135
2018,1,A,골목상권,1000133,긴고랑로20길,3305,1608,1697,14,540,725,841,793,392,2,209,373,379,402,243,12,331,352,462,391,149
2018,1,A,골목상권,1000132,광나루로52길,10779,6145,4634,34,981,2045,3059,3183,1477,20,506,1246,1886,1681,806,14,475,799,1173,1502,671
2018,1,A,골목상권,1000131,광나루로40길,2371,1442,929,6,260,462,608,656,379,3,98,246,379,437,279,3,162,216,229,219,100
2018,1,A,골목상권,1000130,광나루로37길,3033,1664,1369,6,341,666,788,800,432,1,112,302,435,489,325,5,229,364,353,311,107
2018,1,A,골목상권,1000129,광나루로36길,4466,2719,1747,13,545,1141,1153,1082,532,8,241,666,718,701,385,5,304,475,435,381,147
2018,1,A,골목상권,1000128,광나루로24길,3085,1463,1622,10,685,813,775,575,227,2,274,355,367,299,166,8,411,458,408,276,61
2018,1,A,골목상권,1000127,광나루로12길,2564,1322,1242,8,435,608,635,510,368,7,201,350,325,222,217,1,234,258,310,288,151
2018,1,A,골목상권,1000126,한림말길,1731,762,969,12,430,385,398,324,182,2,130,166,182,160,122,10,300,219,216,164,60
2018,1,A,골목상권,1000125,한림말3길,1399,612,787,4,218,298,403,303,173,0,78,125,167,127,115,4,140,173,236,176,58
2018,1,A,골목상권,1000124,청계천로10나길,12062,7986,4076,36,1328,2569,3071,3371,1687,20,707,1708,2210,2227,1114,16,621,861,861,1144,573
2018,1,A,골목상권,1000123,장터길,1336,538,798,4,215,296,333,296,192,0,66,123,132,115,102,4,149,173,201,181,90
2018,1,A,골목상권,1000122,용답중앙길,3286,1909,1377,5,456,727,846,665,587,4,254,432,415,373,431,1,202,295,431,292,156
2018,1,A,골목상권,1000121,용답29길,11081,7086,3995,39,2059,2778,2652,2078,1475,26,1097,1853,1762,1301,1047,13,962,925,890,777,428
2018,1,A,골목상권,1000120,왕십리로6길,16333,9391,6942,47,2767,4199,4339,3376,1605,24,1571,2814,2250,1577,1155,23,1196,1385,2089,1799,450
2018,1,A,골목상권,1000119,왕십리로31길,4061,2269,1792,17,833,982,1036,784,409,4,248,573,696,489,259,13,585,409,340,295,150
2018,1,A,골목상권,1000118,왕십리로26길,10809,6085,4724,48,1740,2491,2788,2523,1219,22,633,1364,1713,1619,734,26,1107,1127,1075,904,485
2018,1,A,골목상권,1000117,왕십리로21길,3415,1883,1532,16,400,730,878,916,475,8,123,333,489,558,372,8,277,397,389,358,103
2018,1,A,골목상권,1000116,왕십리로14길,17457,10221,7236,44,2811,4249,4618,3765,1970,18,1575,2859,2509,1829,1431,26,1236,1390,2109,1936,539
2018,1,A,골목상권,1000115,아차산로5길,25285,14399,10886,118,4375,6756,6750,4740,2546,63,2221,4190,3706,2453,1766,55,2154,2566,3044,2287,780
2018,1,A,골목상권,1000114,아차산로15길,22979,14974,8005,143,4189,6168,5857,4349,2273,104,2197,4255,3931,2771,1716,39,1992,1913,1926,1578,557
2018,1,A,골목상권,1000113,아차산로11길,23568,15334,8234,144,4318,6333,6035,4316,2422,93,2196,4274,4067,2851,1853,51,2122,2059,1968,1465,569
2018,1,A,골목상권,1000112,송정4가길,11531,7237,4294,67,1999,3124,2967,2224,1150,48,993,1991,1910,1426,869,19,1006,1133,1057,798,281
2018,1,A,골목상권,1000111,송정12라길,2171,1148,1023,1,419,552,522,393,284,0,206,306,253,197,186,1,213,246,269,196,98
2018,1,A,골목상권,1000110,성수일로6길,32983,19114,13869,157,6316,9004,8371,5840,3295,76,3207,5808,4764,3022,2237,81,3109,3196,3607,2818,1058
2018,1,A,골목상권,1000109,성수이로7길,49358,22826,26532,384,8347,12183,15231,11172,2041,236,4933,8581,5489,2236,1351,148,3414,3602,9742,8936,690
2018,1,A,골목상권,1000108,성수이로18길,18392,12117,6275,121,3224,4876,4653,3500,2018,85,1675,3404,3169,2291,1493,36,1549,1472,1484,1209,525
2018,1,A,골목상권,1000107,성덕정길,36276,14902,21374,193,5450,8471,12163,9293,706,127,3510,6143,3485,1150,487,66,1940,2328,8678,8143,219
2018,1,A,골목상권,1000106,성덕정17길,8559,5456,3103,166,1579,2265,2183,1508,858,84,743,1435,1465,1072,657,82,836,830,718,436,201
2018,1,A,골목상권,1000105,서울숲2길,4864,3159,1705,25,712,1191,1220,1054,662,14,330,750,789,735,541,11,382,441,431,319,121
2018,1,A,골목상권,1000104,상원길,18500,10602,7898,71,3139,4838,4988,3712,1752,43,1735,3204,2703,1748,1169,28,1404,1634,2285,1964,583
2018,1,A,골목상권,1000103,상원12길,8359,5393,2966,39,1177,1980,2215,1881,1067,23,572,1265,1482,1227,824,16,605,715,733,654,243
2018,1,A,골목상권,1000102,사근동길,6822,3397,3425,3,1378,1597,1962,1399,483,1,357,788,1008,858,385,2,1021,809,954,541,98
2018,1,A,골목상권,1000101,무학봉길,937,370,567,8,121,213,244,209,142,2,26,63,105,93,81,6,95,150,139,116,61
2018,1,A,골목상권,1000100,무학봉28길,4512,2341,2171,33,1009,1046,1106,844,474,12,282,592,695,485,275,21,727,454,411,359,199
2018,1,A,골목상권,1000099,무학로6길,10419,5957,4462,43,1718,2396,2679,2441,1142,21,638,1357,1667,1582,692,22,1080,1039,1012,859,450
2018,1,A,골목상권,1000098,무수막길,1001,398,603,1,161,233,253,233,120,0,43,86,91,100,78,1,118,147,162,133,42
2018,1,A,골목상권,1000097,매봉길,2010,896,1114,6,326,492,525,427,234,0,110,210,234,193,149,6,216,282,291,234,85
2018,1,A,골목상권,1000096,마조로1길,8404,4445,3959,11,1674,1918,2342,1793,666,5,482,1002,1296,1140,520,6,1192,916,1046,653,146
2018,1,A,골목상권,1000095,마조로16길,3497,2153,1344,7,390,725,961,978,436,6,212,440,583,580,332,1,178,285,378,398,104
2018,1,A,골목상권,1000094,마장로39길,2999,1976,1023,7,336,588,814,865,389,6,198,385,527,553,307,1,138,203,287,312,82
2018,1,A,골목상권,1000093,마장로27길,10848,6614,4234,35,1364,2658,2881,2608,1302,17,700,1604,1827,1672,794,18,664,1054,1054,936,508
2018,1,A,골목상권,1000092,뚝섬로5길,45320,19631,25689,245,7107,11017,14708,10922,1321,154,4441,7798,4684,1691,863,91,2666,3219,10024,9231,458
2018,1,A,골목상권,1000091,둘레9길,37981,15730,22251,213,5925,8961,12696,9418,768,137,3706,6393,3815,1177,502,76,2219,2568,8881,8241,266
2018,1,A,골목상권,1000090,금호산길,1161,496,665,1,183,253,291,274,159,0,42,104,109,134,107,1,141,149,182,140,52
2018,1,A,골목상권,1000089,금호산2길,1117,563,554,2,132,236,302,267,178,0,46,122,163,130,102,2,86,114,139,137,76
2018,1,A,골목상권,1000088,고산자로6길,18452,7761,10691,52,2647,3921,5540,5129,1163,31,971,2173,2134,1537,915,21,1676,1748,3406,3592,248
2018,1,A,골목상권,1000087,후암로28길,7486,4103,3383,28,962,1743,1945,1944,864,2,505,1206,1294,748,348,26,457,537,651,1196,516
2018,1,A,골목상권,1000086,효창원로39길,1296,658,638,0,156,317,403,263,157,0,52,169,223,126,88,0,104,148,180,137,69
2018,1,A,골목상권,1000085,회나무로13길,5270,3371,1899,41,1283,1661,1295,713,277,8,654,1110,924,474,201,33,629,551,371,239,76
2018,1,A,골목상권,1000084,한남대로20길,6600,3398,3202,51,1637,1908,1469,913,622,25,549,992,835,547,450,26,1088,916,634,366,172
2018,1,A,골목상권,1000083,한강대로88길,19334,9624,9710,762,5276,5819,4566,2286,625,300,2316,3212,2365,989,442,462,2960,2607,2201,1297,183
2018,1,A,골목상권,1000082,한강대로7길,21507,13490,8017,218,8167,5918,4064,1907,1233,64,3818,3896,3422,1482,808,154,4349,2022,642,425,425
2018,1,A,골목상권,1000081,한강대로62길,16011,10459,5552,20,2198,4200,4904,3487,1202,2,991,2629,3617,2428,792,18,1207,1571,1287,1059,410
2018,1,A,골목상권,1000080,한강대로52길,16374,10680,5694,24,2253,4284,5002,3557,1254,3,1008,2681,3673,2484,831,21,1245,1603,1329,1073,423
2018,1,A,골목상권,1000079,한강대로43길,28695,17978,10717,246,8826,9066,6165,3018,1374,80,3994,6064,4785,2150,905,166,4832,3002,1380,868,469
2018,1,A,골목상권,1000078,한강대로15길,23468,14551,8917,222,8456,6369,4520,2366,1535,66,3959,4111,3618,1714,1083,156,4497,2258,902,652,452
2018,1,A,골목상권,1000077,한강대로104길,44961,27475,17486,395,10848,14098,11287,5732,2601,42,3014,9389,8488,4546,1996,353,7834,4709,2799,1186,605
2018,1,A,골목상권,1000076,청파로73길,7367,4495,2872,19,1011,1754,1539,1491,1553,12,413,1004,975,820,1271,7,598,750,564,671,282
2018,1,A,골목상권,1000075,청파로71길,8631,4556,4075,29,1548,2164,2008,1602,1280,11,474,1012,1123,907,1029,18,1074,1152,885,695,251
2018,1,A,골목상권,1000074,청파로47나길,8772,4560,4212,33,1622,2168,2014,1639,1296,11,516,1030,1138,868,997,22,1106,1138,876,771,299
2018,1,A,골목상권,1000073,청파로47길,18783,8438,10345,739,5128,5329,4434,2458,695,297,2050,2589,2035,999,468,442,3078,2740,2399,1459,227
2018,1,A,골목상권,1000072,장문로45길,959,509,450,2,104,180,229,249,195,0,29,80,117,149,134,2,75,100,112,100,61
2018,1,A,골목상권,1000071,이태원로54길,13753,7120,6633,124,3580,5396,2729,1229,695,48,1352,3068,1633,578,441,76,2228,2328,1096,651,254
2018,1,A,골목상권,1000070,이태원로27길,6899,3660,3239,66,1934,2025,1291,1033,550,25,855,1095,677,666,342,41,1079,930,614,367,208
2018,1,A,골목상권,1000069,이촌로22길,8721,4777,3944,171,4629,1725,1263,583,350,50,1940,1070,1065,477,175,121,2689,655,198,106,175
2018,1,A,골목상권,1000068,원효로89길,24959,10687,14272,791,7133,7982,5665,2584,804,329,2911,3633,2336,992,486,462,4222,4349,3329,1592,318
2018,1,A,골목상권,1000067,원효로53길,7279,4915,2364,57,961,2389,2114,1075,683,39,570,1712,1460,702,432,18,391,677,654,373,251
2018,1,A,골목상권,1000066,원효로41길,15943,10147,5796,247,5824,4181,3357,1668,666,100,2675,2923,2662,1347,440,147,3149,1258,695,321,226
2018,1,A,골목상권,1000065,원효로19길,18882,12000,6882,254,6097,4805,3878,2238,1610,105,2805,3359,3010,1676,1045,149,3292,1446,868,562,565
2018,1,A,골목상권,1000064,우사단로4길,4051,2301,1750,10,618,1387,1010,588,438,6,219,753,659,383,281,4,399,634,351,205,157
2018,1,A,골목상권,1000063,우사단로14길,5853,2847,3006,42,1319,1873,1373,822,424,13,503,1014,742,349,226,29,816,859,631,473,198
2018,1,A,골목상권,1000062,우사단로10길,7583,3704,3879,60,1853,2420,1663,926,661,23,564,1198,950,536,433,37,1289,1222,713,390,228
2018,1,A,골목상권,1000061,신흥로20길,6418,3363,3055,28,837,1481,1583,1720,769,2,446,1020,1016,608,271,26,391,461,567,1112,498
2018,1,A,골목상권,1000060,소월로20길,5413,2909,2504,29,795,1401,1423,1218,547,2,440,971,928,427,141,27,355,430,495,791,406
2018,1,A,골목상권,1000059,서빙고로71길,3317,2111,1206,20,544,924,939,517,373,4,256,584,600,355,312,16,288,340,339,162,61
2018,1,A,골목상권,1000058,백범로90길,21205,11465,9740,153,4810,6913,5216,2739,1374,75,2111,3750,2993,1658,878,78,2699,3163,2223,1081,496
2018,1,A,골목상권,1000057,백범로79길,5878,3637,2241,18,775,1585,1602,1183,715,11,375,1039,1076,710,426,7,400,546,526,473,289
2018,1,A,골목상권,1000056,두텁바위로1길,24404,12073,12331,767,5621,6610,5846,3939,1621,302,2483,3716,3170,1570,832,465,3138,2894,2676,2369,789
2018,1,A,골목상권,1000055,대사관로34길,5508,2917,2591,44,1292,1522,1208,817,625,22,450,824,693,489,439,22,842,698,515,328,186
2018,1,A,골목상권,1000054,녹사평대로46길,3787,2581,1206,29,825,1289,948,486,210,1,464,940,696,313,167,28,361,349,252,173,43
2018,1,A,골목상권,1000053,녹사평대로40나길,6077,3780,2297,39,1251,1872,1435,1043,437,7,652,1191,913,717,300,32,599,681,522,326,137
2018,1,A,골목상권,1000052,녹사평대로32길,4392,2403,1989,31,928,1149,953,880,451,13,440,604,474,576,296,18,488,545,479,304,155
2018,1,A,골목상권,1000051,녹사평대로26길,4841,2586,2255,32,951,1251,1138,989,480,10,402,636,557,648,333,22,549,615,581,341,147
2018,1,A,골목상권,1000050,녹사평대로11길,2772,1754,1018,17,442,747,768,454,344,4,211,451,482,311,295,13,231,296,286,143,49
2018,1,A,골목상권,1000049,퇴계로90길,4646,2638,2008,11,757,1173,1129,998,578,4,339,642,719,563,371,7,418,531,410,435,207
2018,1,A,골목상권,1000048,퇴계로8길,74820,45721,29099,380,13596,27280,20804,10403,2357,119,5218,15865,14577,8182,1760,261,8378,11415,6227,2221,597
2018,1,A,골목상권,1000047,퇴계로56길,41283,21109,20174,1181,12384,11823,8893,5204,1798,449,5302,6987,5201,2179,991,732,7082,4836,3692,3025,807
2018,1,A,골목상권,1000046,퇴계로46길,41647,21663,19984,1200,11414,11719,9379,6003,1932,488,5109,6789,5353,2733,1191,712,6305,4930,4026,3270,741
2018,1,A,골목상권,1000045,퇴계로18길,34573,15407,19166,115,6803,12517,9049,4972,1117,15,1674,5122,4478,3445,673,100,5129,7395,4571,1527,444
2018,1,A,골목상권,1000044,퇴계로12길,37438,17204,20234,236,7981,13243,9518,5394,1066,95,2206,5731,4933,3575,664,141,5775,7512,4585,1819,402
2018,1,A,골목상권,1000043,청구로1길,2477,1085,1392,13,483,621,607,526,227,5,108,271,298,270,133,8,375,350,309,256,94
2018,1,A,골목상권,1000042,청구로17길,12959,6137,6822,112,4195,3746,2505,1625,776,52,1422,1887,1438,864,474,60,2773,1859,1067,761,302
2018,1,A,골목상권,1000041,장충단로8길,11452,5854,5598,91,2927,3240,2501,1679,1014,27,877,1714,1542,1027,667,64,2050,1526,959,652,347
2018,1,A,골목상권,1000040,삼일대로4길,79878,44180,35698,299,13319,27181,22730,12536,3813,94,5374,14645,13264,8211,2592,205,7945,12536,9466,4325,1221
2018,1,A,골목상권,1000039,명동길,128910,71469,57441,763,23750,44365,36105,18701,5226,195,8562,22777,22795,13466,3674,568,15188,21588,13310,5235,1552
2018,1,A,골목상권,1000038,동호로8길,7336,3437,3899,65,2067,1871,1519,1095,719,30,725,981,766,499,436,35,1342,890,753,596,283
2018,1,A,골목상권,1000037,동호로20길,16917,8217,8700,166,5373,4702,3272,2192,1212,67,1751,2441,1974,1251,733,99,3622,2261,1298,941,479
2018,1,A,골목상권,1000036,동호로15길,14057,6689,7368,108,4348,4014,2798,1812,977,51,1491,2001,1547,983,616,57,2857,2013,1251,829,361
2018,1,A,골목상권,1000035,동호로11길,4119,1830,2289,27,765,1091,1051,722,463,8,236,520,474,334,258,19,529,571,577,388,205
2018,1,A,골목상권,1000034,동호로10길,12284,5895,6389,97,3918,3549,2414,1551,755,47,1301,1821,1393,855,478,50,2617,1728,1021,696,277
2018,1,A,골목상권,1000033,다산로39길,8324,4440,3884,65,2039,2188,1804,1465,763,23,870,1261,1009,807,470,42,1169,927,795,658,293
2018,1,A,골목상권,1000032,다산로38길,6986,3584,3402,55,1699,1659,1577,1334,662,17,659,870,883,739,416,38,1040,789,694,595,246
2018,1,A,골목상권,1000031,다산로36길,3006,1448,1558,18,755,796,683,519,235,7,254,393,370,272,152,11,501,403,313,247,83
2018,1,A,골목상권,1000030,다산로33길,9897,5196,4701,78,2312,2566,2165,1762,1014,31,905,1448,1232,978,602,47,1407,1118,933,784,412
2018,1,A,골목상권,1000029,난계로21길,3235,1990,1245,7,576,802,804,661,385,0,281,527,528,392,262,7,295,275,276,269,123
2018,1,A,골목상권,1000028,난계로11길,4762,2939,1823,12,718,1176,1212,1085,559,4,340,721,824,669,381,8,378,455,388,416,178
2018,1,A,골목상권,1000027,필운대로1길,4213,2026,2187,18,605,919,952,921,798,10,271,453,496,383,413,8,334,466,456,538,385
2018,1,A,골목상권,1000026,평창길,736,328,408,3,97,135,157,186,158,1,33,64,89,64,77,2,64,71,68,122,81
2018,1,A,골목상권,1000025,통일로12길,1165,574,591,6,156,318,290,272,123,1,48,169,133,128,95,5,108,149,157,144,28
2018,1,A,골목상권,1000024,창신길,1876,864,1012,5,262,441,438,478,252,3,72,192,220,240,137,2,190,249,218,238,115
2018,1,A,골목상권,1000023,창신5길,3237,1529,1708,16,485,811,761,693,471,6,152,372,375,345,279,10,333,439,386,348,192
2018,1,A,골목상권,1000022,창신2길,5870,3546,2324,14,867,1516,1547,1242,684,6,445,949,937,759,450,8,422,567,610,483,234
2018,1,A,골목상권,1000021,창경궁로35길,3211,1270,1941,21,642,872,923,504,249,8,139,311,371,257,184,13,503,561,552,247,65
2018,1,A,골목상권,1000020,지봉로8길,3171,1334,1837,22,470,759,847,653,420,7,134,310,321,301,261,15,336,449,526,352,159
2018,1,A,골목상권,1000019,종로65길,9413,4617,4796,68,1010,1588,1883,2321,2543,15,321,799,910,1038,1534,53,689,789,973,1283,1009
2018,1,A,골목상권,1000018,종로58가길,6769,3686,3083,27,1485,2129,1646,967,515,9,775,1134,896,524,348,18,710,995,750,443,167
2018,1,A,골목상권,1000017,종로24길,12045,7018,5027,48,1461,2587,2801,2928,2220,18,588,1510,1682,1702,1518,30,873,1077,1119,1226,702
2018,1,A,골목상권,1000016,자하문로7길,6466,4024,2442,4,1438,2094,1601,951,378,0,847,1325,1034,581,237,4,591,769,567,370,141
2018,1,A,골목상권,1000015,이화장길,9834,6194,3640,47,1696,3163,2723,1612,593,19,724,1880,2002,1151,418,28,972,1283,721,461,175
2018,1,A,골목상권,1000014,율곡로16길,17661,12328,5333,67,2594,6096,5214,2635,1055,23,1126,4165,4183,2059,772,44,1468,1931,1031,576,283
2018,1,A,골목상권,1000013,율곡로10길,21634,10121,11513,48,4700,7534,5171,2989,1192,17,1332,3257,2914,1711,890,31,3368,4277,2257,1278,302
2018,1,A,골목상권,1000012,옥인길,1524,749,775,0,258,430,393,298,145,0,111,195,204,148,91,0,147,235,189,150,54
2018,1,A,골목상권,1000011,숭인동길,8579,4373,4206,60,901,1339,1607,2154,2518,12,287,735,894,955,1490,48,614,604,713,1199,1028
2018,1,A,골목상권,1000010,성균관로5길,20424,9373,11051,36,4174,7034,4991,3155,1034,10,1086,2769,2723,1958,827,26,3088,4265,2268,1197,207
2018,1,A,골목상권,1000009,삼청로5길,4831,3256,1575,3,945,1476,1321,881,205,1,573,1018,952,606,106,2,372,458,369,275,99
2018,1,A,골목상권,1000008,북촌로5나길,5487,3651,1836,12,1004,1667,1490,999,315,4,600,1106,1062,689,190,8,404,561,428,310,125
2018,1,A,골목상권,1000007,북촌로5길,18900,13704,5196,39,3131,6647,5312,2884,887,24,1786,4841,4194,2212,647,15,1345,1806,1118,672,240
2018,1,A,골목상권,1000006,북촌로11길,18050,12623,5427,48,2851,6331,5031,2784,1005,27,1421,4432,3904,2106,733,21,1430,1899,1127,678,272
2018,1,A,골목상권,1000005,백석동길,1700,975,725,1,362,515,428,254,140,0,120,289,305,167,94,1,242,226,123,87,46
2018,1,A,골목상권,1000004,명륜길,18061,8076,9985,22,3925,6386,4315,2684,729,4,1000,2500,2349,1620,603,18,2925,3886,1966,1064,126
2018,1,A,골목상권,1000003,돈화문로11가길,53622,32169,21453,194,10009,18690,13768,7755,3206,79,3671,10855,9810,5511,2243,115,6338,7835,3958,2244,963
2018,1,A,골목상권,1000002,난계로27길,9688,5184,4504,111,1145,1504,1864,2434,2630,53,474,881,1081,1185,1510,58,671,623,783,1249,1120
2018,1,A,골목상권,1000001,계동길,31089,17997,13092,44,5669,11370,8201,4562,1243,17,2043,6276,5549,3151,961,27,3626,5094,2652,1411,282
